objId,type,node_name,fanin_count,fanin0_name,fanin1_name,fanout,arrival,required,slack,level,area,gate_name,criticality,opt_potential,fanin0_objId,fanin1_objId
33,NODE,n33,1,pi10,,148,1.000000,2.000000,1.000000,1,1.00,INV_X1,0.965517,1.000000,11,-1
34,NODE,n34,1,pi05,,149,1.000000,1.000000,0.000000,1,1.00,INV_X1,1.000000,0.000000,6,-1
35,NODE,n35,1,pi08,,195,1.000000,1.000000,0.000000,1,1.00,INV_X1,1.000000,0.000000,9,-1
36,NODE,n36,1,pi11,,128,1.000000,1.000000,0.000000,1,1.00,INV_X1,1.000000,0.000000,12,-1
37,NODE,n37,2,n35,n36,2,2.000000,9.000000,7.000000,2,1.00,AND2_X1,0.758621,7.000000,35,36
38,NODE,n38,2,n34,n37,1,3.000000,15.000000,12.000000,3,1.00,AND2_X1,0.586207,12.000000,34,37
39,NODE,n39,1,pi12,,125,1.000000,2.000000,1.000000,1,1.00,INV_X1,0.965517,1.000000,13,-1
40,NODE,n40,1,pi13,,121,1.000000,1.000000,0.000000,1,1.00,INV_X1,1.000000,0.000000,14,-1
41,NODE,n41,2,n40,pi14,4,2.000000,2.000000,0.000000,2,1.00,AND2_X1,1.000000,0.000000,40,15
42,NODE,n42,2,n39,n41,15,3.000000,3.000000,0.000000,3,1.00,AND2_X1,1.000000,0.000000,39,41
43,NODE,n43,2,n38,n42,1,4.000000,16.000000,12.000000,4,1.00,NAND2_X1,0.586207,12.000000,38,42
44,NODE,n44,1,pi14,,96,1.000000,1.000000,0.000000,1,1.00,INV_X1,1.000000,0.000000,15,-1
45,NODE,n45,2,pi12,pi13,6,1.000000,2.000000,1.000000,1,1.00,AND2_X1,0.965517,1.000000,13,14
46,NODE,n46,2,n44,n45,7,2.000000,3.000000,1.000000,2,1.00,AND2_X1,0.965517,1.000000,44,45
47,NODE,n47,2,pi08,pi11,1,1.000000,14.000000,13.000000,1,1.00,AND2_X1,0.551724,13.000000,9,12
48,NODE,n48,2,pi05,n47,1,2.000000,15.000000,13.000000,2,1.00,AND2_X1,0.551724,13.000000,6,47
49,NODE,n49,2,n46,n48,1,3.000000,16.000000,13.000000,3,1.00,NAND2_X1,0.551724,13.000000,46,48
50,NODE,n50,2,n43,n49,1,5.000000,17.000000,12.000000,5,1.00,NAND2_X1,0.586207,12.000000,43,49
51,NODE,n51,2,pi04,n50,1,6.000000,18.000000,12.000000,6,1.00,NAND2_X1,0.586207,12.000000,5,50
52,NODE,n52,2,n36,n39,7,2.000000,9.000000,7.000000,2,1.00,AND2_X1,0.758621,7.000000,36,39
53,NODE,n53,2,n35,n52,2,3.000000,11.000000,8.000000,3,1.00,AND2_X1,0.724138,8.000000,35,52
54,NODE,n54,1,pi04,,154,1.000000,1.000000,0.000000,1,1.00,INV_X1,1.000000,0.000000,5,-1
55,NODE,n55,2,n54,n41,2,3.000000,13.000000,10.000000,3,1.00,AND2_X1,0.655172,10.000000,54,41
56,NODE,n56,2,n53,n55,1,4.000000,18.000000,14.000000,4,1.00,NAND2_X1,0.517241,14.000000,53,55
57,NODE,n57,2,n51,n56,1,7.000000,19.000000,12.000000,7,1.00,NAND2_X1,0.586207,12.000000,51,56
58,NODE,n58,2,n33,n57,1,8.000000,20.000000,12.000000,8,1.00,AND2_X1,0.586207,12.000000,33,57
59,NODE,n59,2,pi09,n58,1,9.000000,21.000000,12.000000,9,1.00,AND2_X1,0.586207,12.000000,10,58
60,NODE,n60,2,pi07,n59,1,10.000000,22.000000,12.000000,10,1.00,NAND2_X1,0.586207,12.000000,8,59
61,NODE,n61,1,pi07,,181,1.000000,1.000000,0.000000,1,1.00,INV_X1,1.000000,0.000000,8,-1
62,NODE,n62,1,pi09,,160,1.000000,1.000000,0.000000,1,1.00,INV_X1,1.000000,0.000000,10,-1
63,NODE,n63,2,pi08,n62,3,2.000000,6.000000,4.000000,2,1.00,NAND2_X1,0.862069,4.000000,9,62
64,NODE,n64,1,n63,,12,3.000000,7.000000,4.000000,3,1.00,INV_X1,0.862069,4.000000,63,-1
65,NODE,n65,2,n61,n64,4,4.000000,11.000000,7.000000,4,1.00,AND2_X1,0.758621,7.000000,61,64
66,NODE,n66,2,pi10,pi11,8,1.000000,1.000000,0.000000,1,1.00,AND2_X1,1.000000,0.000000,11,12
67,NODE,n67,2,pi12,n66,5,2.000000,2.000000,0.000000,2,1.00,AND2_X1,1.000000,0.000000,13,66
68,NODE,n68,2,pi13,n44,4,2.000000,2.000000,0.000000,2,1.00,AND2_X1,1.000000,0.000000,14,44
69,NODE,n69,2,n67,n68,4,3.000000,4.000000,1.000000,3,1.00,NAND2_X1,0.965517,1.000000,67,68
70,NODE,n70,1,n69,,22,4.000000,5.000000,1.000000,4,1.00,INV_X1,0.965517,1.000000,69,-1
71,NODE,n71,2,n34,n70,2,5.000000,7.000000,2.000000,5,1.00,NAND2_X1,0.931035,2.000000,34,70
72,NODE,n72,1,n71,,2,6.000000,16.000000,10.000000,6,1.00,INV_X1,0.655172,10.000000,71,-1
73,NODE,n73,2,n65,n72,2,7.000000,19.000000,12.000000,7,1.00,NAND2_X1,0.586207,12.000000,65,72
74,NODE,n74,1,n73,,1,8.000000,21.000000,13.000000,8,1.00,INV_X1,0.551724,13.000000,73,-1
75,NODE,n75,2,pi04,n74,1,9.000000,22.000000,13.000000,9,1.00,NAND2_X1,0.551724,13.000000,5,74
76,NODE,n76,2,n60,n75,1,11.000000,23.000000,12.000000,11,1.00,NAND2_X1,0.586207,12.000000,60,75
77,NODE,n77,2,pi00,n76,1,12.000000,24.000000,12.000000,12,1.00,NAND2_X1,0.586207,12.000000,1,76
78,NODE,n78,1,pi00,,216,1.000000,3.000000,2.000000,1,1.00,INV_X1,0.931035,2.000000,1,-1
79,NODE,n79,2,n78,pi04,2,2.000000,5.000000,3.000000,2,1.00,NAND2_X1,0.896552,3.000000,78,5
80,NODE,n80,1,n79,,4,3.000000,6.000000,3.000000,3,1.00,INV_X1,0.896552,3.000000,79,-1
81,NODE,n81,2,n61,pi08,2,2.000000,4.000000,2.000000,2,1.00,NAND2_X1,0.931035,2.000000,61,9
82,NODE,n82,1,n81,,24,3.000000,5.000000,2.000000,3,1.00,INV_X1,0.931035,2.000000,81,-1
83,NODE,n83,2,n34,n82,3,4.000000,12.000000,8.000000,4,1.00,AND2_X1,0.724138,8.000000,34,82
84,NODE,n84,2,n80,n83,1,5.000000,23.000000,18.000000,5,1.00,AND2_X1,0.379310,18.000000,80,83
85,NODE,n85,2,n62,n70,3,5.000000,13.000000,8.000000,5,1.00,NAND2_X1,0.724138,8.000000,62,70
86,NODE,n86,1,n85,,1,6.000000,23.000000,17.000000,6,1.00,INV_X1,0.413793,17.000000,85,-1
87,NODE,n87,2,n84,n86,1,7.000000,24.000000,17.000000,7,1.00,NAND2_X1,0.413793,17.000000,84,86
88,NODE,n88,2,n77,n87,1,13.000000,25.000000,12.000000,13,1.00,NAND2_X1,0.586207,12.000000,77,87
89,NODE,n89,2,pi03,n88,1,14.000000,26.000000,12.000000,14,1.00,NAND2_X1,0.586207,12.000000,4,88
90,NODE,n90,1,pi03,,198,1.000000,1.000000,0.000000,1,1.00,INV_X1,1.000000,0.000000,4,-1
91,NODE,n91,2,n33,n36,21,2.000000,3.000000,1.000000,2,1.00,AND2_X1,0.965517,1.000000,33,36
92,NODE,n92,2,pi09,n91,3,3.000000,11.000000,8.000000,3,1.00,AND2_X1,0.724138,8.000000,10,91
93,NODE,n93,2,n42,n92,2,4.000000,12.000000,8.000000,4,1.00,NAND2_X1,0.724138,8.000000,42,92
94,NODE,n94,1,n93,,4,5.000000,13.000000,8.000000,5,1.00,INV_X1,0.724138,8.000000,93,-1
95,NODE,n95,2,n35,n94,2,6.000000,17.000000,11.000000,6,1.00,AND2_X1,0.620690,11.000000,35,94
96,NODE,n96,2,pi07,n95,1,7.000000,24.000000,17.000000,7,1.00,AND2_X1,0.413793,17.000000,8,95
97,NODE,n97,2,n90,n96,1,8.000000,25.000000,17.000000,8,1.00,AND2_X1,0.413793,17.000000,90,96
98,NODE,n98,2,pi00,n97,1,9.000000,26.000000,17.000000,9,1.00,NAND2_X1,0.413793,17.000000,1,97
99,NODE,n99,2,n89,n98,1,15.000000,27.000000,12.000000,15,1.00,AND2_X1,0.586207,12.000000,89,98
100,NODE,n100,2,n78,pi09,2,2.000000,15.000000,13.000000,2,1.00,NAND2_X1,0.551724,13.000000,78,10
101,NODE,n101,2,pi00,pi03,11,1.000000,5.000000,4.000000,1,1.00,AND2_X1,0.862069,4.000000,1,4
102,NODE,n102,2,pi04,n62,2,2.000000,8.000000,6.000000,2,1.00,NAND2_X1,0.793103,6.000000,5,62
103,NODE,n103,1,n102,,1,3.000000,14.000000,11.000000,3,1.00,INV_X1,0.620690,11.000000,102,-1
104,NODE,n104,2,n101,n103,1,4.000000,15.000000,11.000000,4,1.00,NAND2_X1,0.620690,11.000000,101,103
105,NODE,n105,2,n100,n104,1,5.000000,16.000000,11.000000,5,1.00,NAND2_X1,0.620690,11.000000,100,104
106,NODE,n106,2,pi14,n105,1,6.000000,17.000000,11.000000,6,1.00,AND2_X1,0.620690,11.000000,15,105
107,NODE,n107,2,n40,n106,1,7.000000,18.000000,11.000000,7,1.00,AND2_X1,0.620690,11.000000,40,106
108,NODE,n108,2,n39,n107,1,8.000000,19.000000,11.000000,8,1.00,AND2_X1,0.620690,11.000000,39,107
109,NODE,n109,2,n36,n108,1,9.000000,20.000000,11.000000,9,1.00,AND2_X1,0.620690,11.000000,36,108
110,NODE,n110,2,n33,n109,1,10.000000,21.000000,11.000000,10,1.00,NAND2_X1,0.620690,11.000000,33,109
111,NODE,n111,2,pi09,pi10,8,1.000000,2.000000,1.000000,1,1.00,AND2_X1,0.965517,1.000000,10,11
112,NODE,n112,2,pi11,pi12,8,1.000000,2.000000,1.000000,1,1.00,AND2_X1,0.965517,1.000000,12,13
113,NODE,n113,2,n68,n112,13,3.000000,3.000000,0.000000,3,1.00,AND2_X1,1.000000,0.000000,68,112
114,NODE,n114,2,n111,n113,12,4.000000,5.000000,1.000000,4,1.00,AND2_X1,0.965517,1.000000,111,113
115,NODE,n115,2,n54,n34,2,2.000000,2.000000,0.000000,2,1.00,NAND2_X1,1.000000,0.000000,54,34
116,NODE,n116,1,n115,,29,3.000000,3.000000,0.000000,3,1.00,INV_X1,1.000000,0.000000,115,-1
117,NODE,n117,2,n78,pi03,2,2.000000,6.000000,4.000000,2,1.00,NAND2_X1,0.862069,4.000000,78,4
118,NODE,n118,1,n117,,12,3.000000,7.000000,4.000000,3,1.00,INV_X1,0.862069,4.000000,117,-1
119,NODE,n119,2,n116,n118,1,4.000000,20.000000,16.000000,4,1.00,AND2_X1,0.448276,16.000000,116,118
120,NODE,n120,2,n114,n119,1,5.000000,21.000000,16.000000,5,1.00,NAND2_X1,0.448276,16.000000,114,119
121,NODE,n121,2,n110,n120,1,11.000000,22.000000,11.000000,11,1.00,NAND2_X1,0.620690,11.000000,110,120
122,NODE,n122,2,n35,n121,1,12.000000,23.000000,11.000000,12,1.00,AND2_X1,0.620690,11.000000,35,121
123,NODE,n123,2,n61,n122,1,13.000000,24.000000,11.000000,13,1.00,NAND2_X1,0.620690,11.000000,61,122
124,NODE,n124,2,pi03,pi04,8,1.000000,3.000000,2.000000,1,1.00,NAND2_X1,0.931035,2.000000,4,5
125,NODE,n125,1,n124,,14,2.000000,5.000000,3.000000,2,1.00,INV_X1,0.896552,3.000000,124,-1
126,NODE,n126,2,pi07,pi08,2,1.000000,1.000000,0.000000,1,1.00,NAND2_X1,1.000000,0.000000,8,9
127,NODE,n127,1,n126,,20,2.000000,2.000000,0.000000,2,1.00,INV_X1,1.000000,0.000000,126,-1
128,NODE,n128,2,pi05,n127,2,3.000000,19.000000,16.000000,3,1.00,AND2_X1,0.448276,16.000000,6,127
129,NODE,n129,2,n33,pi11,2,2.000000,5.000000,3.000000,2,1.00,NAND2_X1,0.896552,3.000000,33,12
130,NODE,n130,1,n129,,5,3.000000,9.000000,6.000000,3,1.00,INV_X1,0.793103,6.000000,129,-1
131,NODE,n131,2,pi09,n130,2,4.000000,20.000000,16.000000,4,1.00,AND2_X1,0.448276,16.000000,10,130
132,NODE,n132,2,n128,n131,1,5.000000,21.000000,16.000000,5,1.00,AND2_X1,0.448276,16.000000,128,131
133,NODE,n133,2,n78,n132,1,6.000000,22.000000,16.000000,6,1.00,AND2_X1,0.448276,16.000000,78,132
134,NODE,n134,2,n125,n133,1,7.000000,23.000000,16.000000,7,1.00,AND2_X1,0.448276,16.000000,125,133
135,NODE,n135,2,n46,n134,1,8.000000,24.000000,16.000000,8,1.00,NAND2_X1,0.448276,16.000000,46,134
136,NODE,n136,2,n123,n135,1,14.000000,25.000000,11.000000,14,1.00,NAND2_X1,0.620690,11.000000,123,135
137,NODE,n137,2,pi01,n136,1,15.000000,26.000000,11.000000,15,1.00,NAND2_X1,0.620690,11.000000,2,136
138,NODE,n138,1,pi01,,183,1.000000,1.000000,0.000000,1,1.00,INV_X1,1.000000,0.000000,2,-1
139,NODE,n139,2,n78,pi05,3,2.000000,7.000000,5.000000,2,1.00,NAND2_X1,0.827586,5.000000,78,6
140,NODE,n140,2,n78,n139,1,3.000000,15.000000,12.000000,3,1.00,NAND2_X1,0.586207,12.000000,78,139
141,NODE,n141,2,pi14,n140,1,4.000000,16.000000,12.000000,4,1.00,AND2_X1,0.586207,12.000000,15,140
142,NODE,n142,2,n40,n141,1,5.000000,17.000000,12.000000,5,1.00,AND2_X1,0.586207,12.000000,40,141
143,NODE,n143,2,n39,n142,1,6.000000,18.000000,12.000000,6,1.00,AND2_X1,0.586207,12.000000,39,142
144,NODE,n144,2,n36,n143,1,7.000000,19.000000,12.000000,7,1.00,AND2_X1,0.586207,12.000000,36,143
145,NODE,n145,2,n33,n144,1,8.000000,20.000000,12.000000,8,1.00,AND2_X1,0.586207,12.000000,33,144
146,NODE,n146,2,n62,n145,1,9.000000,21.000000,12.000000,9,1.00,AND2_X1,0.586207,12.000000,62,145
147,NODE,n147,2,n35,n146,1,10.000000,22.000000,12.000000,10,1.00,AND2_X1,0.586207,12.000000,35,146
148,NODE,n148,2,n61,n147,1,11.000000,23.000000,12.000000,11,1.00,AND2_X1,0.586207,12.000000,61,147
149,NODE,n149,2,n54,n148,1,12.000000,24.000000,12.000000,12,1.00,AND2_X1,0.586207,12.000000,54,148
150,NODE,n150,2,n90,n149,1,13.000000,25.000000,12.000000,13,1.00,AND2_X1,0.586207,12.000000,90,149
151,NODE,n151,2,n138,n150,1,14.000000,26.000000,12.000000,14,1.00,NAND2_X1,0.586207,12.000000,138,150
152,NODE,n152,2,n137,n151,1,16.000000,27.000000,11.000000,16,1.00,AND2_X1,0.620690,11.000000,137,151
153,NODE,n153,2,n99,n152,1,17.000000,28.000000,11.000000,17,1.00,AND2_X1,0.620690,11.000000,99,152
154,NODE,n154,1,pi02,,201,1.000000,1.000000,0.000000,1,1.00,INV_X1,1.000000,0.000000,3,-1
155,NODE,n155,2,n90,pi04,2,2.000000,2.000000,0.000000,2,1.00,NAND2_X1,1.000000,0.000000,90,5
156,NODE,n156,1,n155,,24,3.000000,3.000000,0.000000,3,1.00,INV_X1,1.000000,0.000000,155,-1
157,NODE,n157,2,n154,n156,2,4.000000,4.000000,0.000000,4,1.00,NAND2_X1,1.000000,0.000000,154,156
158,NODE,n158,2,pi03,n54,2,2.000000,2.000000,0.000000,2,1.00,NAND2_X1,1.000000,0.000000,4,54
159,NODE,n159,1,n158,,25,3.000000,3.000000,0.000000,3,1.00,INV_X1,1.000000,0.000000,158,-1
160,NODE,n160,2,pi02,n159,2,4.000000,4.000000,0.000000,4,1.00,NAND2_X1,1.000000,0.000000,3,159
161,NODE,n161,2,n157,n160,6,5.000000,5.000000,0.000000,5,1.00,NAND2_X1,1.000000,0.000000,157,160
162,NODE,n162,2,pi01,n161,1,6.000000,13.000000,7.000000,6,1.00,NAND2_X1,0.758621,7.000000,2,161
163,NODE,n163,2,n138,n156,3,4.000000,9.000000,5.000000,4,1.00,AND2_X1,0.827586,5.000000,138,156
164,NODE,n164,2,n154,n163,2,5.000000,13.000000,8.000000,5,1.00,NAND2_X1,0.724138,8.000000,154,163
165,NODE,n165,2,n162,n164,1,7.000000,14.000000,7.000000,7,1.00,NAND2_X1,0.758621,7.000000,162,164
166,NODE,n166,2,n35,n165,1,8.000000,15.000000,7.000000,8,1.00,NAND2_X1,0.758621,7.000000,35,165
167,NODE,n167,2,pi02,pi08,2,1.000000,4.000000,3.000000,1,1.00,AND2_X1,0.896552,3.000000,3,9
168,NODE,n168,2,n138,n167,1,2.000000,15.000000,13.000000,2,1.00,NAND2_X1,0.551724,13.000000,138,167
169,NODE,n169,2,n166,n168,1,9.000000,16.000000,7.000000,9,1.00,NAND2_X1,0.758621,7.000000,166,168
170,NODE,n170,2,pi14,n169,1,10.000000,17.000000,7.000000,10,1.00,AND2_X1,0.758621,7.000000,15,169
171,NODE,n171,2,n40,n170,1,11.000000,18.000000,7.000000,11,1.00,AND2_X1,0.758621,7.000000,40,170
172,NODE,n172,2,n39,n171,1,12.000000,19.000000,7.000000,12,1.00,AND2_X1,0.758621,7.000000,39,171
173,NODE,n173,2,n36,n172,1,13.000000,20.000000,7.000000,13,1.00,AND2_X1,0.758621,7.000000,36,172
174,NODE,n174,2,n62,n173,1,14.000000,21.000000,7.000000,14,1.00,NAND2_X1,0.758621,7.000000,62,173
175,NODE,n175,2,pi05,n125,5,3.000000,7.000000,4.000000,3,1.00,AND2_X1,0.862069,4.000000,6,125
176,NODE,n176,2,n138,pi02,3,2.000000,2.000000,0.000000,2,1.00,NAND2_X1,1.000000,0.000000,138,3
177,NODE,n177,1,n176,,20,3.000000,3.000000,0.000000,3,1.00,INV_X1,1.000000,0.000000,176,-1
178,NODE,n178,2,pi09,pi11,5,1.000000,2.000000,1.000000,1,1.00,AND2_X1,0.965517,1.000000,10,12
179,NODE,n179,2,pi08,n178,2,2.000000,3.000000,1.000000,2,1.00,AND2_X1,0.965517,1.000000,9,178
180,NODE,n180,2,n46,n179,2,3.000000,4.000000,1.000000,3,1.00,NAND2_X1,0.965517,1.000000,46,179
181,NODE,n181,1,n180,,3,4.000000,13.000000,9.000000,4,1.00,INV_X1,0.689655,9.000000,180,-1
182,NODE,n182,2,n177,n181,1,5.000000,20.000000,15.000000,5,1.00,AND2_X1,0.482759,15.000000,177,181
183,NODE,n183,2,n175,n182,1,6.000000,21.000000,15.000000,6,1.00,NAND2_X1,0.482759,15.000000,175,182
184,NODE,n184,2,n174,n183,1,15.000000,22.000000,7.000000,15,1.00,NAND2_X1,0.758621,7.000000,174,183
185,NODE,n185,2,n33,n184,1,16.000000,23.000000,7.000000,16,1.00,NAND2_X1,0.758621,7.000000,33,184
186,NODE,n186,2,n138,n90,4,2.000000,4.000000,2.000000,2,1.00,NAND2_X1,0.931035,2.000000,138,90
187,NODE,n187,2,pi05,n186,1,3.000000,9.000000,6.000000,3,1.00,AND2_X1,0.793103,6.000000,6,186
188,NODE,n188,2,pi04,n187,1,4.000000,10.000000,6.000000,4,1.00,NAND2_X1,0.793103,6.000000,5,187
189,NODE,n189,1,n186,,12,3.000000,8.000000,5.000000,3,1.00,INV_X1,0.827586,5.000000,186,-1
190,NODE,n190,2,n116,n189,2,4.000000,10.000000,6.000000,4,1.00,NAND2_X1,0.793103,6.000000,116,189
191,NODE,n191,2,n188,n190,2,5.000000,11.000000,6.000000,5,1.00,NAND2_X1,0.793103,6.000000,188,190
192,NODE,n192,2,pi02,n191,1,6.000000,15.000000,9.000000,6,1.00,NAND2_X1,0.689655,9.000000,3,191
193,NODE,n193,2,n154,n116,2,4.000000,4.000000,0.000000,4,1.00,NAND2_X1,1.000000,0.000000,154,116
194,NODE,n194,1,n193,,2,5.000000,11.000000,6.000000,5,1.00,INV_X1,0.793103,6.000000,193,-1
195,NODE,n195,2,pi01,n194,1,6.000000,15.000000,9.000000,6,1.00,NAND2_X1,0.689655,9.000000,2,194
196,NODE,n196,2,n192,n195,1,7.000000,16.000000,9.000000,7,1.00,NAND2_X1,0.689655,9.000000,192,195
197,NODE,n197,2,n44,n196,1,8.000000,17.000000,9.000000,8,1.00,AND2_X1,0.689655,9.000000,44,196
198,NODE,n198,2,pi13,n197,1,9.000000,18.000000,9.000000,9,1.00,AND2_X1,0.689655,9.000000,14,197
199,NODE,n199,2,pi12,n198,1,10.000000,19.000000,9.000000,10,1.00,AND2_X1,0.689655,9.000000,13,198
200,NODE,n200,2,pi11,n199,1,11.000000,20.000000,9.000000,11,1.00,AND2_X1,0.689655,9.000000,12,199
201,NODE,n201,2,pi10,n200,1,12.000000,21.000000,9.000000,12,1.00,AND2_X1,0.689655,9.000000,11,200
202,NODE,n202,2,pi09,n201,1,13.000000,22.000000,9.000000,13,1.00,AND2_X1,0.689655,9.000000,10,201
203,NODE,n203,2,pi08,n202,1,14.000000,23.000000,9.000000,14,1.00,NAND2_X1,0.689655,9.000000,9,202
204,NODE,n204,2,n185,n203,1,17.000000,24.000000,7.000000,17,1.00,NAND2_X1,0.758621,7.000000,185,203
205,NODE,n205,2,pi07,n204,1,18.000000,25.000000,7.000000,18,1.00,NAND2_X1,0.758621,7.000000,8,204
206,NODE,n206,2,n54,n114,2,5.000000,10.000000,5.000000,5,1.00,NAND2_X1,0.827586,5.000000,54,114
207,NODE,n207,2,n62,n91,7,3.000000,4.000000,1.000000,3,1.00,AND2_X1,0.965517,1.000000,62,91
208,NODE,n208,2,n42,n207,3,4.000000,5.000000,1.000000,4,1.00,NAND2_X1,0.965517,1.000000,42,207
209,NODE,n209,1,n208,,18,5.000000,6.000000,1.000000,5,1.00,INV_X1,0.965517,1.000000,208,-1
210,NODE,n210,2,pi04,n209,2,6.000000,10.000000,4.000000,6,1.00,NAND2_X1,0.862069,4.000000,5,209
211,NODE,n211,2,n206,n210,3,7.000000,11.000000,4.000000,7,1.00,NAND2_X1,0.862069,4.000000,206,210
212,NODE,n212,2,n35,n211,1,8.000000,17.000000,9.000000,8,1.00,AND2_X1,0.689655,9.000000,35,211
213,NODE,n213,2,n34,n212,1,9.000000,18.000000,9.000000,9,1.00,AND2_X1,0.689655,9.000000,34,212
214,NODE,n214,2,pi03,n213,1,10.000000,19.000000,9.000000,10,1.00,AND2_X1,0.689655,9.000000,4,213
215,NODE,n215,2,pi02,n214,1,11.000000,20.000000,9.000000,11,1.00,NAND2_X1,0.689655,9.000000,3,214
216,NODE,n216,2,pi08,n209,2,6.000000,18.000000,12.000000,6,1.00,AND2_X1,0.586207,12.000000,9,209
217,NODE,n217,2,pi03,n216,1,7.000000,19.000000,12.000000,7,1.00,AND2_X1,0.586207,12.000000,4,216
218,NODE,n218,2,n154,n217,1,8.000000,20.000000,12.000000,8,1.00,NAND2_X1,0.586207,12.000000,154,217
219,NODE,n219,2,n215,n218,1,12.000000,21.000000,9.000000,12,1.00,AND2_X1,0.689655,9.000000,215,218
220,NODE,n220,2,pi05,pi09,4,1.000000,4.000000,3.000000,1,1.00,AND2_X1,0.896552,3.000000,6,10
221,NODE,n221,2,n35,n70,3,5.000000,6.000000,1.000000,5,1.00,NAND2_X1,0.965517,1.000000,35,70
222,NODE,n222,1,n221,,1,6.000000,19.000000,13.000000,6,1.00,INV_X1,0.551724,13.000000,221,-1
223,NODE,n223,2,pi02,n90,2,2.000000,4.000000,2.000000,2,1.00,NAND2_X1,0.931035,2.000000,3,90
224,NODE,n224,1,n223,,19,3.000000,5.000000,2.000000,3,1.00,INV_X1,0.931035,2.000000,223,-1
225,NODE,n225,2,n222,n224,1,7.000000,20.000000,13.000000,7,1.00,AND2_X1,0.551724,13.000000,222,224
226,NODE,n226,2,n220,n225,1,8.000000,21.000000,13.000000,8,1.00,NAND2_X1,0.551724,13.000000,220,225
227,NODE,n227,2,n219,n226,1,13.000000,22.000000,9.000000,13,1.00,NAND2_X1,0.689655,9.000000,219,226
228,NODE,n228,2,n138,n227,1,14.000000,23.000000,9.000000,14,1.00,NAND2_X1,0.689655,9.000000,138,227
229,NODE,n229,2,n154,n125,3,3.000000,6.000000,3.000000,3,1.00,NAND2_X1,0.896552,3.000000,154,125
230,NODE,n230,2,n90,n54,5,2.000000,3.000000,1.000000,2,1.00,NAND2_X1,0.965517,1.000000,90,54
231,NODE,n231,1,n230,,26,3.000000,4.000000,1.000000,3,1.00,INV_X1,0.965517,1.000000,230,-1
232,NODE,n232,2,n154,n231,2,4.000000,5.000000,1.000000,4,1.00,NAND2_X1,0.965517,1.000000,154,231
233,NODE,n233,2,n124,n232,2,5.000000,6.000000,1.000000,5,1.00,NAND2_X1,0.965517,1.000000,124,232
234,NODE,n234,2,n229,n233,2,6.000000,7.000000,1.000000,6,1.00,AND2_X1,0.965517,1.000000,229,233
235,NODE,n235,2,pi14,n234,1,7.000000,15.000000,8.000000,7,1.00,AND2_X1,0.724138,8.000000,15,234
236,NODE,n236,2,n40,n235,1,8.000000,16.000000,8.000000,8,1.00,AND2_X1,0.724138,8.000000,40,235
237,NODE,n237,2,n39,n236,1,9.000000,17.000000,8.000000,9,1.00,AND2_X1,0.724138,8.000000,39,236
238,NODE,n238,2,n36,n237,1,10.000000,18.000000,8.000000,10,1.00,AND2_X1,0.724138,8.000000,36,237
239,NODE,n239,2,n33,n238,1,11.000000,19.000000,8.000000,11,1.00,AND2_X1,0.724138,8.000000,33,238
240,NODE,n240,2,n62,n239,1,12.000000,20.000000,8.000000,12,1.00,AND2_X1,0.724138,8.000000,62,239
241,NODE,n241,2,n35,n240,1,13.000000,21.000000,8.000000,13,1.00,NAND2_X1,0.724138,8.000000,35,240
242,NODE,n242,2,pi05,pi08,2,1.000000,5.000000,4.000000,1,1.00,NAND2_X1,0.862069,4.000000,6,9
243,NODE,n243,1,n242,,7,2.000000,6.000000,4.000000,2,1.00,INV_X1,0.862069,4.000000,242,-1
244,NODE,n244,2,n54,n243,2,3.000000,8.000000,5.000000,3,1.00,NAND2_X1,0.827586,5.000000,54,243
245,NODE,n245,1,n244,,1,4.000000,19.000000,15.000000,4,1.00,INV_X1,0.482759,15.000000,244,-1
246,NODE,n246,2,n224,n245,1,5.000000,20.000000,15.000000,5,1.00,AND2_X1,0.482759,15.000000,224,245
247,NODE,n247,2,n114,n246,1,6.000000,21.000000,15.000000,6,1.00,NAND2_X1,0.482759,15.000000,114,246
248,NODE,n248,2,n241,n247,1,14.000000,22.000000,8.000000,14,1.00,NAND2_X1,0.724138,8.000000,241,247
249,NODE,n249,2,pi01,n248,1,15.000000,23.000000,8.000000,15,1.00,NAND2_X1,0.724138,8.000000,2,248
250,NODE,n250,2,n228,n249,1,16.000000,24.000000,8.000000,16,1.00,NAND2_X1,0.724138,8.000000,228,249
251,NODE,n251,2,n61,n250,1,17.000000,25.000000,8.000000,17,1.00,NAND2_X1,0.724138,8.000000,61,250
252,NODE,n252,2,n205,n251,1,19.000000,26.000000,7.000000,19,1.00,NAND2_X1,0.758621,7.000000,205,251
253,NODE,n253,2,n78,n252,1,20.000000,27.000000,7.000000,20,1.00,NAND2_X1,0.758621,7.000000,78,252
254,NODE,n254,2,n42,n91,3,4.000000,8.000000,4.000000,4,1.00,NAND2_X1,0.862069,4.000000,42,91
255,NODE,n255,1,n254,,24,5.000000,9.000000,4.000000,5,1.00,INV_X1,0.862069,4.000000,254,-1
256,NODE,n256,2,pi05,n255,1,6.000000,18.000000,12.000000,6,1.00,AND2_X1,0.586207,12.000000,6,255
257,NODE,n257,2,n154,n54,2,2.000000,5.000000,3.000000,2,1.00,NAND2_X1,0.896552,3.000000,154,54
258,NODE,n258,1,n257,,10,3.000000,6.000000,3.000000,3,1.00,INV_X1,0.896552,3.000000,257,-1
259,NODE,n259,2,n61,n62,2,2.000000,8.000000,6.000000,2,1.00,NAND2_X1,0.793103,6.000000,61,62
260,NODE,n260,1,n259,,7,3.000000,14.000000,11.000000,3,1.00,INV_X1,0.620690,11.000000,259,-1
261,NODE,n261,2,n258,n260,1,4.000000,18.000000,14.000000,4,1.00,AND2_X1,0.517241,14.000000,258,260
262,NODE,n262,2,n256,n261,1,7.000000,19.000000,12.000000,7,1.00,NAND2_X1,0.586207,12.000000,256,261
263,NODE,n263,2,pi02,n70,3,5.000000,15.000000,10.000000,5,1.00,AND2_X1,0.655172,10.000000,3,70
264,NODE,n264,2,n34,pi07,2,2.000000,2.000000,0.000000,2,1.00,NAND2_X1,1.000000,0.000000,34,8
265,NODE,n265,1,n264,,10,3.000000,6.000000,3.000000,3,1.00,INV_X1,0.896552,3.000000,264,-1
266,NODE,n266,2,pi04,pi09,2,1.000000,6.000000,5.000000,1,1.00,NAND2_X1,0.827586,5.000000,5,10
267,NODE,n267,1,n266,,2,2.000000,7.000000,5.000000,2,1.00,INV_X1,0.827586,5.000000,266,-1
268,NODE,n268,2,n265,n267,1,4.000000,18.000000,14.000000,4,1.00,AND2_X1,0.517241,14.000000,265,267
269,NODE,n269,2,n263,n268,1,6.000000,19.000000,13.000000,6,1.00,NAND2_X1,0.551724,13.000000,263,268
270,NODE,n270,2,n262,n269,1,8.000000,20.000000,12.000000,8,1.00,NAND2_X1,0.586207,12.000000,262,269
271,NODE,n271,2,n90,n270,1,9.000000,21.000000,12.000000,9,1.00,NAND2_X1,0.586207,12.000000,90,270
272,NODE,n272,2,pi07,n33,2,2.000000,14.000000,12.000000,2,1.00,AND2_X1,0.586207,12.000000,8,33
273,NODE,n273,2,pi04,pi05,4,1.000000,2.000000,1.000000,1,1.00,NAND2_X1,0.965517,1.000000,5,6
274,NODE,n274,1,n273,,24,2.000000,3.000000,1.000000,2,1.00,INV_X1,0.965517,1.000000,273,-1
275,NODE,n275,2,n36,n42,18,4.000000,4.000000,0.000000,4,1.00,AND2_X1,1.000000,0.000000,36,42
276,NODE,n276,2,n274,n275,1,5.000000,14.000000,9.000000,5,1.00,AND2_X1,0.689655,9.000000,274,275
277,NODE,n277,2,n272,n276,1,6.000000,15.000000,9.000000,6,1.00,NAND2_X1,0.689655,9.000000,272,276
278,NODE,n278,2,n61,pi10,2,2.000000,5.000000,3.000000,2,1.00,AND2_X1,0.896552,3.000000,61,11
279,NODE,n279,2,n113,n278,4,4.000000,6.000000,2.000000,4,1.00,AND2_X1,0.931035,2.000000,113,278
280,NODE,n280,2,n116,n279,1,5.000000,15.000000,10.000000,5,1.00,NAND2_X1,0.655172,10.000000,116,279
281,NODE,n281,2,n277,n280,1,7.000000,16.000000,9.000000,7,1.00,NAND2_X1,0.689655,9.000000,277,280
282,NODE,n282,2,n154,n281,1,8.000000,17.000000,9.000000,8,1.00,NAND2_X1,0.689655,9.000000,154,281
283,NODE,n283,2,pi02,n54,2,2.000000,4.000000,2.000000,2,1.00,NAND2_X1,0.931035,2.000000,3,54
284,NODE,n284,1,n283,,13,3.000000,5.000000,2.000000,3,1.00,INV_X1,0.931035,2.000000,283,-1
285,NODE,n285,2,n70,n265,1,5.000000,16.000000,11.000000,5,1.00,AND2_X1,0.620690,11.000000,70,265
286,NODE,n286,2,n284,n285,1,6.000000,17.000000,11.000000,6,1.00,NAND2_X1,0.620690,11.000000,284,285
287,NODE,n287,2,n282,n286,1,9.000000,18.000000,9.000000,9,1.00,NAND2_X1,0.689655,9.000000,282,286
288,NODE,n288,2,pi09,n287,1,10.000000,19.000000,9.000000,10,1.00,NAND2_X1,0.689655,9.000000,10,287
289,NODE,n289,2,pi07,n209,2,6.000000,7.000000,1.000000,6,1.00,NAND2_X1,0.965517,1.000000,8,209
290,NODE,n290,1,n289,,2,7.000000,17.000000,10.000000,7,1.00,INV_X1,0.655172,10.000000,289,-1
291,NODE,n291,2,pi02,n290,1,8.000000,19.000000,11.000000,8,1.00,NAND2_X1,0.620690,11.000000,3,290
292,NODE,n292,2,n288,n291,1,11.000000,20.000000,9.000000,11,1.00,NAND2_X1,0.689655,9.000000,288,291
293,NODE,n293,2,pi03,n292,1,12.000000,21.000000,9.000000,12,1.00,NAND2_X1,0.689655,9.000000,4,292
294,NODE,n294,2,n271,n293,1,13.000000,22.000000,9.000000,13,1.00,NAND2_X1,0.689655,9.000000,271,293
295,NODE,n295,2,pi01,n294,1,14.000000,23.000000,9.000000,14,1.00,NAND2_X1,0.689655,9.000000,2,294
296,NODE,n296,2,n61,n211,1,8.000000,17.000000,9.000000,8,1.00,AND2_X1,0.689655,9.000000,61,211
297,NODE,n297,2,pi03,n296,1,9.000000,18.000000,9.000000,9,1.00,AND2_X1,0.689655,9.000000,4,296
298,NODE,n298,2,pi02,n297,1,10.000000,19.000000,9.000000,10,1.00,NAND2_X1,0.689655,9.000000,3,297
299,NODE,n299,2,n90,n290,1,8.000000,18.000000,10.000000,8,1.00,AND2_X1,0.655172,10.000000,90,290
300,NODE,n300,2,n154,n299,1,9.000000,19.000000,10.000000,9,1.00,NAND2_X1,0.655172,10.000000,154,299
301,NODE,n301,2,n298,n300,1,11.000000,20.000000,9.000000,11,1.00,NAND2_X1,0.689655,9.000000,298,300
302,NODE,n302,2,n34,n301,1,12.000000,21.000000,9.000000,12,1.00,NAND2_X1,0.689655,9.000000,34,301
303,NODE,n303,2,n46,n178,3,3.000000,11.000000,8.000000,3,1.00,AND2_X1,0.724138,8.000000,46,178
304,NODE,n304,2,pi10,n303,1,4.000000,12.000000,8.000000,4,1.00,NAND2_X1,0.724138,8.000000,11,303
305,NODE,n305,2,n304,n208,4,5.000000,13.000000,8.000000,5,1.00,NAND2_X1,0.724138,8.000000,304,208
306,NODE,n306,2,pi04,n305,1,6.000000,14.000000,8.000000,6,1.00,NAND2_X1,0.724138,8.000000,5,305
307,NODE,n307,2,n55,n209,1,6.000000,14.000000,8.000000,6,1.00,NAND2_X1,0.724138,8.000000,55,209
308,NODE,n308,2,n306,n307,1,7.000000,15.000000,8.000000,7,1.00,NAND2_X1,0.724138,8.000000,306,307
309,NODE,n309,2,pi07,n308,1,8.000000,16.000000,8.000000,8,1.00,AND2_X1,0.724138,8.000000,8,308
310,NODE,n310,2,n154,n309,1,9.000000,17.000000,8.000000,9,1.00,NAND2_X1,0.724138,8.000000,154,309
311,NODE,n311,2,n61,pi09,3,2.000000,5.000000,3.000000,2,1.00,NAND2_X1,0.896552,3.000000,61,10
312,NODE,n312,1,n311,,12,3.000000,6.000000,3.000000,3,1.00,INV_X1,0.896552,3.000000,311,-1
313,NODE,n313,2,n54,n263,1,6.000000,16.000000,10.000000,6,1.00,AND2_X1,0.655172,10.000000,54,263
314,NODE,n314,2,n312,n313,1,7.000000,17.000000,10.000000,7,1.00,NAND2_X1,0.655172,10.000000,312,313
315,NODE,n315,2,n310,n314,1,10.000000,18.000000,8.000000,10,1.00,NAND2_X1,0.724138,8.000000,310,314
316,NODE,n316,2,n90,n315,1,11.000000,19.000000,8.000000,11,1.00,NAND2_X1,0.724138,8.000000,90,315
317,NODE,n317,2,pi07,pi09,2,1.000000,6.000000,5.000000,1,1.00,NAND2_X1,0.827586,5.000000,8,10
318,NODE,n318,1,n317,,10,2.000000,7.000000,5.000000,2,1.00,INV_X1,0.827586,5.000000,317,-1
319,NODE,n319,2,pi04,n318,2,3.000000,13.000000,10.000000,3,1.00,AND2_X1,0.655172,10.000000,5,318
320,NODE,n320,2,n154,pi03,4,2.000000,2.000000,0.000000,2,1.00,NAND2_X1,1.000000,0.000000,154,4
321,NODE,n321,1,n320,,20,3.000000,3.000000,0.000000,3,1.00,INV_X1,1.000000,0.000000,320,-1
322,NODE,n322,2,n319,n321,1,4.000000,18.000000,14.000000,4,1.00,AND2_X1,0.517241,14.000000,319,321
323,NODE,n323,2,n255,n322,1,6.000000,19.000000,13.000000,6,1.00,NAND2_X1,0.551724,13.000000,255,322
324,NODE,n324,2,n316,n323,1,12.000000,20.000000,8.000000,12,1.00,NAND2_X1,0.724138,8.000000,316,323
325,NODE,n325,2,pi05,n324,1,13.000000,21.000000,8.000000,13,1.00,NAND2_X1,0.724138,8.000000,6,324
326,NODE,n326,2,n302,n325,1,14.000000,22.000000,8.000000,14,1.00,NAND2_X1,0.724138,8.000000,302,325
327,NODE,n327,2,n138,n326,1,15.000000,23.000000,8.000000,15,1.00,NAND2_X1,0.724138,8.000000,138,326
328,NODE,n328,2,n295,n327,1,16.000000,24.000000,8.000000,16,1.00,NAND2_X1,0.724138,8.000000,295,327
329,NODE,n329,2,n35,n328,1,17.000000,25.000000,8.000000,17,1.00,NAND2_X1,0.724138,8.000000,35,328
330,NODE,n330,2,n54,n305,1,6.000000,20.000000,14.000000,6,1.00,NAND2_X1,0.517241,14.000000,54,305
331,NODE,n331,2,n210,n330,1,7.000000,21.000000,14.000000,7,1.00,NAND2_X1,0.517241,14.000000,210,330
332,NODE,n332,2,n90,pi05,3,2.000000,2.000000,0.000000,2,1.00,NAND2_X1,1.000000,0.000000,90,6
333,NODE,n333,1,n332,,13,3.000000,4.000000,1.000000,3,1.00,INV_X1,0.965517,1.000000,332,-1
334,NODE,n334,2,pi01,pi02,5,1.000000,2.000000,1.000000,1,1.00,NAND2_X1,0.965517,1.000000,2,3
335,NODE,n335,1,n334,,12,2.000000,3.000000,1.000000,2,1.00,INV_X1,0.965517,1.000000,334,-1
336,NODE,n336,2,n333,n335,1,4.000000,20.000000,16.000000,4,1.00,NAND2_X1,0.448276,16.000000,333,335
337,NODE,n337,2,pi03,n34,3,2.000000,2.000000,0.000000,2,1.00,NAND2_X1,1.000000,0.000000,4,34
338,NODE,n338,1,n337,,15,3.000000,5.000000,2.000000,3,1.00,INV_X1,0.931035,2.000000,337,-1
339,NODE,n339,2,n138,n154,7,2.000000,2.000000,0.000000,2,1.00,NAND2_X1,1.000000,0.000000,138,154
340,NODE,n340,1,n339,,14,3.000000,3.000000,0.000000,3,1.00,INV_X1,1.000000,0.000000,339,-1
341,NODE,n341,2,n338,n340,3,4.000000,6.000000,2.000000,4,1.00,NAND2_X1,0.931035,2.000000,338,340
342,NODE,n342,2,n336,n341,1,5.000000,21.000000,16.000000,5,1.00,NAND2_X1,0.448276,16.000000,336,341
343,NODE,n343,2,n331,n342,1,8.000000,22.000000,14.000000,8,1.00,NAND2_X1,0.517241,14.000000,331,342
344,NODE,n344,2,pi03,pi05,6,1.000000,3.000000,2.000000,1,1.00,NAND2_X1,0.931035,2.000000,4,6
345,NODE,n345,1,n344,,10,2.000000,4.000000,2.000000,2,1.00,INV_X1,0.931035,2.000000,344,-1
346,NODE,n346,2,n138,n345,1,3.000000,5.000000,2.000000,3,1.00,NAND2_X1,0.931035,2.000000,138,345
347,NODE,n347,2,n90,n34,7,2.000000,2.000000,0.000000,2,1.00,NAND2_X1,1.000000,0.000000,90,34
348,NODE,n348,1,n347,,9,3.000000,3.000000,0.000000,3,1.00,INV_X1,1.000000,0.000000,347,-1
349,NODE,n349,2,pi01,n348,2,4.000000,5.000000,1.000000,4,1.00,NAND2_X1,0.965517,1.000000,2,348
350,NODE,n350,2,n346,n349,2,5.000000,6.000000,1.000000,5,1.00,NAND2_X1,0.965517,1.000000,346,349
351,NODE,n351,2,n154,n348,3,4.000000,4.000000,0.000000,4,1.00,NAND2_X1,1.000000,0.000000,154,348
352,NODE,n352,2,pi02,n345,2,3.000000,8.000000,5.000000,3,1.00,NAND2_X1,0.827586,5.000000,3,345
353,NODE,n353,2,n351,n352,1,5.000000,15.000000,10.000000,5,1.00,AND2_X1,0.655172,10.000000,351,352
354,NODE,n354,2,n350,n353,1,6.000000,16.000000,10.000000,6,1.00,AND2_X1,0.655172,10.000000,350,353
355,NODE,n355,2,pi14,n354,1,7.000000,17.000000,10.000000,7,1.00,AND2_X1,0.655172,10.000000,15,354
356,NODE,n356,2,n40,n355,1,8.000000,18.000000,10.000000,8,1.00,AND2_X1,0.655172,10.000000,40,355
357,NODE,n357,2,n39,n356,1,9.000000,19.000000,10.000000,9,1.00,AND2_X1,0.655172,10.000000,39,356
358,NODE,n358,2,n36,n357,1,10.000000,20.000000,10.000000,10,1.00,AND2_X1,0.655172,10.000000,36,357
359,NODE,n359,2,n33,n358,1,11.000000,21.000000,10.000000,11,1.00,AND2_X1,0.655172,10.000000,33,358
360,NODE,n360,2,n62,n359,1,12.000000,22.000000,10.000000,12,1.00,NAND2_X1,0.655172,10.000000,62,359
361,NODE,n361,2,n343,n360,1,13.000000,23.000000,10.000000,13,1.00,NAND2_X1,0.655172,10.000000,343,360
362,NODE,n362,2,pi08,n361,1,14.000000,24.000000,10.000000,14,1.00,AND2_X1,0.655172,10.000000,9,361
363,NODE,n363,2,n61,n362,1,15.000000,25.000000,10.000000,15,1.00,NAND2_X1,0.655172,10.000000,61,362
364,NODE,n364,2,n329,n363,1,18.000000,26.000000,8.000000,18,1.00,NAND2_X1,0.724138,8.000000,329,363
365,NODE,n365,2,pi00,n364,1,19.000000,27.000000,8.000000,19,1.00,NAND2_X1,0.724138,8.000000,1,364
366,NODE,n366,2,n253,n365,1,21.000000,28.000000,7.000000,21,1.00,AND2_X1,0.758621,7.000000,253,365
367,NODE,n367,2,n153,n366,1,22.000000,29.000000,7.000000,22,1.00,AND2_X1,0.758621,7.000000,153,366
368,NODE,n368,1,pi06,,78,1.000000,1.000000,0.000000,1,1.00,INV_X1,1.000000,0.000000,7,-1
369,NODE,n369,2,n62,pi10,2,2.000000,5.000000,3.000000,2,1.00,NAND2_X1,0.896552,3.000000,62,11
370,NODE,n370,1,n369,,9,3.000000,6.000000,3.000000,3,1.00,INV_X1,0.896552,3.000000,369,-1
371,NODE,n371,2,n368,n370,1,4.000000,10.000000,6.000000,4,1.00,NAND2_X1,0.793103,6.000000,368,370
372,NODE,n372,2,pi09,n33,2,2.000000,5.000000,3.000000,2,1.00,NAND2_X1,0.896552,3.000000,10,33
373,NODE,n373,1,n372,,10,3.000000,6.000000,3.000000,3,1.00,INV_X1,0.896552,3.000000,372,-1
374,NODE,n374,2,pi06,n373,1,4.000000,10.000000,6.000000,4,1.00,NAND2_X1,0.793103,6.000000,7,373
375,NODE,n375,2,n371,n374,2,5.000000,11.000000,6.000000,5,1.00,NAND2_X1,0.793103,6.000000,371,374
376,NODE,n376,2,pi08,n375,1,6.000000,13.000000,7.000000,6,1.00,AND2_X1,0.758621,7.000000,9,375
377,NODE,n377,2,n34,n376,1,7.000000,14.000000,7.000000,7,1.00,NAND2_X1,0.758621,7.000000,34,376
378,NODE,n378,2,pi05,pi06,2,1.000000,2.000000,1.000000,1,1.00,NAND2_X1,0.965517,1.000000,6,7
379,NODE,n379,1,n378,,14,2.000000,3.000000,1.000000,2,1.00,INV_X1,0.965517,1.000000,378,-1
380,NODE,n380,2,n35,n370,3,4.000000,11.000000,7.000000,4,1.00,NAND2_X1,0.758621,7.000000,35,370
381,NODE,n381,1,n380,,3,5.000000,13.000000,8.000000,5,1.00,INV_X1,0.724138,8.000000,380,-1
382,NODE,n382,2,n379,n381,1,6.000000,14.000000,8.000000,6,1.00,NAND2_X1,0.724138,8.000000,379,381
383,NODE,n383,2,n377,n382,1,8.000000,15.000000,7.000000,8,1.00,AND2_X1,0.758621,7.000000,377,382
384,NODE,n384,2,n78,n379,1,3.000000,14.000000,11.000000,3,1.00,AND2_X1,0.620690,11.000000,78,379
385,NODE,n385,2,pi08,n370,1,4.000000,14.000000,10.000000,4,1.00,AND2_X1,0.655172,10.000000,9,370
386,NODE,n386,2,n384,n385,1,5.000000,15.000000,10.000000,5,1.00,NAND2_X1,0.655172,10.000000,384,385
387,NODE,n387,2,n383,n386,1,9.000000,16.000000,7.000000,9,1.00,AND2_X1,0.758621,7.000000,383,386
388,NODE,n388,2,n368,pi09,3,2.000000,10.000000,8.000000,2,1.00,AND2_X1,0.724138,8.000000,368,10
389,NODE,n389,2,n78,n388,1,3.000000,11.000000,8.000000,3,1.00,NAND2_X1,0.724138,8.000000,78,388
390,NODE,n390,2,pi06,n62,2,2.000000,9.000000,7.000000,2,1.00,NAND2_X1,0.758621,7.000000,7,62
391,NODE,n391,1,n390,,2,3.000000,10.000000,7.000000,3,1.00,INV_X1,0.758621,7.000000,390,-1
392,NODE,n392,2,pi00,n391,1,4.000000,11.000000,7.000000,4,1.00,NAND2_X1,0.758621,7.000000,1,391
393,NODE,n393,2,n389,n392,1,5.000000,12.000000,7.000000,5,1.00,NAND2_X1,0.758621,7.000000,389,392
394,NODE,n394,2,pi10,n393,1,6.000000,13.000000,7.000000,6,1.00,AND2_X1,0.758621,7.000000,11,393
395,NODE,n395,2,pi08,n394,1,7.000000,14.000000,7.000000,7,1.00,AND2_X1,0.758621,7.000000,9,394
396,NODE,n396,2,pi05,n395,1,8.000000,15.000000,7.000000,8,1.00,AND2_X1,0.758621,7.000000,6,395
397,NODE,n397,2,n154,n396,1,9.000000,16.000000,7.000000,9,1.00,NAND2_X1,0.758621,7.000000,154,396
398,NODE,n398,2,n387,n397,1,10.000000,17.000000,7.000000,10,1.00,NAND2_X1,0.758621,7.000000,387,397
399,NODE,n399,2,n44,n398,1,11.000000,18.000000,7.000000,11,1.00,AND2_X1,0.758621,7.000000,44,398
400,NODE,n400,2,pi13,n399,1,12.000000,19.000000,7.000000,12,1.00,AND2_X1,0.758621,7.000000,14,399
401,NODE,n401,2,pi12,n400,1,13.000000,20.000000,7.000000,13,1.00,AND2_X1,0.758621,7.000000,13,400
402,NODE,n402,2,pi11,n401,1,14.000000,21.000000,7.000000,14,1.00,NAND2_X1,0.758621,7.000000,12,401
403,NODE,n403,2,pi00,pi02,2,1.000000,6.000000,5.000000,1,1.00,NAND2_X1,0.827586,5.000000,1,3
404,NODE,n404,1,n403,,16,2.000000,7.000000,5.000000,2,1.00,INV_X1,0.827586,5.000000,403,-1
405,NODE,n405,2,n368,n35,2,2.000000,4.000000,2.000000,2,1.00,NAND2_X1,0.931035,2.000000,368,35
406,NODE,n406,1,n405,,4,3.000000,5.000000,2.000000,3,1.00,INV_X1,0.931035,2.000000,405,-1
407,NODE,n407,2,pi05,n406,1,4.000000,19.000000,15.000000,4,1.00,AND2_X1,0.482759,15.000000,6,406
408,NODE,n408,2,n404,n407,1,5.000000,20.000000,15.000000,5,1.00,AND2_X1,0.482759,15.000000,404,407
409,NODE,n409,2,n94,n408,1,6.000000,21.000000,15.000000,6,1.00,NAND2_X1,0.482759,15.000000,94,408
410,NODE,n410,2,n402,n409,1,15.000000,22.000000,7.000000,15,1.00,NAND2_X1,0.758621,7.000000,402,409
411,NODE,n411,2,pi04,n410,1,16.000000,23.000000,7.000000,16,1.00,NAND2_X1,0.758621,7.000000,5,410
412,NODE,n412,2,pi08,n373,2,4.000000,11.000000,7.000000,4,1.00,NAND2_X1,0.758621,7.000000,9,373
413,NODE,n413,2,n380,n412,2,5.000000,12.000000,7.000000,5,1.00,NAND2_X1,0.758621,7.000000,380,412
414,NODE,n414,2,pi05,n413,1,6.000000,16.000000,10.000000,6,1.00,NAND2_X1,0.655172,10.000000,6,413
415,NODE,n415,2,n369,n372,2,3.000000,10.000000,7.000000,3,1.00,NAND2_X1,0.758621,7.000000,369,372
416,NODE,n416,2,pi08,n415,2,4.000000,11.000000,7.000000,4,1.00,NAND2_X1,0.758621,7.000000,9,415
417,NODE,n417,1,n416,,1,5.000000,15.000000,10.000000,5,1.00,INV_X1,0.655172,10.000000,416,-1
418,NODE,n418,2,n34,n417,1,6.000000,16.000000,10.000000,6,1.00,NAND2_X1,0.655172,10.000000,34,417
419,NODE,n419,2,n414,n418,1,7.000000,17.000000,10.000000,7,1.00,NAND2_X1,0.655172,10.000000,414,418
420,NODE,n420,2,n44,n419,1,8.000000,18.000000,10.000000,8,1.00,AND2_X1,0.655172,10.000000,44,419
421,NODE,n421,2,pi13,n420,1,9.000000,19.000000,10.000000,9,1.00,AND2_X1,0.655172,10.000000,14,420
422,NODE,n422,2,pi12,n421,1,10.000000,20.000000,10.000000,10,1.00,AND2_X1,0.655172,10.000000,13,421
423,NODE,n423,2,pi11,n422,1,11.000000,21.000000,10.000000,11,1.00,AND2_X1,0.655172,10.000000,12,422
424,NODE,n424,2,pi06,n423,1,12.000000,22.000000,10.000000,12,1.00,AND2_X1,0.655172,10.000000,7,423
425,NODE,n425,2,n54,n424,1,13.000000,23.000000,10.000000,13,1.00,NAND2_X1,0.655172,10.000000,54,424
426,NODE,n426,2,n411,n425,1,17.000000,24.000000,7.000000,17,1.00,NAND2_X1,0.758621,7.000000,411,425
427,NODE,n427,2,pi03,n426,1,18.000000,25.000000,7.000000,18,1.00,NAND2_X1,0.758621,7.000000,4,426
428,NODE,n428,2,pi04,n375,1,6.000000,12.000000,6.000000,6,1.00,NAND2_X1,0.793103,6.000000,5,375
429,NODE,n429,2,n54,pi06,2,2.000000,7.000000,5.000000,2,1.00,NAND2_X1,0.827586,5.000000,54,7
430,NODE,n430,1,n429,,4,3.000000,11.000000,8.000000,3,1.00,INV_X1,0.724138,8.000000,429,-1
431,NODE,n431,2,n373,n430,1,4.000000,12.000000,8.000000,4,1.00,NAND2_X1,0.724138,8.000000,373,430
432,NODE,n432,2,n428,n431,1,7.000000,13.000000,6.000000,7,1.00,NAND2_X1,0.793103,6.000000,428,431
433,NODE,n433,2,pi08,n432,1,8.000000,14.000000,6.000000,8,1.00,NAND2_X1,0.793103,6.000000,9,432
434,NODE,n434,2,n54,n368,2,2.000000,2.000000,0.000000,2,1.00,NAND2_X1,1.000000,0.000000,54,368
435,NODE,n435,1,n434,,9,3.000000,3.000000,0.000000,3,1.00,INV_X1,1.000000,0.000000,434,-1
436,NODE,n436,2,n381,n435,1,6.000000,14.000000,8.000000,6,1.00,NAND2_X1,0.724138,8.000000,381,435
437,NODE,n437,2,n433,n436,1,9.000000,15.000000,6.000000,9,1.00,NAND2_X1,0.793103,6.000000,433,436
438,NODE,n438,2,n34,n437,1,10.000000,16.000000,6.000000,10,1.00,NAND2_X1,0.793103,6.000000,34,437
439,NODE,n439,2,pi04,n413,1,6.000000,13.000000,7.000000,6,1.00,NAND2_X1,0.758621,7.000000,5,413
440,NODE,n440,2,n54,pi08,2,2.000000,2.000000,0.000000,2,1.00,NAND2_X1,1.000000,0.000000,54,9
441,NODE,n441,1,n440,,3,3.000000,3.000000,0.000000,3,1.00,INV_X1,1.000000,0.000000,440,-1
442,NODE,n442,2,n373,n441,1,4.000000,13.000000,9.000000,4,1.00,NAND2_X1,0.689655,9.000000,373,441
443,NODE,n443,2,n439,n442,1,7.000000,14.000000,7.000000,7,1.00,NAND2_X1,0.758621,7.000000,439,442
444,NODE,n444,2,pi06,n443,1,8.000000,15.000000,7.000000,8,1.00,AND2_X1,0.758621,7.000000,7,443
445,NODE,n445,2,pi05,n444,1,9.000000,16.000000,7.000000,9,1.00,NAND2_X1,0.758621,7.000000,6,444
446,NODE,n446,2,n438,n445,1,11.000000,17.000000,6.000000,11,1.00,NAND2_X1,0.793103,6.000000,438,445
447,NODE,n447,2,pi02,n446,1,12.000000,18.000000,6.000000,12,1.00,NAND2_X1,0.793103,6.000000,3,446
448,NODE,n448,2,pi04,n379,2,3.000000,6.000000,3.000000,3,1.00,NAND2_X1,0.896552,3.000000,5,379
449,NODE,n449,2,n34,n368,2,2.000000,2.000000,0.000000,2,1.00,NAND2_X1,1.000000,0.000000,34,368
450,NODE,n450,1,n449,,12,3.000000,3.000000,0.000000,3,1.00,INV_X1,1.000000,0.000000,449,-1
451,NODE,n451,2,n54,n450,2,4.000000,6.000000,2.000000,4,1.00,NAND2_X1,0.931035,2.000000,54,450
452,NODE,n452,2,n448,n451,2,5.000000,7.000000,2.000000,5,1.00,NAND2_X1,0.931035,2.000000,448,451
453,NODE,n453,2,pi10,n452,1,6.000000,14.000000,8.000000,6,1.00,AND2_X1,0.724138,8.000000,11,452
454,NODE,n454,2,n62,n453,1,7.000000,15.000000,8.000000,7,1.00,AND2_X1,0.724138,8.000000,62,453
455,NODE,n455,2,n35,n454,1,8.000000,16.000000,8.000000,8,1.00,NAND2_X1,0.724138,8.000000,35,454
456,NODE,n456,1,n412,,5,5.000000,12.000000,7.000000,5,1.00,INV_X1,0.758621,7.000000,412,-1
457,NODE,n457,2,pi06,n456,1,6.000000,16.000000,10.000000,6,1.00,NAND2_X1,0.655172,10.000000,7,456
458,NODE,n458,2,n455,n457,1,9.000000,17.000000,8.000000,9,1.00,NAND2_X1,0.724138,8.000000,455,457
459,NODE,n459,2,n154,n458,1,10.000000,18.000000,8.000000,10,1.00,NAND2_X1,0.724138,8.000000,154,458
460,NODE,n460,2,n447,n459,1,13.000000,19.000000,6.000000,13,1.00,AND2_X1,0.793103,6.000000,447,459
461,NODE,n461,2,n34,pi08,2,2.000000,2.000000,0.000000,2,1.00,NAND2_X1,1.000000,0.000000,34,9
462,NODE,n462,2,pi05,n35,4,2.000000,2.000000,0.000000,2,1.00,NAND2_X1,1.000000,0.000000,6,35
463,NODE,n463,2,n461,n462,4,3.000000,4.000000,1.000000,3,1.00,NAND2_X1,0.965517,1.000000,461,462
464,NODE,n464,2,pi10,n463,1,4.000000,14.000000,10.000000,4,1.00,AND2_X1,0.655172,10.000000,11,463
465,NODE,n465,2,n62,n464,1,5.000000,15.000000,10.000000,5,1.00,AND2_X1,0.655172,10.000000,62,464
466,NODE,n466,2,pi06,n465,1,6.000000,16.000000,10.000000,6,1.00,AND2_X1,0.655172,10.000000,7,465
467,NODE,n467,2,n54,n466,1,7.000000,17.000000,10.000000,7,1.00,AND2_X1,0.655172,10.000000,54,466
468,NODE,n468,2,pi02,n467,1,8.000000,18.000000,10.000000,8,1.00,AND2_X1,0.655172,10.000000,3,467
469,NODE,n469,2,pi00,n468,1,9.000000,19.000000,10.000000,9,1.00,NAND2_X1,0.655172,10.000000,1,468
470,NODE,n470,2,n460,n469,1,14.000000,20.000000,6.000000,14,1.00,NAND2_X1,0.793103,6.000000,460,469
471,NODE,n471,2,n44,n470,1,15.000000,21.000000,6.000000,15,1.00,AND2_X1,0.793103,6.000000,44,470
472,NODE,n472,2,pi13,n471,1,16.000000,22.000000,6.000000,16,1.00,AND2_X1,0.793103,6.000000,14,471
473,NODE,n473,2,pi12,n472,1,17.000000,23.000000,6.000000,17,1.00,AND2_X1,0.793103,6.000000,13,472
474,NODE,n474,2,pi11,n473,1,18.000000,24.000000,6.000000,18,1.00,AND2_X1,0.793103,6.000000,12,473
475,NODE,n475,2,n90,n474,1,19.000000,25.000000,6.000000,19,1.00,NAND2_X1,0.793103,6.000000,90,474
476,NODE,n476,2,n427,n475,1,20.000000,26.000000,6.000000,20,1.00,NAND2_X1,0.793103,6.000000,427,475
477,NODE,n477,2,pi07,n476,1,21.000000,27.000000,6.000000,21,1.00,NAND2_X1,0.793103,6.000000,8,476
478,NODE,n478,2,n90,pi09,3,2.000000,3.000000,1.000000,2,1.00,NAND2_X1,0.965517,1.000000,90,10
479,NODE,n479,1,n478,,2,3.000000,11.000000,8.000000,3,1.00,INV_X1,0.724138,8.000000,478,-1
480,NODE,n480,2,pi00,n479,1,4.000000,12.000000,8.000000,4,1.00,NAND2_X1,0.724138,8.000000,1,479
481,NODE,n481,2,pi09,n480,1,5.000000,13.000000,8.000000,5,1.00,NAND2_X1,0.724138,8.000000,10,480
482,NODE,n482,2,n35,n481,1,6.000000,14.000000,8.000000,6,1.00,NAND2_X1,0.724138,8.000000,35,481
483,NODE,n483,2,pi08,pi09,2,1.000000,2.000000,1.000000,1,1.00,NAND2_X1,0.965517,1.000000,9,10
484,NODE,n484,1,n483,,10,2.000000,3.000000,1.000000,2,1.00,INV_X1,0.965517,1.000000,483,-1
485,NODE,n485,2,pi03,n484,1,3.000000,13.000000,10.000000,3,1.00,AND2_X1,0.655172,10.000000,4,484
486,NODE,n486,2,n78,pi02,2,2.000000,7.000000,5.000000,2,1.00,NAND2_X1,0.827586,5.000000,78,3
487,NODE,n487,1,n486,,19,3.000000,8.000000,5.000000,3,1.00,INV_X1,0.827586,5.000000,486,-1
488,NODE,n488,2,n485,n487,1,4.000000,14.000000,10.000000,4,1.00,NAND2_X1,0.655172,10.000000,485,487
489,NODE,n489,2,n482,n488,1,7.000000,15.000000,8.000000,7,1.00,NAND2_X1,0.724138,8.000000,482,488
490,NODE,n490,2,pi05,n489,1,8.000000,16.000000,8.000000,8,1.00,NAND2_X1,0.724138,8.000000,6,489
491,NODE,n491,2,n154,pi09,2,2.000000,9.000000,7.000000,2,1.00,NAND2_X1,0.758621,7.000000,154,10
492,NODE,n492,1,n491,,2,3.000000,11.000000,8.000000,3,1.00,INV_X1,0.724138,8.000000,491,-1
493,NODE,n493,2,pi00,n492,1,4.000000,12.000000,8.000000,4,1.00,NAND2_X1,0.724138,8.000000,1,492
494,NODE,n494,2,pi09,n493,1,5.000000,13.000000,8.000000,5,1.00,NAND2_X1,0.724138,8.000000,10,493
495,NODE,n495,2,pi08,n494,1,6.000000,14.000000,8.000000,6,1.00,AND2_X1,0.724138,8.000000,9,494
496,NODE,n496,2,n34,n495,1,7.000000,15.000000,8.000000,7,1.00,AND2_X1,0.724138,8.000000,34,495
497,NODE,n497,2,n90,n496,1,8.000000,16.000000,8.000000,8,1.00,NAND2_X1,0.724138,8.000000,90,496
498,NODE,n498,2,n490,n497,1,9.000000,17.000000,8.000000,9,1.00,NAND2_X1,0.724138,8.000000,490,497
499,NODE,n499,2,pi04,n498,1,10.000000,18.000000,8.000000,10,1.00,NAND2_X1,0.724138,8.000000,5,498
500,NODE,n500,1,n461,,4,3.000000,3.000000,0.000000,3,1.00,INV_X1,1.000000,0.000000,461,-1
501,NODE,n501,2,n404,n500,1,4.000000,14.000000,10.000000,4,1.00,NAND2_X1,0.655172,10.000000,404,500
502,NODE,n502,2,n462,n501,1,5.000000,15.000000,10.000000,5,1.00,NAND2_X1,0.655172,10.000000,462,501
503,NODE,n503,2,n62,n502,1,6.000000,16.000000,10.000000,6,1.00,AND2_X1,0.655172,10.000000,62,502
504,NODE,n504,2,n54,n503,1,7.000000,17.000000,10.000000,7,1.00,AND2_X1,0.655172,10.000000,54,503
505,NODE,n505,2,pi03,n504,1,8.000000,18.000000,10.000000,8,1.00,NAND2_X1,0.655172,10.000000,4,504
506,NODE,n506,2,n499,n505,1,11.000000,19.000000,8.000000,11,1.00,NAND2_X1,0.724138,8.000000,499,505
507,NODE,n507,2,pi06,n506,1,12.000000,20.000000,8.000000,12,1.00,NAND2_X1,0.724138,8.000000,7,506
508,NODE,n508,2,n78,n321,3,4.000000,7.000000,3.000000,4,1.00,NAND2_X1,0.896552,3.000000,78,321
509,NODE,n509,2,pi03,n508,1,5.000000,15.000000,10.000000,5,1.00,NAND2_X1,0.655172,10.000000,4,508
510,NODE,n510,2,n62,n509,1,6.000000,16.000000,10.000000,6,1.00,AND2_X1,0.655172,10.000000,62,509
511,NODE,n511,2,n35,n510,1,7.000000,17.000000,10.000000,7,1.00,AND2_X1,0.655172,10.000000,35,510
512,NODE,n512,2,n368,n511,1,8.000000,18.000000,10.000000,8,1.00,AND2_X1,0.655172,10.000000,368,511
513,NODE,n513,2,n34,n512,1,9.000000,19.000000,10.000000,9,1.00,AND2_X1,0.655172,10.000000,34,512
514,NODE,n514,2,n54,n513,1,10.000000,20.000000,10.000000,10,1.00,NAND2_X1,0.655172,10.000000,54,513
515,NODE,n515,2,n507,n514,1,13.000000,21.000000,8.000000,13,1.00,NAND2_X1,0.724138,8.000000,507,514
516,NODE,n516,2,n44,n515,1,14.000000,22.000000,8.000000,14,1.00,AND2_X1,0.724138,8.000000,44,515
517,NODE,n517,2,pi13,n516,1,15.000000,23.000000,8.000000,15,1.00,AND2_X1,0.724138,8.000000,14,516
518,NODE,n518,2,pi12,n517,1,16.000000,24.000000,8.000000,16,1.00,AND2_X1,0.724138,8.000000,13,517
519,NODE,n519,2,pi11,n518,1,17.000000,25.000000,8.000000,17,1.00,AND2_X1,0.724138,8.000000,12,518
520,NODE,n520,2,pi10,n519,1,18.000000,26.000000,8.000000,18,1.00,AND2_X1,0.724138,8.000000,11,519
521,NODE,n521,2,n61,n520,1,19.000000,27.000000,8.000000,19,1.00,NAND2_X1,0.724138,8.000000,61,520
522,NODE,n522,2,n477,n521,1,22.000000,28.000000,6.000000,22,1.00,AND2_X1,0.793103,6.000000,477,521
523,NODE,n523,2,pi05,pi07,2,1.000000,3.000000,2.000000,1,1.00,NAND2_X1,0.931035,2.000000,6,8
524,NODE,n524,1,n523,,12,2.000000,4.000000,2.000000,2,1.00,INV_X1,0.931035,2.000000,523,-1
525,NODE,n525,2,n154,n524,1,3.000000,8.000000,5.000000,3,1.00,NAND2_X1,0.827586,5.000000,154,524
526,NODE,n526,2,n34,n61,2,2.000000,2.000000,0.000000,2,1.00,NAND2_X1,1.000000,0.000000,34,61
527,NODE,n527,1,n526,,16,3.000000,3.000000,0.000000,3,1.00,INV_X1,1.000000,0.000000,526,-1
528,NODE,n528,2,pi02,n527,2,4.000000,5.000000,1.000000,4,1.00,NAND2_X1,0.965517,1.000000,3,527
529,NODE,n529,2,n525,n528,1,5.000000,9.000000,4.000000,5,1.00,NAND2_X1,0.862069,4.000000,525,528
530,NODE,n530,2,n62,n529,1,6.000000,10.000000,4.000000,6,1.00,AND2_X1,0.862069,4.000000,62,529
531,NODE,n531,2,pi01,n530,1,7.000000,11.000000,4.000000,7,1.00,NAND2_X1,0.862069,4.000000,2,530
532,NODE,n532,2,n154,n265,2,4.000000,8.000000,4.000000,4,1.00,NAND2_X1,0.862069,4.000000,154,265
533,NODE,n533,2,pi05,n61,2,2.000000,2.000000,0.000000,2,1.00,NAND2_X1,1.000000,0.000000,6,61
534,NODE,n534,1,n533,,14,3.000000,4.000000,1.000000,3,1.00,INV_X1,0.965517,1.000000,533,-1
535,NODE,n535,2,pi02,n534,2,4.000000,6.000000,2.000000,4,1.00,NAND2_X1,0.931035,2.000000,3,534
536,NODE,n536,2,n532,n535,1,5.000000,9.000000,4.000000,5,1.00,NAND2_X1,0.862069,4.000000,532,535
537,NODE,n537,2,pi09,n536,1,6.000000,10.000000,4.000000,6,1.00,AND2_X1,0.862069,4.000000,10,536
538,NODE,n538,2,n138,n537,1,7.000000,11.000000,4.000000,7,1.00,NAND2_X1,0.862069,4.000000,138,537
539,NODE,n539,2,n531,n538,1,8.000000,12.000000,4.000000,8,1.00,NAND2_X1,0.862069,4.000000,531,538
540,NODE,n540,2,n78,n539,1,9.000000,13.000000,4.000000,9,1.00,NAND2_X1,0.862069,4.000000,78,539
541,NODE,n541,2,pi02,n312,1,4.000000,10.000000,6.000000,4,1.00,NAND2_X1,0.793103,6.000000,3,312
542,NODE,n542,2,n154,pi05,3,2.000000,3.000000,1.000000,2,1.00,NAND2_X1,0.965517,1.000000,154,6
543,NODE,n543,1,n542,,2,3.000000,7.000000,4.000000,3,1.00,INV_X1,0.862069,4.000000,542,-1
544,NODE,n544,2,pi07,n62,2,2.000000,5.000000,3.000000,2,1.00,NAND2_X1,0.896552,3.000000,8,62
545,NODE,n545,1,n544,,15,3.000000,6.000000,3.000000,3,1.00,INV_X1,0.896552,3.000000,544,-1
546,NODE,n546,2,n543,n545,1,4.000000,10.000000,6.000000,4,1.00,NAND2_X1,0.793103,6.000000,543,545
547,NODE,n547,2,n541,n546,1,5.000000,11.000000,6.000000,5,1.00,NAND2_X1,0.793103,6.000000,541,546
548,NODE,n548,2,n138,n547,1,6.000000,12.000000,6.000000,6,1.00,AND2_X1,0.793103,6.000000,138,547
549,NODE,n549,2,pi00,n548,1,7.000000,13.000000,6.000000,7,1.00,NAND2_X1,0.793103,6.000000,1,548
550,NODE,n550,2,n540,n549,1,10.000000,14.000000,4.000000,10,1.00,NAND2_X1,0.862069,4.000000,540,549
551,NODE,n551,2,n54,n550,1,11.000000,15.000000,4.000000,11,1.00,NAND2_X1,0.862069,4.000000,54,550
552,NODE,n552,2,n34,n312,2,4.000000,8.000000,4.000000,4,1.00,NAND2_X1,0.862069,4.000000,34,312
553,NODE,n553,2,pi05,n545,1,4.000000,8.000000,4.000000,4,1.00,NAND2_X1,0.862069,4.000000,6,545
554,NODE,n554,2,n552,n553,1,5.000000,9.000000,4.000000,5,1.00,NAND2_X1,0.862069,4.000000,552,553
555,NODE,n555,2,pi02,n554,1,6.000000,10.000000,4.000000,6,1.00,AND2_X1,0.862069,4.000000,3,554
556,NODE,n556,2,pi00,n555,1,7.000000,11.000000,4.000000,7,1.00,NAND2_X1,0.862069,4.000000,1,555
557,NODE,n557,2,n154,n534,1,4.000000,10.000000,6.000000,4,1.00,AND2_X1,0.793103,6.000000,154,534
558,NODE,n558,2,n78,n557,1,5.000000,11.000000,6.000000,5,1.00,NAND2_X1,0.793103,6.000000,78,557
559,NODE,n559,2,n556,n558,1,8.000000,12.000000,4.000000,8,1.00,NAND2_X1,0.862069,4.000000,556,558
560,NODE,n560,2,n138,n559,1,9.000000,13.000000,4.000000,9,1.00,NAND2_X1,0.862069,4.000000,138,559
561,NODE,n561,2,pi00,n335,12,3.000000,6.000000,3.000000,3,1.00,AND2_X1,0.896552,3.000000,1,335
562,NODE,n562,2,pi05,n318,1,3.000000,12.000000,9.000000,3,1.00,AND2_X1,0.689655,9.000000,6,318
563,NODE,n563,2,n561,n562,1,4.000000,13.000000,9.000000,4,1.00,NAND2_X1,0.689655,9.000000,561,562
564,NODE,n564,2,n560,n563,1,10.000000,14.000000,4.000000,10,1.00,NAND2_X1,0.862069,4.000000,560,563
565,NODE,n565,2,pi04,n564,1,11.000000,15.000000,4.000000,11,1.00,NAND2_X1,0.862069,4.000000,5,564
566,NODE,n566,2,n551,n565,1,12.000000,16.000000,4.000000,12,1.00,NAND2_X1,0.862069,4.000000,551,565
567,NODE,n567,2,pi03,n566,1,13.000000,17.000000,4.000000,13,1.00,NAND2_X1,0.862069,4.000000,4,566
568,NODE,n568,2,pi00,n61,3,2.000000,6.000000,4.000000,2,1.00,NAND2_X1,0.862069,4.000000,1,61
569,NODE,n569,2,n54,pi07,4,2.000000,2.000000,0.000000,2,1.00,NAND2_X1,1.000000,0.000000,54,8
570,NODE,n570,1,n569,,13,3.000000,3.000000,0.000000,3,1.00,INV_X1,1.000000,0.000000,569,-1
571,NODE,n571,2,n78,n570,1,4.000000,7.000000,3.000000,4,1.00,NAND2_X1,0.896552,3.000000,78,570
572,NODE,n572,2,n568,n571,1,5.000000,8.000000,3.000000,5,1.00,NAND2_X1,0.896552,3.000000,568,571
573,NODE,n573,2,pi09,n572,1,6.000000,9.000000,3.000000,6,1.00,NAND2_X1,0.896552,3.000000,10,572
574,NODE,n574,2,n78,n54,5,2.000000,6.000000,4.000000,2,1.00,AND2_X1,0.862069,4.000000,78,54
575,NODE,n575,2,n545,n574,2,4.000000,9.000000,5.000000,4,1.00,NAND2_X1,0.827586,5.000000,545,574
576,NODE,n576,2,n573,n575,1,7.000000,10.000000,3.000000,7,1.00,NAND2_X1,0.896552,3.000000,573,575
577,NODE,n577,2,pi02,n576,1,8.000000,11.000000,3.000000,8,1.00,NAND2_X1,0.896552,3.000000,3,576
578,NODE,n578,2,pi04,pi07,3,1.000000,5.000000,4.000000,1,1.00,NAND2_X1,0.862069,4.000000,5,8
579,NODE,n579,2,n54,n61,3,2.000000,5.000000,3.000000,2,1.00,NAND2_X1,0.896552,3.000000,54,61
580,NODE,n580,2,n578,n579,5,3.000000,6.000000,3.000000,3,1.00,NAND2_X1,0.896552,3.000000,578,579
581,NODE,n581,2,pi09,n580,1,4.000000,9.000000,5.000000,4,1.00,AND2_X1,0.827586,5.000000,10,580
582,NODE,n582,2,n154,n581,1,5.000000,10.000000,5.000000,5,1.00,AND2_X1,0.827586,5.000000,154,581
583,NODE,n583,2,pi00,n582,1,6.000000,11.000000,5.000000,6,1.00,NAND2_X1,0.827586,5.000000,1,582
584,NODE,n584,2,n577,n583,1,9.000000,12.000000,3.000000,9,1.00,NAND2_X1,0.896552,3.000000,577,583
585,NODE,n585,2,n34,n584,1,10.000000,13.000000,3.000000,10,1.00,NAND2_X1,0.896552,3.000000,34,584
586,NODE,n586,2,pi02,n545,2,4.000000,9.000000,5.000000,4,1.00,NAND2_X1,0.827586,5.000000,3,545
587,NODE,n587,2,n491,n586,1,5.000000,10.000000,5.000000,5,1.00,NAND2_X1,0.827586,5.000000,491,586
588,NODE,n588,2,pi05,n587,1,6.000000,11.000000,5.000000,6,1.00,AND2_X1,0.827586,5.000000,6,587
589,NODE,n589,2,pi04,n588,1,7.000000,12.000000,5.000000,7,1.00,AND2_X1,0.827586,5.000000,5,588
590,NODE,n590,2,pi00,n589,1,8.000000,13.000000,5.000000,8,1.00,NAND2_X1,0.827586,5.000000,1,589
591,NODE,n591,2,n585,n590,1,11.000000,14.000000,3.000000,11,1.00,NAND2_X1,0.896552,3.000000,585,590
592,NODE,n592,2,pi01,n591,1,12.000000,15.000000,3.000000,12,1.00,NAND2_X1,0.896552,3.000000,2,591
593,NODE,n593,2,pi04,n34,2,2.000000,2.000000,0.000000,2,1.00,NAND2_X1,1.000000,0.000000,5,34
594,NODE,n594,1,n593,,19,3.000000,3.000000,0.000000,3,1.00,INV_X1,1.000000,0.000000,593,-1
595,NODE,n595,2,n545,n594,1,4.000000,10.000000,6.000000,4,1.00,NAND2_X1,0.793103,6.000000,545,594
596,NODE,n596,2,n54,pi05,5,2.000000,2.000000,0.000000,2,1.00,NAND2_X1,1.000000,0.000000,54,6
597,NODE,n597,1,n596,,19,3.000000,3.000000,0.000000,3,1.00,INV_X1,1.000000,0.000000,596,-1
598,NODE,n598,2,n312,n597,1,4.000000,10.000000,6.000000,4,1.00,NAND2_X1,0.793103,6.000000,312,597
599,NODE,n599,2,n595,n598,1,5.000000,11.000000,6.000000,5,1.00,NAND2_X1,0.793103,6.000000,595,598
600,NODE,n600,2,pi00,n599,1,6.000000,12.000000,6.000000,6,1.00,NAND2_X1,0.793103,6.000000,1,599
601,NODE,n601,2,n54,pi09,2,2.000000,8.000000,6.000000,2,1.00,NAND2_X1,0.793103,6.000000,54,10
602,NODE,n602,2,n102,n601,1,3.000000,9.000000,6.000000,3,1.00,NAND2_X1,0.793103,6.000000,102,601
603,NODE,n603,2,pi07,n602,1,4.000000,10.000000,6.000000,4,1.00,AND2_X1,0.793103,6.000000,8,602
604,NODE,n604,2,n34,n603,1,5.000000,11.000000,6.000000,5,1.00,AND2_X1,0.793103,6.000000,34,603
605,NODE,n605,2,n78,n604,1,6.000000,12.000000,6.000000,6,1.00,NAND2_X1,0.793103,6.000000,78,604
606,NODE,n606,2,n600,n605,1,7.000000,13.000000,6.000000,7,1.00,NAND2_X1,0.793103,6.000000,600,605
607,NODE,n607,2,n154,n606,1,8.000000,14.000000,6.000000,8,1.00,AND2_X1,0.793103,6.000000,154,606
608,NODE,n608,2,n138,n607,1,9.000000,15.000000,6.000000,9,1.00,NAND2_X1,0.793103,6.000000,138,607
609,NODE,n609,2,n592,n608,1,13.000000,16.000000,3.000000,13,1.00,NAND2_X1,0.896552,3.000000,592,608
610,NODE,n610,2,n90,n609,1,14.000000,17.000000,3.000000,14,1.00,NAND2_X1,0.896552,3.000000,90,609
611,NODE,n611,2,n567,n610,1,15.000000,18.000000,3.000000,15,1.00,NAND2_X1,0.896552,3.000000,567,610
612,NODE,n612,2,pi08,n611,1,16.000000,19.000000,3.000000,16,1.00,NAND2_X1,0.896552,3.000000,9,611
613,NODE,n613,2,pi00,pi01,5,1.000000,4.000000,3.000000,1,1.00,NAND2_X1,0.896552,3.000000,1,2
614,NODE,n614,1,n613,,15,2.000000,5.000000,3.000000,2,1.00,INV_X1,0.896552,3.000000,613,-1
615,NODE,n615,2,n90,n116,3,4.000000,4.000000,0.000000,4,1.00,NAND2_X1,1.000000,0.000000,90,116
616,NODE,n616,1,n615,,7,5.000000,9.000000,4.000000,5,1.00,INV_X1,0.862069,4.000000,615,-1
617,NODE,n617,2,n614,n616,1,6.000000,10.000000,4.000000,6,1.00,NAND2_X1,0.862069,4.000000,614,616
618,NODE,n618,2,n78,n138,5,2.000000,4.000000,2.000000,2,1.00,NAND2_X1,0.931035,2.000000,78,138
619,NODE,n619,1,n618,,32,3.000000,5.000000,2.000000,3,1.00,INV_X1,0.931035,2.000000,618,-1
620,NODE,n620,2,n90,n597,2,4.000000,6.000000,2.000000,4,1.00,NAND2_X1,0.931035,2.000000,90,597
621,NODE,n621,2,n124,n620,1,5.000000,9.000000,4.000000,5,1.00,NAND2_X1,0.862069,4.000000,124,620
622,NODE,n622,2,n619,n621,1,6.000000,10.000000,4.000000,6,1.00,NAND2_X1,0.862069,4.000000,619,621
623,NODE,n623,2,n617,n622,1,7.000000,11.000000,4.000000,7,1.00,NAND2_X1,0.862069,4.000000,617,622
624,NODE,n624,2,n154,n623,1,8.000000,12.000000,4.000000,8,1.00,NAND2_X1,0.862069,4.000000,154,623
625,NODE,n625,2,pi03,n594,3,4.000000,5.000000,1.000000,4,1.00,NAND2_X1,0.965517,1.000000,4,594
626,NODE,n626,2,n332,n625,1,5.000000,9.000000,4.000000,5,1.00,NAND2_X1,0.862069,4.000000,332,625
627,NODE,n627,2,pi02,n626,1,6.000000,10.000000,4.000000,6,1.00,AND2_X1,0.862069,4.000000,3,626
628,NODE,n628,2,pi01,n627,1,7.000000,11.000000,4.000000,7,1.00,AND2_X1,0.862069,4.000000,2,627
629,NODE,n629,2,pi00,n628,1,8.000000,12.000000,4.000000,8,1.00,NAND2_X1,0.862069,4.000000,1,628
630,NODE,n630,2,n624,n629,1,9.000000,13.000000,4.000000,9,1.00,NAND2_X1,0.862069,4.000000,624,629
631,NODE,n631,2,pi07,n630,1,10.000000,14.000000,4.000000,10,1.00,NAND2_X1,0.862069,4.000000,8,630
632,NODE,n632,2,pi01,n333,1,4.000000,10.000000,6.000000,4,1.00,NAND2_X1,0.793103,6.000000,2,333
633,NODE,n633,2,n177,n338,1,4.000000,10.000000,6.000000,4,1.00,NAND2_X1,0.793103,6.000000,177,338
634,NODE,n634,2,n632,n633,1,5.000000,11.000000,6.000000,5,1.00,NAND2_X1,0.793103,6.000000,632,633
635,NODE,n635,2,n61,n634,1,6.000000,12.000000,6.000000,6,1.00,AND2_X1,0.793103,6.000000,61,634
636,NODE,n636,2,pi04,n635,1,7.000000,13.000000,6.000000,7,1.00,AND2_X1,0.793103,6.000000,5,635
637,NODE,n637,2,n78,n636,1,8.000000,14.000000,6.000000,8,1.00,NAND2_X1,0.793103,6.000000,78,636
638,NODE,n638,2,n631,n637,1,11.000000,15.000000,4.000000,11,1.00,AND2_X1,0.862069,4.000000,631,637
639,NODE,n639,2,n334,n339,3,3.000000,10.000000,7.000000,3,1.00,NAND2_X1,0.758621,7.000000,334,339
640,NODE,n640,2,pi03,n79,1,3.000000,10.000000,7.000000,3,1.00,NAND2_X1,0.758621,7.000000,4,79
641,NODE,n641,2,n78,n156,2,4.000000,9.000000,5.000000,4,1.00,NAND2_X1,0.827586,5.000000,78,156
642,NODE,n642,2,n640,n641,1,5.000000,11.000000,6.000000,5,1.00,NAND2_X1,0.793103,6.000000,640,641
643,NODE,n643,2,pi07,n642,1,6.000000,12.000000,6.000000,6,1.00,AND2_X1,0.793103,6.000000,8,642
644,NODE,n644,2,pi05,n643,1,7.000000,13.000000,6.000000,7,1.00,NAND2_X1,0.793103,6.000000,6,643
645,NODE,n645,2,n54,n527,3,4.000000,7.000000,3.000000,4,1.00,NAND2_X1,0.896552,3.000000,54,527
646,NODE,n646,1,n645,,2,5.000000,8.000000,3.000000,5,1.00,INV_X1,0.896552,3.000000,645,-1
647,NODE,n647,2,n101,n646,1,6.000000,13.000000,7.000000,6,1.00,NAND2_X1,0.758621,7.000000,101,646
648,NODE,n648,2,n644,n647,1,8.000000,14.000000,6.000000,8,1.00,NAND2_X1,0.793103,6.000000,644,647
649,NODE,n649,2,n639,n648,1,9.000000,15.000000,6.000000,9,1.00,NAND2_X1,0.793103,6.000000,639,648
650,NODE,n650,2,n638,n649,1,12.000000,16.000000,4.000000,12,1.00,NAND2_X1,0.862069,4.000000,638,649
651,NODE,n651,2,pi09,n650,1,13.000000,17.000000,4.000000,13,1.00,NAND2_X1,0.862069,4.000000,10,650
652,NODE,n652,2,n78,pi01,2,2.000000,4.000000,2.000000,2,1.00,NAND2_X1,0.931035,2.000000,78,2
653,NODE,n653,1,n652,,20,3.000000,5.000000,2.000000,3,1.00,INV_X1,0.931035,2.000000,652,-1
654,NODE,n654,2,n224,n653,2,4.000000,13.000000,9.000000,4,1.00,AND2_X1,0.689655,9.000000,224,653
655,NODE,n655,2,n545,n597,1,4.000000,16.000000,12.000000,4,1.00,AND2_X1,0.586207,12.000000,545,597
656,NODE,n656,2,n654,n655,1,5.000000,17.000000,12.000000,5,1.00,NAND2_X1,0.586207,12.000000,654,655
657,NODE,n657,2,n651,n656,1,14.000000,18.000000,4.000000,14,1.00,NAND2_X1,0.862069,4.000000,651,656
658,NODE,n658,2,n35,n657,1,15.000000,19.000000,4.000000,15,1.00,NAND2_X1,0.862069,4.000000,35,657
659,NODE,n659,2,n612,n658,1,17.000000,20.000000,3.000000,17,1.00,NAND2_X1,0.896552,3.000000,612,658
660,NODE,n660,2,pi06,n659,1,18.000000,21.000000,3.000000,18,1.00,NAND2_X1,0.896552,3.000000,7,659
661,NODE,n661,2,n78,n61,4,2.000000,6.000000,4.000000,2,1.00,NAND2_X1,0.862069,4.000000,78,61
662,NODE,n662,2,n62,n661,1,3.000000,8.000000,5.000000,3,1.00,AND2_X1,0.827586,5.000000,62,661
663,NODE,n663,2,n35,n662,1,4.000000,9.000000,5.000000,4,1.00,NAND2_X1,0.827586,5.000000,35,662
664,NODE,n664,1,n661,,2,3.000000,7.000000,4.000000,3,1.00,INV_X1,0.862069,4.000000,661,-1
665,NODE,n665,2,n484,n664,1,4.000000,9.000000,5.000000,4,1.00,NAND2_X1,0.827586,5.000000,484,664
666,NODE,n666,2,n663,n665,1,5.000000,10.000000,5.000000,5,1.00,NAND2_X1,0.827586,5.000000,663,665
667,NODE,n667,2,pi03,n666,1,6.000000,11.000000,5.000000,6,1.00,NAND2_X1,0.827586,5.000000,4,666
668,NODE,n668,2,pi00,n318,1,3.000000,8.000000,5.000000,3,1.00,NAND2_X1,0.827586,5.000000,1,318
669,NODE,n669,2,n661,n668,1,4.000000,9.000000,5.000000,4,1.00,NAND2_X1,0.827586,5.000000,661,668
670,NODE,n670,2,pi08,n669,1,5.000000,10.000000,5.000000,5,1.00,AND2_X1,0.827586,5.000000,9,669
671,NODE,n671,2,n90,n670,1,6.000000,11.000000,5.000000,6,1.00,NAND2_X1,0.827586,5.000000,90,670
672,NODE,n672,2,n667,n671,1,7.000000,12.000000,5.000000,7,1.00,NAND2_X1,0.827586,5.000000,667,671
673,NODE,n673,2,n34,n672,1,8.000000,13.000000,5.000000,8,1.00,NAND2_X1,0.827586,5.000000,34,672
674,NODE,n674,2,n78,n333,1,4.000000,12.000000,8.000000,4,1.00,AND2_X1,0.724138,8.000000,78,333
675,NODE,n675,2,pi07,n64,2,4.000000,8.000000,4.000000,4,1.00,NAND2_X1,0.862069,4.000000,8,64
676,NODE,n676,1,n675,,4,5.000000,9.000000,4.000000,5,1.00,INV_X1,0.862069,4.000000,675,-1
677,NODE,n677,2,n674,n676,1,6.000000,13.000000,7.000000,6,1.00,NAND2_X1,0.758621,7.000000,674,676
678,NODE,n678,2,n673,n677,1,9.000000,14.000000,5.000000,9,1.00,NAND2_X1,0.827586,5.000000,673,677
679,NODE,n679,2,n138,n678,1,10.000000,15.000000,5.000000,10,1.00,NAND2_X1,0.827586,5.000000,138,678
680,NODE,n680,2,n90,n61,2,2.000000,5.000000,3.000000,2,1.00,NAND2_X1,0.896552,3.000000,90,61
681,NODE,n681,2,pi03,pi07,3,1.000000,5.000000,4.000000,1,1.00,NAND2_X1,0.862069,4.000000,4,8
682,NODE,n682,2,n680,n681,5,3.000000,6.000000,3.000000,3,1.00,NAND2_X1,0.896552,3.000000,680,681
683,NODE,n683,2,n35,n682,1,4.000000,10.000000,6.000000,4,1.00,NAND2_X1,0.793103,6.000000,35,682
684,NODE,n684,2,pi00,n82,1,4.000000,10.000000,6.000000,4,1.00,NAND2_X1,0.793103,6.000000,1,82
685,NODE,n685,2,n683,n684,1,5.000000,11.000000,6.000000,5,1.00,NAND2_X1,0.793103,6.000000,683,684
686,NODE,n686,2,pi05,n685,1,6.000000,12.000000,6.000000,6,1.00,NAND2_X1,0.793103,6.000000,6,685
687,NODE,n687,2,n78,n90,15,2.000000,4.000000,2.000000,2,1.00,AND2_X1,0.931035,2.000000,78,90
688,NODE,n688,2,pi07,n35,2,2.000000,4.000000,2.000000,2,1.00,NAND2_X1,0.931035,2.000000,8,35
689,NODE,n689,1,n688,,21,3.000000,5.000000,2.000000,3,1.00,INV_X1,0.931035,2.000000,688,-1
690,NODE,n690,2,n34,n689,2,4.000000,7.000000,3.000000,4,1.00,NAND2_X1,0.896552,3.000000,34,689
691,NODE,n691,1,n690,,3,5.000000,8.000000,3.000000,5,1.00,INV_X1,0.896552,3.000000,690,-1
692,NODE,n692,2,n687,n691,1,6.000000,12.000000,6.000000,6,1.00,NAND2_X1,0.793103,6.000000,687,691
693,NODE,n693,2,n686,n692,1,7.000000,13.000000,6.000000,7,1.00,NAND2_X1,0.793103,6.000000,686,692
694,NODE,n694,2,pi09,n693,1,8.000000,14.000000,6.000000,8,1.00,AND2_X1,0.793103,6.000000,10,693
695,NODE,n695,2,pi01,n694,1,9.000000,15.000000,6.000000,9,1.00,NAND2_X1,0.793103,6.000000,2,694
696,NODE,n696,2,n679,n695,1,11.000000,16.000000,5.000000,11,1.00,NAND2_X1,0.827586,5.000000,679,695
697,NODE,n697,2,n154,n696,1,12.000000,17.000000,5.000000,12,1.00,NAND2_X1,0.827586,5.000000,154,696
698,NODE,n698,2,pi03,n265,1,4.000000,9.000000,5.000000,4,1.00,NAND2_X1,0.827586,5.000000,4,265
699,NODE,n699,2,n90,n534,2,4.000000,9.000000,5.000000,4,1.00,NAND2_X1,0.827586,5.000000,90,534
700,NODE,n700,2,n698,n699,1,5.000000,10.000000,5.000000,5,1.00,NAND2_X1,0.827586,5.000000,698,699
701,NODE,n701,2,n35,n700,1,6.000000,11.000000,5.000000,6,1.00,AND2_X1,0.827586,5.000000,35,700
702,NODE,n702,2,pi01,n701,1,7.000000,12.000000,5.000000,7,1.00,NAND2_X1,0.827586,5.000000,2,701
703,NODE,n703,2,n138,n34,2,2.000000,5.000000,3.000000,2,1.00,NAND2_X1,0.896552,3.000000,138,34
704,NODE,n704,1,n703,,3,3.000000,10.000000,7.000000,3,1.00,INV_X1,0.758621,7.000000,703,-1
705,NODE,n705,2,n82,n704,2,4.000000,11.000000,7.000000,4,1.00,NAND2_X1,0.758621,7.000000,82,704
706,NODE,n706,2,n702,n705,1,8.000000,13.000000,5.000000,8,1.00,NAND2_X1,0.827586,5.000000,702,705
707,NODE,n707,2,n78,n706,1,9.000000,14.000000,5.000000,9,1.00,NAND2_X1,0.827586,5.000000,78,706
708,NODE,n708,2,n90,n527,1,4.000000,9.000000,5.000000,4,1.00,NAND2_X1,0.827586,5.000000,90,527
709,NODE,n709,2,n681,n708,1,5.000000,10.000000,5.000000,5,1.00,NAND2_X1,0.827586,5.000000,681,708
710,NODE,n710,2,pi08,n709,1,6.000000,11.000000,5.000000,6,1.00,AND2_X1,0.827586,5.000000,9,709
711,NODE,n711,2,n138,n710,1,7.000000,12.000000,5.000000,7,1.00,NAND2_X1,0.827586,5.000000,138,710
712,NODE,n712,2,pi01,n90,2,2.000000,4.000000,2.000000,2,1.00,NAND2_X1,0.931035,2.000000,2,90
713,NODE,n713,1,n712,,10,3.000000,5.000000,2.000000,3,1.00,INV_X1,0.931035,2.000000,712,-1
714,NODE,n714,2,n61,n35,2,2.000000,4.000000,2.000000,2,1.00,NAND2_X1,0.931035,2.000000,61,35
715,NODE,n715,1,n714,,17,3.000000,5.000000,2.000000,3,1.00,INV_X1,0.931035,2.000000,714,-1
716,NODE,n716,2,pi05,n715,2,4.000000,11.000000,7.000000,4,1.00,AND2_X1,0.758621,7.000000,6,715
717,NODE,n717,2,n713,n716,1,5.000000,12.000000,7.000000,5,1.00,NAND2_X1,0.758621,7.000000,713,716
718,NODE,n718,2,n711,n717,1,8.000000,13.000000,5.000000,8,1.00,NAND2_X1,0.827586,5.000000,711,717
719,NODE,n719,2,pi00,n718,1,9.000000,14.000000,5.000000,9,1.00,NAND2_X1,0.827586,5.000000,1,718
720,NODE,n720,2,n707,n719,1,10.000000,15.000000,5.000000,10,1.00,NAND2_X1,0.827586,5.000000,707,719
721,NODE,n721,2,pi09,n720,1,11.000000,16.000000,5.000000,11,1.00,AND2_X1,0.827586,5.000000,10,720
722,NODE,n722,2,pi02,n721,1,12.000000,17.000000,5.000000,12,1.00,NAND2_X1,0.827586,5.000000,3,721
723,NODE,n723,2,n697,n722,1,13.000000,18.000000,5.000000,13,1.00,NAND2_X1,0.827586,5.000000,697,722
724,NODE,n724,2,n54,n723,1,14.000000,19.000000,5.000000,14,1.00,NAND2_X1,0.827586,5.000000,54,723
725,NODE,n725,2,n138,n82,2,4.000000,8.000000,4.000000,4,1.00,NAND2_X1,0.862069,4.000000,138,82
726,NODE,n726,2,pi01,n689,1,4.000000,10.000000,6.000000,4,1.00,NAND2_X1,0.793103,6.000000,2,689
727,NODE,n727,2,n725,n726,1,5.000000,11.000000,6.000000,5,1.00,NAND2_X1,0.793103,6.000000,725,726
728,NODE,n728,2,pi00,n727,1,6.000000,12.000000,6.000000,6,1.00,NAND2_X1,0.793103,6.000000,1,727
729,NODE,n729,2,n653,n689,1,4.000000,12.000000,8.000000,4,1.00,NAND2_X1,0.724138,8.000000,653,689
730,NODE,n730,2,n728,n729,1,7.000000,13.000000,6.000000,7,1.00,NAND2_X1,0.793103,6.000000,728,729
731,NODE,n731,2,pi05,n730,1,8.000000,14.000000,6.000000,8,1.00,AND2_X1,0.793103,6.000000,6,730
732,NODE,n732,2,n154,n731,1,9.000000,15.000000,6.000000,9,1.00,NAND2_X1,0.793103,6.000000,154,731
733,NODE,n733,2,n78,n335,7,3.000000,10.000000,7.000000,3,1.00,AND2_X1,0.758621,7.000000,78,335
734,NODE,n734,2,n691,n733,1,6.000000,15.000000,9.000000,6,1.00,NAND2_X1,0.689655,9.000000,691,733
735,NODE,n735,2,n732,n734,1,10.000000,16.000000,6.000000,10,1.00,AND2_X1,0.793103,6.000000,732,734
736,NODE,n736,2,n90,pi08,3,2.000000,3.000000,1.000000,2,1.00,NAND2_X1,0.965517,1.000000,90,9
737,NODE,n737,2,pi03,n35,2,2.000000,3.000000,1.000000,2,1.00,NAND2_X1,0.965517,1.000000,4,35
738,NODE,n738,2,n736,n737,2,3.000000,4.000000,1.000000,3,1.00,NAND2_X1,0.965517,1.000000,736,737
739,NODE,n739,2,pi00,n738,1,4.000000,7.000000,3.000000,4,1.00,NAND2_X1,0.896552,3.000000,1,738
740,NODE,n740,1,n737,,1,3.000000,6.000000,3.000000,3,1.00,INV_X1,0.896552,3.000000,737,-1
741,NODE,n741,2,n78,n740,1,4.000000,7.000000,3.000000,4,1.00,NAND2_X1,0.896552,3.000000,78,740
742,NODE,n742,2,n739,n741,1,5.000000,8.000000,3.000000,5,1.00,NAND2_X1,0.896552,3.000000,739,741
743,NODE,n743,2,n61,n742,1,6.000000,9.000000,3.000000,6,1.00,NAND2_X1,0.896552,3.000000,61,742
744,NODE,n744,2,n687,n689,1,4.000000,9.000000,5.000000,4,1.00,NAND2_X1,0.827586,5.000000,687,689
745,NODE,n745,2,n743,n744,1,7.000000,10.000000,3.000000,7,1.00,NAND2_X1,0.896552,3.000000,743,744
746,NODE,n746,2,pi05,n745,1,8.000000,11.000000,3.000000,8,1.00,NAND2_X1,0.896552,3.000000,6,745
747,NODE,n747,2,n78,n82,1,4.000000,8.000000,4.000000,4,1.00,NAND2_X1,0.862069,4.000000,78,82
748,NODE,n748,2,pi00,n689,1,4.000000,8.000000,4.000000,4,1.00,NAND2_X1,0.862069,4.000000,1,689
749,NODE,n749,2,n747,n748,1,5.000000,9.000000,4.000000,5,1.00,NAND2_X1,0.862069,4.000000,747,748
750,NODE,n750,2,n34,n749,1,6.000000,10.000000,4.000000,6,1.00,AND2_X1,0.862069,4.000000,34,749
751,NODE,n751,2,n90,n750,1,7.000000,11.000000,4.000000,7,1.00,NAND2_X1,0.862069,4.000000,90,750
752,NODE,n752,2,n746,n751,1,9.000000,12.000000,3.000000,9,1.00,NAND2_X1,0.896552,3.000000,746,751
753,NODE,n753,2,pi02,n752,1,10.000000,13.000000,3.000000,10,1.00,NAND2_X1,0.896552,3.000000,3,752
754,NODE,n754,2,n154,n90,5,2.000000,2.000000,0.000000,2,1.00,NAND2_X1,1.000000,0.000000,154,90
755,NODE,n755,1,n754,,30,3.000000,3.000000,0.000000,3,1.00,INV_X1,1.000000,0.000000,754,-1
756,NODE,n756,2,n78,n755,3,4.000000,8.000000,4.000000,4,1.00,AND2_X1,0.862069,4.000000,78,755
757,NODE,n757,2,n83,n756,1,5.000000,13.000000,8.000000,5,1.00,NAND2_X1,0.724138,8.000000,83,756
758,NODE,n758,2,n753,n757,1,11.000000,14.000000,3.000000,11,1.00,NAND2_X1,0.896552,3.000000,753,757
759,NODE,n759,2,n138,n758,1,12.000000,15.000000,3.000000,12,1.00,NAND2_X1,0.896552,3.000000,138,758
760,NODE,n760,2,n345,n561,1,4.000000,14.000000,10.000000,4,1.00,AND2_X1,0.655172,10.000000,345,561
761,NODE,n761,2,n82,n760,1,5.000000,15.000000,10.000000,5,1.00,NAND2_X1,0.655172,10.000000,82,760
762,NODE,n762,2,n759,n761,1,13.000000,16.000000,3.000000,13,1.00,AND2_X1,0.896552,3.000000,759,761
763,NODE,n763,2,n735,n762,1,14.000000,17.000000,3.000000,14,1.00,NAND2_X1,0.896552,3.000000,735,762
764,NODE,n764,2,pi09,n763,1,15.000000,18.000000,3.000000,15,1.00,AND2_X1,0.896552,3.000000,10,763
765,NODE,n765,2,pi04,n764,1,16.000000,19.000000,3.000000,16,1.00,NAND2_X1,0.896552,3.000000,5,764
766,NODE,n766,2,n724,n765,1,17.000000,20.000000,3.000000,17,1.00,NAND2_X1,0.896552,3.000000,724,765
767,NODE,n767,2,n368,n766,1,18.000000,21.000000,3.000000,18,1.00,NAND2_X1,0.896552,3.000000,368,766
768,NODE,n768,2,n660,n767,1,19.000000,22.000000,3.000000,19,1.00,NAND2_X1,0.896552,3.000000,660,767
769,NODE,n769,2,pi10,n768,1,20.000000,23.000000,3.000000,20,1.00,NAND2_X1,0.896552,3.000000,11,768
770,NODE,n770,2,pi06,pi07,2,1.000000,4.000000,3.000000,1,1.00,NAND2_X1,0.896552,3.000000,7,8
771,NODE,n771,1,n770,,10,2.000000,5.000000,3.000000,2,1.00,INV_X1,0.896552,3.000000,770,-1
772,NODE,n772,2,pi05,n771,2,3.000000,7.000000,4.000000,3,1.00,NAND2_X1,0.862069,4.000000,6,771
773,NODE,n773,1,n772,,2,4.000000,11.000000,7.000000,4,1.00,INV_X1,0.758621,7.000000,772,-1
774,NODE,n774,2,n456,n773,1,6.000000,22.000000,16.000000,6,1.00,AND2_X1,0.448276,16.000000,456,773
775,NODE,n775,1,n229,,2,4.000000,13.000000,9.000000,4,1.00,INV_X1,0.689655,9.000000,229,-1
776,NODE,n776,2,n775,n619,2,5.000000,18.000000,13.000000,5,1.00,AND2_X1,0.551724,13.000000,775,619
777,NODE,n777,2,n774,n776,1,7.000000,23.000000,16.000000,7,1.00,NAND2_X1,0.448276,16.000000,774,776
778,NODE,n778,2,n769,n777,1,21.000000,24.000000,3.000000,21,1.00,NAND2_X1,0.896552,3.000000,769,777
779,NODE,n779,2,n44,n778,1,22.000000,25.000000,3.000000,22,1.00,AND2_X1,0.896552,3.000000,44,778
780,NODE,n780,2,pi13,n779,1,23.000000,26.000000,3.000000,23,1.00,AND2_X1,0.896552,3.000000,14,779
781,NODE,n781,2,pi12,n780,1,24.000000,27.000000,3.000000,24,1.00,AND2_X1,0.896552,3.000000,13,780
782,NODE,n782,2,pi11,n781,1,25.000000,28.000000,3.000000,25,1.00,NAND2_X1,0.896552,3.000000,12,781
783,NODE,n783,2,n522,n782,1,26.000000,29.000000,3.000000,26,1.00,AND2_X1,0.896552,3.000000,522,782
784,NODE,n784,2,n367,n783,1,27.000000,30.000000,3.000000,27,1.00,AND2_X1,0.896552,3.000000,367,783
785,NODE,n785,2,pi00,n90,2,2.000000,7.000000,5.000000,2,1.00,NAND2_X1,0.827586,5.000000,1,90
786,NODE,n786,2,n117,n785,1,3.000000,16.000000,13.000000,3,1.00,NAND2_X1,0.551724,13.000000,117,785
787,NODE,n787,2,n62,pi15,3,2.000000,2.000000,0.000000,2,1.00,NAND2_X1,1.000000,0.000000,62,16
788,NODE,n788,1,n787,,14,3.000000,3.000000,0.000000,3,1.00,INV_X1,1.000000,0.000000,787,-1
789,NODE,n789,2,n35,n788,3,4.000000,4.000000,0.000000,4,1.00,NAND2_X1,1.000000,0.000000,35,788
790,NODE,n790,1,pi15,,124,1.000000,1.000000,0.000000,1,1.00,INV_X1,1.000000,0.000000,16,-1
791,NODE,n791,2,pi09,n790,3,2.000000,2.000000,0.000000,2,1.00,NAND2_X1,1.000000,0.000000,10,790
792,NODE,n792,1,n791,,11,3.000000,3.000000,0.000000,3,1.00,INV_X1,1.000000,0.000000,791,-1
793,NODE,n793,2,pi08,n792,2,4.000000,4.000000,0.000000,4,1.00,NAND2_X1,1.000000,0.000000,9,792
794,NODE,n794,2,n789,n793,4,5.000000,5.000000,0.000000,5,1.00,NAND2_X1,1.000000,0.000000,789,793
795,NODE,n795,2,pi07,n794,1,6.000000,13.000000,7.000000,6,1.00,NAND2_X1,0.758621,7.000000,8,794
796,NODE,n796,2,n62,n790,2,2.000000,2.000000,0.000000,2,1.00,NAND2_X1,1.000000,0.000000,62,790
797,NODE,n797,1,n796,,14,3.000000,3.000000,0.000000,3,1.00,INV_X1,1.000000,0.000000,796,-1
798,NODE,n798,2,n715,n797,1,4.000000,13.000000,9.000000,4,1.00,NAND2_X1,0.689655,9.000000,715,797
799,NODE,n799,2,n795,n798,1,7.000000,14.000000,7.000000,7,1.00,NAND2_X1,0.758621,7.000000,795,798
800,NODE,n800,2,pi02,n799,1,8.000000,15.000000,7.000000,8,1.00,NAND2_X1,0.758621,7.000000,3,799
801,NODE,n801,2,n154,n61,2,2.000000,7.000000,5.000000,2,1.00,NAND2_X1,0.827586,5.000000,154,61
802,NODE,n802,1,n801,,3,3.000000,9.000000,6.000000,3,1.00,INV_X1,0.793103,6.000000,801,-1
803,NODE,n803,2,n35,n797,1,4.000000,14.000000,10.000000,4,1.00,AND2_X1,0.655172,10.000000,35,797
804,NODE,n804,2,n802,n803,1,5.000000,15.000000,10.000000,5,1.00,NAND2_X1,0.655172,10.000000,802,803
805,NODE,n805,2,n800,n804,1,9.000000,16.000000,7.000000,9,1.00,NAND2_X1,0.758621,7.000000,800,804
806,NODE,n806,2,n786,n805,1,10.000000,17.000000,7.000000,10,1.00,NAND2_X1,0.758621,7.000000,786,805
807,NODE,n807,1,n568,,1,3.000000,10.000000,7.000000,3,1.00,INV_X1,0.758621,7.000000,568,-1
808,NODE,n808,2,n807,n797,1,4.000000,11.000000,7.000000,4,1.00,NAND2_X1,0.758621,7.000000,807,797
809,NODE,n809,2,n311,n544,3,3.000000,8.000000,5.000000,3,1.00,NAND2_X1,0.827586,5.000000,311,544
810,NODE,n810,2,pi15,n809,1,4.000000,11.000000,7.000000,4,1.00,NAND2_X1,0.758621,7.000000,16,809
811,NODE,n811,2,n808,n810,1,5.000000,12.000000,7.000000,5,1.00,NAND2_X1,0.758621,7.000000,808,810
812,NODE,n812,2,n154,n811,1,6.000000,13.000000,7.000000,6,1.00,NAND2_X1,0.758621,7.000000,154,811
813,NODE,n813,2,pi07,pi15,3,1.000000,2.000000,1.000000,1,1.00,NAND2_X1,0.965517,1.000000,8,16
814,NODE,n814,2,n61,n790,2,2.000000,2.000000,0.000000,2,1.00,NAND2_X1,1.000000,0.000000,61,790
815,NODE,n815,2,n813,n814,3,3.000000,9.000000,6.000000,3,1.00,NAND2_X1,0.793103,6.000000,813,814
816,NODE,n816,2,n62,n815,1,4.000000,11.000000,7.000000,4,1.00,AND2_X1,0.758621,7.000000,62,815
817,NODE,n817,2,pi02,n816,1,5.000000,12.000000,7.000000,5,1.00,AND2_X1,0.758621,7.000000,3,816
818,NODE,n818,2,pi00,n817,1,6.000000,13.000000,7.000000,6,1.00,NAND2_X1,0.758621,7.000000,1,817
819,NODE,n819,2,n812,n818,1,7.000000,14.000000,7.000000,7,1.00,NAND2_X1,0.758621,7.000000,812,818
820,NODE,n820,2,pi03,n819,1,8.000000,15.000000,7.000000,8,1.00,NAND2_X1,0.758621,7.000000,4,819
821,NODE,n821,2,pi02,n815,1,4.000000,11.000000,7.000000,4,1.00,NAND2_X1,0.758621,7.000000,3,815
822,NODE,n822,1,n814,,17,3.000000,3.000000,0.000000,3,1.00,INV_X1,1.000000,0.000000,814,-1
823,NODE,n823,2,n154,n822,3,4.000000,4.000000,0.000000,4,1.00,NAND2_X1,1.000000,0.000000,154,822
824,NODE,n824,2,n821,n823,1,5.000000,12.000000,7.000000,5,1.00,NAND2_X1,0.758621,7.000000,821,823
825,NODE,n825,2,n62,n824,1,6.000000,13.000000,7.000000,6,1.00,AND2_X1,0.758621,7.000000,62,824
826,NODE,n826,2,n90,n825,1,7.000000,14.000000,7.000000,7,1.00,AND2_X1,0.758621,7.000000,90,825
827,NODE,n827,2,n78,n826,1,8.000000,15.000000,7.000000,8,1.00,NAND2_X1,0.758621,7.000000,78,826
828,NODE,n828,2,n820,n827,1,9.000000,16.000000,7.000000,9,1.00,NAND2_X1,0.758621,7.000000,820,827
829,NODE,n829,2,n35,n828,1,10.000000,17.000000,7.000000,10,1.00,NAND2_X1,0.758621,7.000000,35,828
830,NODE,n830,2,n806,n829,1,11.000000,18.000000,7.000000,11,1.00,NAND2_X1,0.758621,7.000000,806,829
831,NODE,n831,2,n44,n830,1,12.000000,19.000000,7.000000,12,1.00,AND2_X1,0.758621,7.000000,44,830
832,NODE,n832,2,pi13,n831,1,13.000000,20.000000,7.000000,13,1.00,AND2_X1,0.758621,7.000000,14,831
833,NODE,n833,2,pi12,n832,1,14.000000,21.000000,7.000000,14,1.00,AND2_X1,0.758621,7.000000,13,832
834,NODE,n834,2,pi11,n833,1,15.000000,22.000000,7.000000,15,1.00,AND2_X1,0.758621,7.000000,12,833
835,NODE,n835,2,pi10,n834,1,16.000000,23.000000,7.000000,16,1.00,NAND2_X1,0.758621,7.000000,11,834
836,NODE,n836,2,pi00,n127,2,3.000000,3.000000,0.000000,3,1.00,NAND2_X1,1.000000,0.000000,1,127
837,NODE,n837,2,n78,n715,1,4.000000,11.000000,7.000000,4,1.00,NAND2_X1,0.758621,7.000000,78,715
838,NODE,n838,2,n836,n837,1,5.000000,12.000000,7.000000,5,1.00,AND2_X1,0.758621,7.000000,836,837
839,NODE,n839,2,n90,n82,2,4.000000,10.000000,6.000000,4,1.00,NAND2_X1,0.793103,6.000000,90,82
840,NODE,n840,2,pi03,n689,2,4.000000,10.000000,6.000000,4,1.00,NAND2_X1,0.793103,6.000000,4,689
841,NODE,n841,2,n839,n840,2,5.000000,11.000000,6.000000,5,1.00,NAND2_X1,0.793103,6.000000,839,840
842,NODE,n842,2,pi00,n841,1,6.000000,12.000000,6.000000,6,1.00,NAND2_X1,0.793103,6.000000,1,841
843,NODE,n843,2,n838,n842,1,7.000000,13.000000,6.000000,7,1.00,NAND2_X1,0.793103,6.000000,838,842
844,NODE,n844,2,n154,n843,1,8.000000,14.000000,6.000000,8,1.00,NAND2_X1,0.793103,6.000000,154,843
845,NODE,n845,1,n839,,1,5.000000,13.000000,8.000000,5,1.00,INV_X1,0.724138,8.000000,839,-1
846,NODE,n846,2,n487,n845,1,6.000000,14.000000,8.000000,6,1.00,NAND2_X1,0.724138,8.000000,487,845
847,NODE,n847,2,n844,n846,1,9.000000,15.000000,6.000000,9,1.00,NAND2_X1,0.793103,6.000000,844,846
848,NODE,n848,2,pi15,n847,1,10.000000,16.000000,6.000000,10,1.00,NAND2_X1,0.793103,6.000000,16,847
849,NODE,n849,2,n78,pi07,2,2.000000,9.000000,7.000000,2,1.00,NAND2_X1,0.758621,7.000000,78,8
850,NODE,n850,2,pi08,n849,1,3.000000,10.000000,7.000000,3,1.00,NAND2_X1,0.758621,7.000000,9,849
851,NODE,n851,2,n78,n689,3,4.000000,8.000000,4.000000,4,1.00,NAND2_X1,0.862069,4.000000,78,689
852,NODE,n852,2,n850,n851,1,5.000000,11.000000,6.000000,5,1.00,NAND2_X1,0.793103,6.000000,850,851
853,NODE,n853,2,pi03,n852,1,6.000000,12.000000,6.000000,6,1.00,NAND2_X1,0.793103,6.000000,4,852
854,NODE,n854,1,n785,,7,3.000000,8.000000,5.000000,3,1.00,INV_X1,0.827586,5.000000,785,-1
855,NODE,n855,2,n127,n854,1,4.000000,12.000000,8.000000,4,1.00,NAND2_X1,0.724138,8.000000,127,854
856,NODE,n856,2,n853,n855,1,7.000000,13.000000,6.000000,7,1.00,NAND2_X1,0.793103,6.000000,853,855
857,NODE,n857,2,pi02,n856,1,8.000000,14.000000,6.000000,8,1.00,NAND2_X1,0.793103,6.000000,3,856
858,NODE,n858,1,n840,,1,5.000000,13.000000,8.000000,5,1.00,INV_X1,0.724138,8.000000,840,-1
859,NODE,n859,2,n78,n154,5,2.000000,4.000000,2.000000,2,1.00,NAND2_X1,0.931035,2.000000,78,154
860,NODE,n860,1,n859,,17,3.000000,5.000000,2.000000,3,1.00,INV_X1,0.931035,2.000000,859,-1
861,NODE,n861,2,n858,n860,1,6.000000,14.000000,8.000000,6,1.00,NAND2_X1,0.724138,8.000000,858,860
862,NODE,n862,2,n857,n861,1,9.000000,15.000000,6.000000,9,1.00,NAND2_X1,0.793103,6.000000,857,861
863,NODE,n863,2,n790,n862,1,10.000000,16.000000,6.000000,10,1.00,NAND2_X1,0.793103,6.000000,790,862
864,NODE,n864,2,n848,n863,1,11.000000,17.000000,6.000000,11,1.00,NAND2_X1,0.793103,6.000000,848,863
865,NODE,n865,2,pi14,n864,1,12.000000,18.000000,6.000000,12,1.00,AND2_X1,0.793103,6.000000,15,864
866,NODE,n866,2,n40,n865,1,13.000000,19.000000,6.000000,13,1.00,AND2_X1,0.793103,6.000000,40,865
867,NODE,n867,2,n39,n866,1,14.000000,20.000000,6.000000,14,1.00,AND2_X1,0.793103,6.000000,39,866
868,NODE,n868,2,n36,n867,1,15.000000,21.000000,6.000000,15,1.00,AND2_X1,0.793103,6.000000,36,867
869,NODE,n869,2,n33,n868,1,16.000000,22.000000,6.000000,16,1.00,AND2_X1,0.793103,6.000000,33,868
870,NODE,n870,2,n62,n869,1,17.000000,23.000000,6.000000,17,1.00,NAND2_X1,0.793103,6.000000,62,869
871,NODE,n871,2,n835,n870,1,18.000000,24.000000,6.000000,18,1.00,NAND2_X1,0.793103,6.000000,835,870
872,NODE,n872,2,pi04,n871,1,19.000000,25.000000,6.000000,19,1.00,NAND2_X1,0.793103,6.000000,5,871
873,NODE,n873,2,pi08,n91,2,3.000000,4.000000,1.000000,3,1.00,NAND2_X1,0.965517,1.000000,9,91
874,NODE,n874,1,n873,,3,4.000000,5.000000,1.000000,4,1.00,INV_X1,0.965517,1.000000,873,-1
875,NODE,n875,2,n42,n874,1,5.000000,6.000000,1.000000,5,1.00,NAND2_X1,0.965517,1.000000,42,874
876,NODE,n876,2,n221,n875,3,6.000000,7.000000,1.000000,6,1.00,NAND2_X1,0.965517,1.000000,221,875
877,NODE,n877,1,n876,,1,7.000000,13.000000,6.000000,7,1.00,INV_X1,0.793103,6.000000,876,-1
878,NODE,n878,2,n35,n33,12,2.000000,6.000000,4.000000,2,1.00,AND2_X1,0.862069,4.000000,35,33
879,NODE,n879,2,pi00,n275,2,5.000000,12.000000,7.000000,5,1.00,AND2_X1,0.758621,7.000000,1,275
880,NODE,n880,2,n878,n879,2,6.000000,13.000000,7.000000,6,1.00,NAND2_X1,0.758621,7.000000,878,879
881,NODE,n881,2,n877,n880,1,8.000000,14.000000,6.000000,8,1.00,NAND2_X1,0.793103,6.000000,877,880
882,NODE,n882,2,n61,n881,1,9.000000,15.000000,6.000000,9,1.00,NAND2_X1,0.793103,6.000000,61,881
883,NODE,n883,2,pi00,pi07,5,1.000000,4.000000,3.000000,1,1.00,AND2_X1,0.896552,3.000000,1,8
884,NODE,n884,2,pi08,n33,2,2.000000,5.000000,3.000000,2,1.00,NAND2_X1,0.896552,3.000000,9,33
885,NODE,n885,1,n884,,4,3.000000,6.000000,3.000000,3,1.00,INV_X1,0.896552,3.000000,884,-1
886,NODE,n886,2,n275,n885,3,5.000000,13.000000,8.000000,5,1.00,AND2_X1,0.724138,8.000000,275,885
887,NODE,n887,2,n883,n886,1,6.000000,15.000000,9.000000,6,1.00,NAND2_X1,0.689655,9.000000,883,886
888,NODE,n888,2,n882,n887,1,10.000000,16.000000,6.000000,10,1.00,NAND2_X1,0.793103,6.000000,882,887
889,NODE,n889,2,pi03,n888,1,11.000000,17.000000,6.000000,11,1.00,NAND2_X1,0.793103,6.000000,4,888
890,NODE,n890,2,n272,n275,4,5.000000,15.000000,10.000000,5,1.00,AND2_X1,0.655172,10.000000,272,275
891,NODE,n891,2,n90,n890,1,6.000000,16.000000,10.000000,6,1.00,AND2_X1,0.655172,10.000000,90,890
892,NODE,n892,2,pi00,n891,1,7.000000,17.000000,10.000000,7,1.00,NAND2_X1,0.655172,10.000000,1,891
893,NODE,n893,2,n889,n892,1,12.000000,18.000000,6.000000,12,1.00,NAND2_X1,0.793103,6.000000,889,892
894,NODE,n894,2,n790,n893,1,13.000000,19.000000,6.000000,13,1.00,NAND2_X1,0.793103,6.000000,790,893
895,NODE,n895,2,n81,n688,6,3.000000,7.000000,4.000000,3,1.00,NAND2_X1,0.862069,4.000000,81,688
896,NODE,n896,2,pi15,n895,2,4.000000,10.000000,6.000000,4,1.00,AND2_X1,0.793103,6.000000,16,895
897,NODE,n897,2,pi14,n896,1,5.000000,13.000000,8.000000,5,1.00,AND2_X1,0.724138,8.000000,15,896
898,NODE,n898,2,n40,n897,1,6.000000,14.000000,8.000000,6,1.00,AND2_X1,0.724138,8.000000,40,897
899,NODE,n899,2,n39,n898,1,7.000000,15.000000,8.000000,7,1.00,AND2_X1,0.724138,8.000000,39,898
900,NODE,n900,2,n36,n899,1,8.000000,16.000000,8.000000,8,1.00,AND2_X1,0.724138,8.000000,36,899
901,NODE,n901,2,n33,n900,1,9.000000,17.000000,8.000000,9,1.00,AND2_X1,0.724138,8.000000,33,900
902,NODE,n902,2,n90,n901,1,10.000000,18.000000,8.000000,10,1.00,AND2_X1,0.724138,8.000000,90,901
903,NODE,n903,2,n78,n902,1,11.000000,19.000000,8.000000,11,1.00,NAND2_X1,0.724138,8.000000,78,902
904,NODE,n904,2,n894,n903,1,14.000000,20.000000,6.000000,14,1.00,NAND2_X1,0.793103,6.000000,894,903
905,NODE,n905,2,pi02,n904,1,15.000000,21.000000,6.000000,15,1.00,NAND2_X1,0.793103,6.000000,3,904
906,NODE,n906,2,pi03,n61,3,2.000000,4.000000,2.000000,2,1.00,NAND2_X1,0.931035,2.000000,4,61
907,NODE,n907,2,pi15,n906,1,3.000000,13.000000,10.000000,3,1.00,AND2_X1,0.655172,10.000000,16,906
908,NODE,n908,2,pi14,n907,1,4.000000,14.000000,10.000000,4,1.00,AND2_X1,0.655172,10.000000,15,907
909,NODE,n909,2,n40,n908,1,5.000000,15.000000,10.000000,5,1.00,AND2_X1,0.655172,10.000000,40,908
910,NODE,n910,2,n39,n909,1,6.000000,16.000000,10.000000,6,1.00,AND2_X1,0.655172,10.000000,39,909
911,NODE,n911,2,n36,n910,1,7.000000,17.000000,10.000000,7,1.00,AND2_X1,0.655172,10.000000,36,910
912,NODE,n912,2,n33,n911,1,8.000000,18.000000,10.000000,8,1.00,AND2_X1,0.655172,10.000000,33,911
913,NODE,n913,2,pi08,n912,1,9.000000,19.000000,10.000000,9,1.00,AND2_X1,0.655172,10.000000,9,912
914,NODE,n914,2,n154,n913,1,10.000000,20.000000,10.000000,10,1.00,AND2_X1,0.655172,10.000000,154,913
915,NODE,n915,2,pi00,n914,1,11.000000,21.000000,10.000000,11,1.00,NAND2_X1,0.655172,10.000000,1,914
916,NODE,n916,2,n905,n915,1,16.000000,22.000000,6.000000,16,1.00,NAND2_X1,0.793103,6.000000,905,915
917,NODE,n917,2,n62,n916,1,17.000000,23.000000,6.000000,17,1.00,NAND2_X1,0.793103,6.000000,62,916
918,NODE,n918,2,n78,n224,3,4.000000,10.000000,6.000000,4,1.00,AND2_X1,0.793103,6.000000,78,224
919,NODE,n919,2,n35,pi09,3,2.000000,6.000000,4.000000,2,1.00,NAND2_X1,0.862069,4.000000,35,10
920,NODE,n920,1,n919,,15,3.000000,7.000000,4.000000,3,1.00,INV_X1,0.862069,4.000000,919,-1
921,NODE,n921,2,pi07,n920,5,4.000000,15.000000,11.000000,4,1.00,AND2_X1,0.620690,11.000000,8,920
922,NODE,n922,2,n918,n921,1,5.000000,22.000000,17.000000,5,1.00,AND2_X1,0.413793,17.000000,918,921
923,NODE,n923,2,n44,n790,7,2.000000,5.000000,3.000000,2,1.00,AND2_X1,0.896552,3.000000,44,790
924,NODE,n924,2,n45,n923,2,3.000000,8.000000,5.000000,3,1.00,AND2_X1,0.827586,5.000000,45,923
925,NODE,n925,2,n66,n924,12,4.000000,9.000000,5.000000,4,1.00,AND2_X1,0.827586,5.000000,66,924
926,NODE,n926,2,n922,n925,1,6.000000,23.000000,17.000000,6,1.00,NAND2_X1,0.413793,17.000000,922,925
927,NODE,n927,2,n917,n926,1,18.000000,24.000000,6.000000,18,1.00,NAND2_X1,0.793103,6.000000,917,926
928,NODE,n928,2,n54,n927,1,19.000000,25.000000,6.000000,19,1.00,NAND2_X1,0.793103,6.000000,54,927
929,NODE,n929,2,n872,n928,1,20.000000,26.000000,6.000000,20,1.00,NAND2_X1,0.793103,6.000000,872,928
930,NODE,n930,2,n34,n929,1,21.000000,27.000000,6.000000,21,1.00,NAND2_X1,0.793103,6.000000,34,929
931,NODE,n931,2,pi14,n849,1,3.000000,11.000000,8.000000,3,1.00,AND2_X1,0.724138,8.000000,15,849
932,NODE,n932,2,n40,n931,1,4.000000,12.000000,8.000000,4,1.00,AND2_X1,0.724138,8.000000,40,931
933,NODE,n933,2,n39,n932,1,5.000000,13.000000,8.000000,5,1.00,AND2_X1,0.724138,8.000000,39,932
934,NODE,n934,2,n36,n933,1,6.000000,14.000000,8.000000,6,1.00,AND2_X1,0.724138,8.000000,36,933
935,NODE,n935,2,n33,n934,1,7.000000,15.000000,8.000000,7,1.00,AND2_X1,0.724138,8.000000,33,934
936,NODE,n936,2,n62,n935,1,8.000000,16.000000,8.000000,8,1.00,AND2_X1,0.724138,8.000000,62,935
937,NODE,n937,2,pi02,n936,1,9.000000,17.000000,8.000000,9,1.00,NAND2_X1,0.724138,8.000000,3,936
938,NODE,n938,2,n318,n860,1,4.000000,16.000000,12.000000,4,1.00,AND2_X1,0.586207,12.000000,318,860
939,NODE,n939,2,n70,n938,1,5.000000,17.000000,12.000000,5,1.00,NAND2_X1,0.586207,12.000000,70,938
940,NODE,n940,2,n937,n939,1,10.000000,18.000000,8.000000,10,1.00,NAND2_X1,0.724138,8.000000,937,939
941,NODE,n941,2,n790,n940,1,11.000000,19.000000,8.000000,11,1.00,NAND2_X1,0.724138,8.000000,790,940
942,NODE,n942,2,pi15,n305,1,6.000000,16.000000,10.000000,6,1.00,AND2_X1,0.655172,10.000000,16,305
943,NODE,n943,2,pi07,n942,1,7.000000,17.000000,10.000000,7,1.00,AND2_X1,0.655172,10.000000,8,942
944,NODE,n944,2,n154,n943,1,8.000000,18.000000,10.000000,8,1.00,AND2_X1,0.655172,10.000000,154,943
945,NODE,n945,2,pi00,n944,1,9.000000,19.000000,10.000000,9,1.00,NAND2_X1,0.655172,10.000000,1,944
946,NODE,n946,2,n941,n945,1,12.000000,20.000000,8.000000,12,1.00,NAND2_X1,0.724138,8.000000,941,945
947,NODE,n947,2,n54,n946,1,13.000000,21.000000,8.000000,13,1.00,NAND2_X1,0.724138,8.000000,54,946
948,NODE,n948,2,n790,n275,6,5.000000,10.000000,5.000000,5,1.00,AND2_X1,0.827586,5.000000,790,275
949,NODE,n949,2,n62,n948,1,6.000000,14.000000,8.000000,6,1.00,NAND2_X1,0.724138,8.000000,62,948
950,NODE,n950,2,pi13,pi15,2,1.000000,2.000000,1.000000,1,1.00,AND2_X1,0.965517,1.000000,14,16
951,NODE,n951,2,n112,n950,6,2.000000,9.000000,7.000000,2,1.00,AND2_X1,0.758621,7.000000,112,950
952,NODE,n952,2,n44,n951,9,3.000000,10.000000,7.000000,3,1.00,AND2_X1,0.758621,7.000000,44,951
953,NODE,n953,2,pi09,n952,1,4.000000,14.000000,10.000000,4,1.00,NAND2_X1,0.655172,10.000000,10,952
954,NODE,n954,2,n949,n953,2,7.000000,15.000000,8.000000,7,1.00,NAND2_X1,0.724138,8.000000,949,953
955,NODE,n955,2,n61,n954,1,8.000000,16.000000,8.000000,8,1.00,NAND2_X1,0.724138,8.000000,61,954
956,NODE,n956,2,n62,n36,4,2.000000,2.000000,0.000000,2,1.00,AND2_X1,1.000000,0.000000,62,36
957,NODE,n957,2,n883,n956,1,3.000000,15.000000,12.000000,3,1.00,AND2_X1,0.586207,12.000000,883,956
958,NODE,n958,2,n39,n40,8,2.000000,3.000000,1.000000,2,1.00,AND2_X1,0.965517,1.000000,39,40
959,NODE,n959,2,pi14,n790,2,2.000000,4.000000,2.000000,2,1.00,NAND2_X1,0.931035,2.000000,15,790
960,NODE,n960,1,n959,,10,3.000000,5.000000,2.000000,3,1.00,INV_X1,0.931035,2.000000,959,-1
961,NODE,n961,2,n958,n960,8,4.000000,6.000000,2.000000,4,1.00,AND2_X1,0.931035,2.000000,958,960
962,NODE,n962,2,n957,n961,1,5.000000,16.000000,11.000000,5,1.00,NAND2_X1,0.620690,11.000000,957,961
963,NODE,n963,2,n955,n962,1,9.000000,17.000000,8.000000,9,1.00,NAND2_X1,0.724138,8.000000,955,962
964,NODE,n964,2,pi02,n963,1,10.000000,18.000000,8.000000,10,1.00,NAND2_X1,0.724138,8.000000,3,963
965,NODE,n965,2,pi07,n956,1,3.000000,13.000000,10.000000,3,1.00,AND2_X1,0.655172,10.000000,8,956
966,NODE,n966,2,n42,n965,1,4.000000,14.000000,10.000000,4,1.00,NAND2_X1,0.655172,10.000000,42,965
967,NODE,n967,2,n61,n303,1,4.000000,14.000000,10.000000,4,1.00,NAND2_X1,0.655172,10.000000,61,303
968,NODE,n968,2,n966,n967,1,5.000000,15.000000,10.000000,5,1.00,NAND2_X1,0.655172,10.000000,966,967
969,NODE,n969,2,pi15,n968,1,6.000000,16.000000,10.000000,6,1.00,AND2_X1,0.655172,10.000000,16,968
970,NODE,n970,2,n154,n969,1,7.000000,17.000000,10.000000,7,1.00,AND2_X1,0.655172,10.000000,154,969
971,NODE,n971,2,pi00,n970,1,8.000000,18.000000,10.000000,8,1.00,NAND2_X1,0.655172,10.000000,1,970
972,NODE,n972,2,n964,n971,1,11.000000,19.000000,8.000000,11,1.00,NAND2_X1,0.724138,8.000000,964,971
973,NODE,n973,2,n33,n972,1,12.000000,20.000000,8.000000,12,1.00,AND2_X1,0.724138,8.000000,33,972
974,NODE,n974,2,pi04,n973,1,13.000000,21.000000,8.000000,13,1.00,NAND2_X1,0.724138,8.000000,5,973
975,NODE,n975,2,n947,n974,1,14.000000,22.000000,8.000000,14,1.00,NAND2_X1,0.724138,8.000000,947,974
976,NODE,n976,2,pi03,n975,1,15.000000,23.000000,8.000000,15,1.00,NAND2_X1,0.724138,8.000000,4,975
977,NODE,n977,2,n61,pi15,3,2.000000,2.000000,0.000000,2,1.00,NAND2_X1,1.000000,0.000000,61,16
978,NODE,n978,1,n977,,20,3.000000,3.000000,0.000000,3,1.00,INV_X1,1.000000,0.000000,977,-1
979,NODE,n979,2,n78,n978,1,4.000000,13.000000,9.000000,4,1.00,NAND2_X1,0.689655,9.000000,78,978
980,NODE,n980,2,pi07,n790,3,2.000000,2.000000,0.000000,2,1.00,NAND2_X1,1.000000,0.000000,8,790
981,NODE,n981,1,n980,,19,3.000000,3.000000,0.000000,3,1.00,INV_X1,1.000000,0.000000,980,-1
982,NODE,n982,2,pi00,n981,1,4.000000,13.000000,9.000000,4,1.00,NAND2_X1,0.689655,9.000000,1,981
983,NODE,n983,2,n979,n982,1,5.000000,14.000000,9.000000,5,1.00,NAND2_X1,0.689655,9.000000,979,982
984,NODE,n984,2,pi02,n983,1,6.000000,15.000000,9.000000,6,1.00,NAND2_X1,0.689655,9.000000,3,983
985,NODE,n985,2,n154,pi15,2,2.000000,3.000000,1.000000,2,1.00,NAND2_X1,0.965517,1.000000,154,16
986,NODE,n986,1,n985,,3,3.000000,4.000000,1.000000,3,1.00,INV_X1,0.965517,1.000000,985,-1
987,NODE,n987,2,pi00,n986,1,4.000000,15.000000,11.000000,4,1.00,NAND2_X1,0.620690,11.000000,1,986
988,NODE,n988,2,n984,n987,1,7.000000,16.000000,9.000000,7,1.00,NAND2_X1,0.689655,9.000000,984,987
989,NODE,n989,2,pi14,n988,1,8.000000,17.000000,9.000000,8,1.00,AND2_X1,0.689655,9.000000,15,988
990,NODE,n990,2,n40,n989,1,9.000000,18.000000,9.000000,9,1.00,AND2_X1,0.689655,9.000000,40,989
991,NODE,n991,2,n39,n990,1,10.000000,19.000000,9.000000,10,1.00,AND2_X1,0.689655,9.000000,39,990
992,NODE,n992,2,n36,n991,1,11.000000,20.000000,9.000000,11,1.00,AND2_X1,0.689655,9.000000,36,991
993,NODE,n993,2,n33,n992,1,12.000000,21.000000,9.000000,12,1.00,AND2_X1,0.689655,9.000000,33,992
994,NODE,n994,2,n62,n993,1,13.000000,22.000000,9.000000,13,1.00,AND2_X1,0.689655,9.000000,62,993
995,NODE,n995,2,n90,n994,1,14.000000,23.000000,9.000000,14,1.00,NAND2_X1,0.689655,9.000000,90,994
996,NODE,n996,2,n976,n995,1,16.000000,24.000000,8.000000,16,1.00,NAND2_X1,0.724138,8.000000,976,995
997,NODE,n997,2,pi08,n996,1,17.000000,25.000000,8.000000,17,1.00,NAND2_X1,0.724138,8.000000,9,996
998,NODE,n998,2,n125,n890,1,6.000000,17.000000,11.000000,6,1.00,NAND2_X1,0.620690,11.000000,125,890
999,NODE,n999,2,n231,n279,1,5.000000,17.000000,12.000000,5,1.00,NAND2_X1,0.586207,12.000000,231,279
1000,NODE,n1000,2,n998,n999,1,7.000000,18.000000,11.000000,7,1.00,NAND2_X1,0.620690,11.000000,998,999
1001,NODE,n1001,2,n78,n1000,1,8.000000,19.000000,11.000000,8,1.00,NAND2_X1,0.620690,11.000000,78,1000
1002,NODE,n1002,2,n90,n570,2,4.000000,9.000000,5.000000,4,1.00,NAND2_X1,0.827586,5.000000,90,570
1003,NODE,n1003,1,n1002,,3,5.000000,16.000000,11.000000,5,1.00,INV_X1,0.620690,11.000000,1002,-1
1004,NODE,n1004,2,n404,n1003,1,6.000000,18.000000,12.000000,6,1.00,AND2_X1,0.586207,12.000000,404,1003
1005,NODE,n1005,2,n255,n1004,1,7.000000,19.000000,12.000000,7,1.00,NAND2_X1,0.586207,12.000000,255,1004
1006,NODE,n1006,2,n1001,n1005,1,9.000000,20.000000,11.000000,9,1.00,AND2_X1,0.620690,11.000000,1001,1005
1007,NODE,n1007,1,n579,,6,3.000000,6.000000,3.000000,3,1.00,INV_X1,0.896552,3.000000,579,-1
1008,NODE,n1008,2,n1007,n854,1,4.000000,19.000000,15.000000,4,1.00,AND2_X1,0.482759,15.000000,1007,854
1009,NODE,n1009,2,n70,n1008,1,5.000000,20.000000,15.000000,5,1.00,NAND2_X1,0.482759,15.000000,70,1008
1010,NODE,n1010,2,n1006,n1009,1,10.000000,21.000000,11.000000,10,1.00,NAND2_X1,0.620690,11.000000,1006,1009
1011,NODE,n1011,2,n790,n1010,1,11.000000,22.000000,11.000000,11,1.00,NAND2_X1,0.620690,11.000000,790,1010
1012,NODE,n1012,2,pi14,n682,1,4.000000,12.000000,8.000000,4,1.00,AND2_X1,0.724138,8.000000,15,682
1013,NODE,n1013,2,n40,n1012,1,5.000000,13.000000,8.000000,5,1.00,AND2_X1,0.724138,8.000000,40,1012
1014,NODE,n1014,2,n39,n1013,1,6.000000,14.000000,8.000000,6,1.00,AND2_X1,0.724138,8.000000,39,1013
1015,NODE,n1015,2,n36,n1014,1,7.000000,15.000000,8.000000,7,1.00,AND2_X1,0.724138,8.000000,36,1014
1016,NODE,n1016,2,n33,n1015,1,8.000000,16.000000,8.000000,8,1.00,AND2_X1,0.724138,8.000000,33,1015
1017,NODE,n1017,2,pi04,n1016,1,9.000000,17.000000,8.000000,9,1.00,AND2_X1,0.724138,8.000000,5,1016
1018,NODE,n1018,2,pi00,n1017,1,10.000000,18.000000,8.000000,10,1.00,NAND2_X1,0.724138,8.000000,1,1017
1019,NODE,n1019,2,n70,n570,1,5.000000,17.000000,12.000000,5,1.00,AND2_X1,0.586207,12.000000,70,570
1020,NODE,n1020,2,n687,n1019,1,6.000000,18.000000,12.000000,6,1.00,NAND2_X1,0.586207,12.000000,687,1019
1021,NODE,n1021,2,n1018,n1020,1,11.000000,19.000000,8.000000,11,1.00,NAND2_X1,0.724138,8.000000,1018,1020
1022,NODE,n1022,2,n154,n1021,1,12.000000,20.000000,8.000000,12,1.00,NAND2_X1,0.724138,8.000000,154,1021
1023,NODE,n1023,2,n487,n1003,1,6.000000,19.000000,13.000000,6,1.00,AND2_X1,0.551724,13.000000,487,1003
1024,NODE,n1024,2,n255,n1023,1,7.000000,20.000000,13.000000,7,1.00,NAND2_X1,0.551724,13.000000,255,1023
1025,NODE,n1025,2,n1022,n1024,1,13.000000,21.000000,8.000000,13,1.00,NAND2_X1,0.724138,8.000000,1022,1024
1026,NODE,n1026,2,pi15,n1025,1,14.000000,22.000000,8.000000,14,1.00,NAND2_X1,0.724138,8.000000,16,1025
1027,NODE,n1027,2,n1011,n1026,1,15.000000,23.000000,8.000000,15,1.00,NAND2_X1,0.724138,8.000000,1011,1026
1028,NODE,n1028,2,n62,n1027,1,16.000000,24.000000,8.000000,16,1.00,AND2_X1,0.724138,8.000000,62,1027
1029,NODE,n1029,2,n35,n1028,1,17.000000,25.000000,8.000000,17,1.00,NAND2_X1,0.724138,8.000000,35,1028
1030,NODE,n1030,2,n997,n1029,1,18.000000,26.000000,8.000000,18,1.00,NAND2_X1,0.724138,8.000000,997,1029
1031,NODE,n1031,2,pi05,n1030,1,19.000000,27.000000,8.000000,19,1.00,NAND2_X1,0.724138,8.000000,6,1030
1032,NODE,n1032,2,n930,n1031,1,22.000000,28.000000,6.000000,22,1.00,AND2_X1,0.793103,6.000000,930,1031
1033,NODE,n1033,2,n34,pi15,2,2.000000,3.000000,1.000000,2,1.00,NAND2_X1,0.965517,1.000000,34,16
1034,NODE,n1034,2,pi05,n790,2,2.000000,2.000000,0.000000,2,1.00,NAND2_X1,1.000000,0.000000,6,790
1035,NODE,n1035,2,n1033,n1034,6,3.000000,6.000000,3.000000,3,1.00,NAND2_X1,0.896552,3.000000,1033,1034
1036,NODE,n1036,2,n368,pi07,2,2.000000,6.000000,4.000000,2,1.00,NAND2_X1,0.862069,4.000000,368,8
1037,NODE,n1037,1,n1036,,14,3.000000,7.000000,4.000000,3,1.00,INV_X1,0.862069,4.000000,1036,-1
1038,NODE,n1038,2,n224,n1037,1,4.000000,13.000000,9.000000,4,1.00,NAND2_X1,0.689655,9.000000,224,1037
1039,NODE,n1039,2,pi06,n61,2,2.000000,6.000000,4.000000,2,1.00,NAND2_X1,0.862069,4.000000,7,61
1040,NODE,n1040,1,n1039,,14,3.000000,7.000000,4.000000,3,1.00,INV_X1,0.862069,4.000000,1039,-1
1041,NODE,n1041,2,n321,n1040,2,4.000000,13.000000,9.000000,4,1.00,NAND2_X1,0.689655,9.000000,321,1040
1042,NODE,n1042,2,n1038,n1041,1,5.000000,14.000000,9.000000,5,1.00,AND2_X1,0.689655,9.000000,1038,1041
1043,NODE,n1043,2,n90,n1037,2,4.000000,9.000000,5.000000,4,1.00,NAND2_X1,0.827586,5.000000,90,1037
1044,NODE,n1044,1,n1043,,1,5.000000,13.000000,8.000000,5,1.00,INV_X1,0.724138,8.000000,1043,-1
1045,NODE,n1045,2,pi00,n154,3,2.000000,4.000000,2.000000,2,1.00,NAND2_X1,0.931035,2.000000,1,154
1046,NODE,n1046,1,n1045,,15,3.000000,5.000000,2.000000,3,1.00,INV_X1,0.931035,2.000000,1045,-1
1047,NODE,n1047,2,n1044,n1046,1,6.000000,14.000000,8.000000,6,1.00,NAND2_X1,0.724138,8.000000,1044,1046
1048,NODE,n1048,2,n1042,n1047,1,7.000000,15.000000,8.000000,7,1.00,NAND2_X1,0.724138,8.000000,1042,1047
1049,NODE,n1049,2,n62,n1048,1,8.000000,16.000000,8.000000,8,1.00,NAND2_X1,0.724138,8.000000,62,1048
1050,NODE,n1050,2,pi06,n318,1,3.000000,15.000000,12.000000,3,1.00,AND2_X1,0.586207,12.000000,7,318
1051,NODE,n1051,2,pi02,pi03,2,1.000000,2.000000,1.000000,1,1.00,NAND2_X1,0.965517,1.000000,3,4
1052,NODE,n1052,1,n1051,,15,2.000000,4.000000,2.000000,2,1.00,INV_X1,0.931035,2.000000,1051,-1
1053,NODE,n1053,2,pi00,n1052,9,3.000000,7.000000,4.000000,3,1.00,AND2_X1,0.862069,4.000000,1,1052
1054,NODE,n1054,2,n1050,n1053,1,4.000000,16.000000,12.000000,4,1.00,NAND2_X1,0.586207,12.000000,1050,1053
1055,NODE,n1055,2,n1049,n1054,1,9.000000,17.000000,8.000000,9,1.00,NAND2_X1,0.724138,8.000000,1049,1054
1056,NODE,n1056,2,n54,n1055,1,10.000000,18.000000,8.000000,10,1.00,NAND2_X1,0.724138,8.000000,54,1055
1057,NODE,n1057,2,pi00,n755,2,4.000000,4.000000,0.000000,4,1.00,NAND2_X1,1.000000,0.000000,1,755
1058,NODE,n1058,1,n1057,,2,5.000000,11.000000,6.000000,5,1.00,INV_X1,0.793103,6.000000,1057,-1
1059,NODE,n1059,2,pi04,n368,2,2.000000,6.000000,4.000000,2,1.00,NAND2_X1,0.862069,4.000000,5,368
1060,NODE,n1060,1,n1059,,4,3.000000,12.000000,9.000000,3,1.00,INV_X1,0.689655,9.000000,1059,-1
1061,NODE,n1061,2,n318,n1060,1,4.000000,17.000000,13.000000,4,1.00,AND2_X1,0.551724,13.000000,318,1060
1062,NODE,n1062,2,n1058,n1061,1,6.000000,18.000000,12.000000,6,1.00,NAND2_X1,0.586207,12.000000,1058,1061
1063,NODE,n1063,2,n1056,n1062,1,11.000000,19.000000,8.000000,11,1.00,NAND2_X1,0.724138,8.000000,1056,1062
1064,NODE,n1064,2,pi08,n1063,1,12.000000,20.000000,8.000000,12,1.00,NAND2_X1,0.724138,8.000000,9,1063
1065,NODE,n1065,2,n156,n404,2,4.000000,13.000000,9.000000,4,1.00,NAND2_X1,0.689655,9.000000,156,404
1066,NODE,n1066,1,n1065,,1,5.000000,19.000000,14.000000,5,1.00,INV_X1,0.517241,14.000000,1065,-1
1067,NODE,n1067,2,n368,n61,2,2.000000,4.000000,2.000000,2,1.00,NAND2_X1,0.931035,2.000000,368,61
1068,NODE,n1068,1,n1067,,7,3.000000,5.000000,2.000000,3,1.00,INV_X1,0.931035,2.000000,1067,-1
1069,NODE,n1069,2,n920,n1068,2,4.000000,11.000000,7.000000,4,1.00,NAND2_X1,0.758621,7.000000,920,1068
1070,NODE,n1070,1,n1069,,1,5.000000,19.000000,14.000000,5,1.00,INV_X1,0.517241,14.000000,1069,-1
1071,NODE,n1071,2,n1066,n1070,1,6.000000,20.000000,14.000000,6,1.00,NAND2_X1,0.517241,14.000000,1066,1070
1072,NODE,n1072,2,n1064,n1071,1,13.000000,21.000000,8.000000,13,1.00,NAND2_X1,0.724138,8.000000,1064,1071
1073,NODE,n1073,2,n1035,n1072,1,14.000000,22.000000,8.000000,14,1.00,NAND2_X1,0.724138,8.000000,1035,1072
1074,NODE,n1074,2,n35,n790,1,2.000000,2.000000,0.000000,2,1.00,NAND2_X1,1.000000,0.000000,35,790
1075,NODE,n1075,1,n1074,,13,3.000000,3.000000,0.000000,3,1.00,INV_X1,1.000000,0.000000,1074,-1
1076,NODE,n1076,2,n61,n1075,2,4.000000,11.000000,7.000000,4,1.00,NAND2_X1,0.758621,7.000000,61,1075
1077,NODE,n1077,2,pi08,pi15,1,1.000000,2.000000,1.000000,1,1.00,NAND2_X1,0.965517,1.000000,9,16
1078,NODE,n1078,1,n1077,,16,2.000000,3.000000,1.000000,2,1.00,INV_X1,0.965517,1.000000,1077,-1
1079,NODE,n1079,2,pi07,n1078,2,3.000000,9.000000,6.000000,3,1.00,NAND2_X1,0.793103,6.000000,8,1078
1080,NODE,n1080,2,n1076,n1079,1,5.000000,20.000000,15.000000,5,1.00,NAND2_X1,0.482759,15.000000,1076,1079
1081,NODE,n1081,2,n368,n62,4,2.000000,15.000000,13.000000,2,1.00,AND2_X1,0.551724,13.000000,368,62
1082,NODE,n1082,2,pi05,n1081,1,3.000000,16.000000,13.000000,3,1.00,AND2_X1,0.551724,13.000000,6,1081
1083,NODE,n1083,2,n90,n1082,1,4.000000,17.000000,13.000000,4,1.00,NAND2_X1,0.551724,13.000000,90,1082
1084,NODE,n1084,2,pi06,pi09,1,1.000000,15.000000,14.000000,1,1.00,AND2_X1,0.517241,14.000000,7,10
1085,NODE,n1085,2,n34,n1084,1,2.000000,16.000000,14.000000,2,1.00,AND2_X1,0.517241,14.000000,34,1084
1086,NODE,n1086,2,n1053,n1085,1,4.000000,17.000000,13.000000,4,1.00,NAND2_X1,0.551724,13.000000,1053,1085
1087,NODE,n1087,2,n1083,n1086,1,5.000000,18.000000,13.000000,5,1.00,NAND2_X1,0.551724,13.000000,1083,1086
1088,NODE,n1088,2,pi04,n1087,1,6.000000,19.000000,13.000000,6,1.00,NAND2_X1,0.551724,13.000000,5,1087
1089,NODE,n1089,2,n597,n1081,1,4.000000,18.000000,14.000000,4,1.00,AND2_X1,0.517241,14.000000,597,1081
1090,NODE,n1090,2,n1053,n1089,1,5.000000,19.000000,14.000000,5,1.00,NAND2_X1,0.517241,14.000000,1053,1089
1091,NODE,n1091,2,n1088,n1090,1,7.000000,20.000000,13.000000,7,1.00,NAND2_X1,0.551724,13.000000,1088,1090
1092,NODE,n1092,2,n1080,n1091,1,8.000000,21.000000,13.000000,8,1.00,NAND2_X1,0.551724,13.000000,1080,1091
1093,NODE,n1093,2,pi04,pi15,3,1.000000,2.000000,1.000000,1,1.00,NAND2_X1,0.965517,1.000000,5,16
1094,NODE,n1094,2,n54,n790,3,2.000000,2.000000,0.000000,2,1.00,NAND2_X1,1.000000,0.000000,54,790
1095,NODE,n1095,2,n1093,n1094,7,3.000000,7.000000,4.000000,3,1.00,NAND2_X1,0.862069,4.000000,1093,1094
1096,NODE,n1096,2,pi02,n1095,1,4.000000,8.000000,4.000000,4,1.00,NAND2_X1,0.862069,4.000000,3,1095
1097,NODE,n1097,1,n1093,,6,2.000000,3.000000,1.000000,2,1.00,INV_X1,0.965517,1.000000,1093,-1
1098,NODE,n1098,2,n1046,n1097,1,4.000000,8.000000,4.000000,4,1.00,NAND2_X1,0.862069,4.000000,1046,1097
1099,NODE,n1099,2,n1096,n1098,1,5.000000,9.000000,4.000000,5,1.00,NAND2_X1,0.862069,4.000000,1096,1098
1100,NODE,n1100,2,n62,n1099,1,6.000000,10.000000,4.000000,6,1.00,NAND2_X1,0.862069,4.000000,62,1099
1101,NODE,n1101,2,pi04,n792,2,4.000000,9.000000,5.000000,4,1.00,AND2_X1,0.827586,5.000000,5,792
1102,NODE,n1102,2,n1046,n1101,1,5.000000,10.000000,5.000000,5,1.00,NAND2_X1,0.827586,5.000000,1046,1101
1103,NODE,n1103,2,n1100,n1102,1,7.000000,11.000000,4.000000,7,1.00,NAND2_X1,0.862069,4.000000,1100,1102
1104,NODE,n1104,2,pi05,n1103,1,8.000000,12.000000,4.000000,8,1.00,NAND2_X1,0.862069,4.000000,6,1103
1105,NODE,n1105,2,n78,n284,2,4.000000,11.000000,7.000000,4,1.00,AND2_X1,0.758621,7.000000,78,284
1106,NODE,n1106,2,pi09,pi15,2,1.000000,2.000000,1.000000,1,1.00,NAND2_X1,0.965517,1.000000,10,16
1107,NODE,n1107,1,n1106,,11,2.000000,3.000000,1.000000,2,1.00,INV_X1,0.965517,1.000000,1106,-1
1108,NODE,n1108,2,n34,n1107,2,3.000000,6.000000,3.000000,3,1.00,AND2_X1,0.896552,3.000000,34,1107
1109,NODE,n1109,2,n1105,n1108,1,5.000000,12.000000,7.000000,5,1.00,NAND2_X1,0.758621,7.000000,1105,1108
1110,NODE,n1110,2,n1104,n1109,1,9.000000,13.000000,4.000000,9,1.00,NAND2_X1,0.862069,4.000000,1104,1109
1111,NODE,n1111,2,pi06,n1110,1,10.000000,14.000000,4.000000,10,1.00,NAND2_X1,0.862069,4.000000,7,1110
1112,NODE,n1112,2,pi05,pi15,2,1.000000,2.000000,1.000000,1,1.00,NAND2_X1,0.965517,1.000000,6,16
1113,NODE,n1113,2,n34,n790,3,2.000000,2.000000,0.000000,2,1.00,NAND2_X1,1.000000,0.000000,34,790
1114,NODE,n1114,2,n1112,n1113,6,3.000000,5.000000,2.000000,3,1.00,NAND2_X1,0.931035,2.000000,1112,1113
1115,NODE,n1115,2,n62,n1114,1,4.000000,12.000000,8.000000,4,1.00,AND2_X1,0.724138,8.000000,62,1114
1116,NODE,n1116,2,n368,n1115,1,5.000000,13.000000,8.000000,5,1.00,AND2_X1,0.724138,8.000000,368,1115
1117,NODE,n1117,2,n54,n1116,1,6.000000,14.000000,8.000000,6,1.00,NAND2_X1,0.724138,8.000000,54,1116
1118,NODE,n1118,2,n1111,n1117,1,11.000000,15.000000,4.000000,11,1.00,NAND2_X1,0.862069,4.000000,1111,1117
1119,NODE,n1119,2,pi03,n1118,1,12.000000,16.000000,4.000000,12,1.00,NAND2_X1,0.862069,4.000000,4,1118
1120,NODE,n1120,2,n378,n449,4,3.000000,3.000000,0.000000,3,1.00,NAND2_X1,1.000000,0.000000,378,449
1121,NODE,n1121,2,pi04,n1120,2,4.000000,4.000000,0.000000,4,1.00,NAND2_X1,1.000000,0.000000,5,1120
1122,NODE,n1122,2,n54,n379,3,3.000000,6.000000,3.000000,3,1.00,NAND2_X1,0.896552,3.000000,54,379
1123,NODE,n1123,2,n1121,n1122,1,5.000000,10.000000,5.000000,5,1.00,NAND2_X1,0.827586,5.000000,1121,1122
1124,NODE,n1124,2,n790,n1123,1,6.000000,11.000000,5.000000,6,1.00,NAND2_X1,0.827586,5.000000,790,1123
1125,NODE,n1125,2,n368,pi15,2,2.000000,2.000000,0.000000,2,1.00,NAND2_X1,1.000000,0.000000,368,16
1126,NODE,n1126,1,n1125,,6,3.000000,3.000000,0.000000,3,1.00,INV_X1,1.000000,0.000000,1125,-1
1127,NODE,n1127,2,n597,n1126,3,4.000000,10.000000,6.000000,4,1.00,NAND2_X1,0.793103,6.000000,597,1126
1128,NODE,n1128,2,n1124,n1127,1,7.000000,12.000000,5.000000,7,1.00,AND2_X1,0.827586,5.000000,1124,1127
1129,NODE,n1129,2,n368,n790,3,2.000000,2.000000,0.000000,2,1.00,NAND2_X1,1.000000,0.000000,368,790
1130,NODE,n1130,1,n1129,,8,3.000000,5.000000,2.000000,3,1.00,INV_X1,0.931035,2.000000,1129,-1
1131,NODE,n1131,2,n34,n1130,3,4.000000,11.000000,7.000000,4,1.00,AND2_X1,0.758621,7.000000,34,1130
1132,NODE,n1132,2,pi00,n54,2,2.000000,9.000000,7.000000,2,1.00,NAND2_X1,0.758621,7.000000,1,54
1133,NODE,n1133,1,n1132,,3,3.000000,10.000000,7.000000,3,1.00,INV_X1,0.758621,7.000000,1132,-1
1134,NODE,n1134,2,n1131,n1133,1,5.000000,12.000000,7.000000,5,1.00,NAND2_X1,0.758621,7.000000,1131,1133
1135,NODE,n1135,2,n1128,n1134,1,8.000000,13.000000,5.000000,8,1.00,AND2_X1,0.827586,5.000000,1128,1134
1136,NODE,n1136,2,n1105,n1131,1,5.000000,13.000000,8.000000,5,1.00,NAND2_X1,0.724138,8.000000,1105,1131
1137,NODE,n1137,2,n1135,n1136,1,9.000000,14.000000,5.000000,9,1.00,NAND2_X1,0.827586,5.000000,1135,1136
1138,NODE,n1138,2,n62,n1137,1,10.000000,15.000000,5.000000,10,1.00,AND2_X1,0.827586,5.000000,62,1137
1139,NODE,n1139,2,n90,n1138,1,11.000000,16.000000,5.000000,11,1.00,NAND2_X1,0.827586,5.000000,90,1138
1140,NODE,n1140,2,n1119,n1139,1,13.000000,17.000000,4.000000,13,1.00,NAND2_X1,0.862069,4.000000,1119,1139
1141,NODE,n1141,2,pi08,n1140,1,14.000000,18.000000,4.000000,14,1.00,NAND2_X1,0.862069,4.000000,9,1140
1142,NODE,n1142,2,n34,pi06,2,2.000000,3.000000,1.000000,2,1.00,NAND2_X1,0.965517,1.000000,34,7
1143,NODE,n1143,1,n1142,,11,3.000000,4.000000,1.000000,3,1.00,INV_X1,0.965517,1.000000,1142,-1
1144,NODE,n1144,2,n231,n1143,2,4.000000,6.000000,2.000000,4,1.00,NAND2_X1,0.931035,2.000000,231,1143
1145,NODE,n1145,2,pi05,n368,2,2.000000,3.000000,1.000000,2,1.00,NAND2_X1,0.965517,1.000000,6,368
1146,NODE,n1146,2,n1142,n1145,2,3.000000,7.000000,4.000000,3,1.00,NAND2_X1,0.862069,4.000000,1142,1145
1147,NODE,n1147,2,n54,n1146,1,4.000000,8.000000,4.000000,4,1.00,AND2_X1,0.862069,4.000000,54,1146
1148,NODE,n1148,2,pi03,n1147,1,5.000000,9.000000,4.000000,5,1.00,AND2_X1,0.862069,4.000000,4,1147
1149,NODE,n1149,2,n154,n1148,1,6.000000,10.000000,4.000000,6,1.00,NAND2_X1,0.862069,4.000000,154,1148
1150,NODE,n1150,1,n1145,,18,3.000000,4.000000,1.000000,3,1.00,INV_X1,0.965517,1.000000,1145,-1
1151,NODE,n1151,2,n125,n1150,3,4.000000,8.000000,4.000000,4,1.00,NAND2_X1,0.862069,4.000000,125,1150
1152,NODE,n1152,2,n1149,n1151,1,7.000000,11.000000,4.000000,7,1.00,AND2_X1,0.862069,4.000000,1149,1151
1153,NODE,n1153,2,n1144,n1152,1,8.000000,12.000000,4.000000,8,1.00,NAND2_X1,0.862069,4.000000,1144,1152
1154,NODE,n1154,2,n62,n1153,1,9.000000,13.000000,4.000000,9,1.00,NAND2_X1,0.862069,4.000000,62,1153
1155,NODE,n1155,2,pi04,n450,2,4.000000,6.000000,2.000000,4,1.00,NAND2_X1,0.931035,2.000000,5,450
1156,NODE,n1156,2,n1122,n1155,2,5.000000,7.000000,2.000000,5,1.00,NAND2_X1,0.931035,2.000000,1122,1155
1157,NODE,n1157,2,n90,n1156,1,6.000000,10.000000,4.000000,6,1.00,NAND2_X1,0.862069,4.000000,90,1156
1158,NODE,n1158,2,n1151,n1157,1,7.000000,11.000000,4.000000,7,1.00,NAND2_X1,0.862069,4.000000,1151,1157
1159,NODE,n1159,2,pi09,n1158,1,8.000000,12.000000,4.000000,8,1.00,AND2_X1,0.862069,4.000000,10,1158
1160,NODE,n1160,2,n154,n1159,1,9.000000,13.000000,4.000000,9,1.00,NAND2_X1,0.862069,4.000000,154,1159
1161,NODE,n1161,2,n1154,n1160,1,10.000000,14.000000,4.000000,10,1.00,NAND2_X1,0.862069,4.000000,1154,1160
1162,NODE,n1162,2,n790,n1161,1,11.000000,15.000000,4.000000,11,1.00,NAND2_X1,0.862069,4.000000,790,1161
1163,NODE,n1163,1,n157,,5,5.000000,7.000000,2.000000,5,1.00,INV_X1,0.931035,2.000000,157,-1
1164,NODE,n1164,2,n1107,n1150,1,4.000000,14.000000,10.000000,4,1.00,AND2_X1,0.655172,10.000000,1107,1150
1165,NODE,n1165,2,n1163,n1164,1,6.000000,15.000000,9.000000,6,1.00,NAND2_X1,0.689655,9.000000,1163,1164
1166,NODE,n1166,2,n1162,n1165,1,12.000000,16.000000,4.000000,12,1.00,AND2_X1,0.862069,4.000000,1162,1165
1167,NODE,n1167,2,n159,n487,2,4.000000,14.000000,10.000000,4,1.00,AND2_X1,0.655172,10.000000,159,487
1168,NODE,n1168,2,n797,n1150,1,4.000000,15.000000,11.000000,4,1.00,AND2_X1,0.620690,11.000000,797,1150
1169,NODE,n1169,2,n1167,n1168,1,5.000000,16.000000,11.000000,5,1.00,NAND2_X1,0.620690,11.000000,1167,1168
1170,NODE,n1170,2,n1166,n1169,1,13.000000,17.000000,4.000000,13,1.00,NAND2_X1,0.862069,4.000000,1166,1169
1171,NODE,n1171,2,n35,n1170,1,14.000000,18.000000,4.000000,14,1.00,NAND2_X1,0.862069,4.000000,35,1170
1172,NODE,n1172,2,n1141,n1171,1,15.000000,19.000000,4.000000,15,1.00,NAND2_X1,0.862069,4.000000,1141,1171
1173,NODE,n1173,2,n61,n1172,1,16.000000,20.000000,4.000000,16,1.00,NAND2_X1,0.862069,4.000000,61,1172
1174,NODE,n1174,2,n35,pi15,3,2.000000,2.000000,0.000000,2,1.00,NAND2_X1,1.000000,0.000000,35,16
1175,NODE,n1175,1,n1174,,19,3.000000,3.000000,0.000000,3,1.00,INV_X1,1.000000,0.000000,1174,-1
1176,NODE,n1176,2,n450,n1175,1,4.000000,14.000000,10.000000,4,1.00,NAND2_X1,0.655172,10.000000,450,1175
1177,NODE,n1177,2,pi08,n790,3,2.000000,2.000000,0.000000,2,1.00,NAND2_X1,1.000000,0.000000,9,790
1178,NODE,n1178,1,n1177,,24,3.000000,3.000000,0.000000,3,1.00,INV_X1,1.000000,0.000000,1177,-1
1179,NODE,n1179,2,n379,n1178,1,4.000000,14.000000,10.000000,4,1.00,NAND2_X1,0.655172,10.000000,379,1178
1180,NODE,n1180,2,n1176,n1179,1,5.000000,15.000000,10.000000,5,1.00,NAND2_X1,0.655172,10.000000,1176,1179
1181,NODE,n1181,2,n161,n1180,1,6.000000,16.000000,10.000000,6,1.00,NAND2_X1,0.655172,10.000000,161,1180
1182,NODE,n1182,2,n154,n1114,1,4.000000,8.000000,4.000000,4,1.00,NAND2_X1,0.862069,4.000000,154,1114
1183,NODE,n1183,1,n1112,,11,2.000000,3.000000,1.000000,2,1.00,INV_X1,0.965517,1.000000,1112,-1
1184,NODE,n1184,2,pi02,n1183,1,3.000000,8.000000,5.000000,3,1.00,NAND2_X1,0.827586,5.000000,3,1183
1185,NODE,n1185,2,n1182,n1184,1,5.000000,9.000000,4.000000,5,1.00,NAND2_X1,0.862069,4.000000,1182,1184
1186,NODE,n1186,2,pi08,n1185,1,6.000000,10.000000,4.000000,6,1.00,NAND2_X1,0.862069,4.000000,9,1185
1187,NODE,n1187,2,pi05,n1175,1,4.000000,9.000000,5.000000,4,1.00,AND2_X1,0.827586,5.000000,6,1175
1188,NODE,n1188,2,n1046,n1187,1,5.000000,10.000000,5.000000,5,1.00,NAND2_X1,0.827586,5.000000,1046,1187
1189,NODE,n1189,2,n1186,n1188,1,7.000000,11.000000,4.000000,7,1.00,NAND2_X1,0.862069,4.000000,1186,1188
1190,NODE,n1190,2,n54,n1189,1,8.000000,12.000000,4.000000,8,1.00,NAND2_X1,0.862069,4.000000,54,1189
1191,NODE,n1191,2,pi02,pi04,2,1.000000,4.000000,3.000000,1,1.00,NAND2_X1,0.896552,3.000000,3,5
1192,NODE,n1192,1,n1191,,10,2.000000,5.000000,3.000000,2,1.00,INV_X1,0.896552,3.000000,1191,-1
1193,NODE,n1193,2,n78,n1192,1,3.000000,11.000000,8.000000,3,1.00,AND2_X1,0.724138,8.000000,78,1192
1194,NODE,n1194,2,pi05,n1178,4,4.000000,11.000000,7.000000,4,1.00,AND2_X1,0.758621,7.000000,6,1178
1195,NODE,n1195,2,n1193,n1194,1,5.000000,12.000000,7.000000,5,1.00,NAND2_X1,0.758621,7.000000,1193,1194
1196,NODE,n1196,2,n1190,n1195,1,9.000000,13.000000,4.000000,9,1.00,NAND2_X1,0.862069,4.000000,1190,1195
1197,NODE,n1197,2,pi06,n1196,1,10.000000,14.000000,4.000000,10,1.00,NAND2_X1,0.862069,4.000000,7,1196
1198,NODE,n1198,2,n78,n258,2,4.000000,11.000000,7.000000,4,1.00,NAND2_X1,0.758621,7.000000,78,258
1199,NODE,n1199,1,n1198,,2,5.000000,12.000000,7.000000,5,1.00,INV_X1,0.758621,7.000000,1198,-1
1200,NODE,n1200,2,n1078,n1199,1,6.000000,13.000000,7.000000,6,1.00,AND2_X1,0.758621,7.000000,1078,1199
1201,NODE,n1201,2,n450,n1200,1,7.000000,14.000000,7.000000,7,1.00,NAND2_X1,0.758621,7.000000,450,1200
1202,NODE,n1202,2,n1197,n1201,1,11.000000,15.000000,4.000000,11,1.00,NAND2_X1,0.862069,4.000000,1197,1201
1203,NODE,n1203,2,n90,n1202,1,12.000000,16.000000,4.000000,12,1.00,NAND2_X1,0.862069,4.000000,90,1202
1204,NODE,n1204,2,n1181,n1203,1,13.000000,17.000000,4.000000,13,1.00,NAND2_X1,0.862069,4.000000,1181,1203
1205,NODE,n1205,2,n62,n1204,1,14.000000,18.000000,4.000000,14,1.00,NAND2_X1,0.862069,4.000000,62,1204
1206,NODE,n1206,2,n54,n35,3,2.000000,4.000000,2.000000,2,1.00,NAND2_X1,0.931035,2.000000,54,35
1207,NODE,n1207,2,pi04,pi08,2,1.000000,5.000000,4.000000,1,1.00,NAND2_X1,0.862069,4.000000,5,9
1208,NODE,n1208,2,n1206,n1207,1,3.000000,6.000000,3.000000,3,1.00,NAND2_X1,0.896552,3.000000,1206,1207
1209,NODE,n1209,2,pi03,n1208,1,4.000000,7.000000,3.000000,4,1.00,NAND2_X1,0.896552,3.000000,4,1208
1210,NODE,n1210,2,n90,n35,3,2.000000,5.000000,3.000000,2,1.00,NAND2_X1,0.896552,3.000000,90,35
1211,NODE,n1211,2,n1209,n1210,1,5.000000,8.000000,3.000000,5,1.00,NAND2_X1,0.896552,3.000000,1209,1210
1212,NODE,n1212,2,pi06,n1211,1,6.000000,9.000000,3.000000,6,1.00,AND2_X1,0.896552,3.000000,7,1211
1213,NODE,n1213,2,n34,n1212,1,7.000000,10.000000,3.000000,7,1.00,NAND2_X1,0.896552,3.000000,34,1212
1214,NODE,n1214,2,n368,pi08,2,2.000000,4.000000,2.000000,2,1.00,AND2_X1,0.931035,2.000000,368,9
1215,NODE,n1215,2,pi05,n1214,2,3.000000,5.000000,2.000000,3,1.00,NAND2_X1,0.931035,2.000000,6,1214
1216,NODE,n1216,1,n1215,,2,4.000000,7.000000,3.000000,4,1.00,INV_X1,0.896552,3.000000,1215,-1
1217,NODE,n1217,2,n90,n1216,1,5.000000,10.000000,5.000000,5,1.00,NAND2_X1,0.827586,5.000000,90,1216
1218,NODE,n1218,2,n1213,n1217,1,8.000000,11.000000,3.000000,8,1.00,NAND2_X1,0.896552,3.000000,1213,1217
1219,NODE,n1219,2,pi15,n1218,1,9.000000,12.000000,3.000000,9,1.00,NAND2_X1,0.896552,3.000000,16,1218
1220,NODE,n1220,2,pi06,pi08,2,1.000000,4.000000,3.000000,1,1.00,NAND2_X1,0.896552,3.000000,7,9
1221,NODE,n1221,1,n1220,,9,2.000000,5.000000,3.000000,2,1.00,INV_X1,0.896552,3.000000,1220,-1
1222,NODE,n1222,2,pi04,n1221,1,3.000000,8.000000,5.000000,3,1.00,NAND2_X1,0.827586,5.000000,5,1221
1223,NODE,n1223,2,n54,n406,1,4.000000,8.000000,4.000000,4,1.00,NAND2_X1,0.862069,4.000000,54,406
1224,NODE,n1224,2,n1222,n1223,1,5.000000,9.000000,4.000000,5,1.00,NAND2_X1,0.862069,4.000000,1222,1223
1225,NODE,n1225,2,n790,n1224,1,6.000000,10.000000,4.000000,6,1.00,AND2_X1,0.862069,4.000000,790,1224
1226,NODE,n1226,2,pi05,n1225,1,7.000000,11.000000,4.000000,7,1.00,AND2_X1,0.862069,4.000000,6,1225
1227,NODE,n1227,2,n90,n1226,1,8.000000,12.000000,4.000000,8,1.00,NAND2_X1,0.862069,4.000000,90,1226
1228,NODE,n1228,2,n1219,n1227,1,10.000000,13.000000,3.000000,10,1.00,NAND2_X1,0.896552,3.000000,1219,1227
1229,NODE,n1229,2,n154,n1228,1,11.000000,14.000000,3.000000,11,1.00,NAND2_X1,0.896552,3.000000,154,1228
1230,NODE,n1230,2,n594,n1075,1,4.000000,9.000000,5.000000,4,1.00,NAND2_X1,0.827586,5.000000,594,1075
1231,NODE,n1231,2,n597,n1078,1,4.000000,9.000000,5.000000,4,1.00,NAND2_X1,0.827586,5.000000,597,1078
1232,NODE,n1232,2,n1230,n1231,1,5.000000,10.000000,5.000000,5,1.00,NAND2_X1,0.827586,5.000000,1230,1231
1233,NODE,n1233,2,n90,n1232,1,6.000000,11.000000,5.000000,6,1.00,NAND2_X1,0.827586,5.000000,90,1232
1234,NODE,n1234,2,pi05,n1078,2,3.000000,4.000000,1.000000,3,1.00,NAND2_X1,0.965517,1.000000,6,1078
1235,NODE,n1235,2,n1113,n1234,1,4.000000,9.000000,5.000000,4,1.00,NAND2_X1,0.827586,5.000000,1113,1234
1236,NODE,n1236,2,n54,n1235,1,5.000000,10.000000,5.000000,5,1.00,AND2_X1,0.827586,5.000000,54,1235
1237,NODE,n1237,2,pi03,n1236,1,6.000000,11.000000,5.000000,6,1.00,NAND2_X1,0.827586,5.000000,4,1236
1238,NODE,n1238,2,n1233,n1237,1,7.000000,12.000000,5.000000,7,1.00,NAND2_X1,0.827586,5.000000,1233,1237
1239,NODE,n1239,2,pi06,n1238,1,8.000000,13.000000,5.000000,8,1.00,AND2_X1,0.827586,5.000000,7,1238
1240,NODE,n1240,2,pi02,n1239,1,9.000000,14.000000,5.000000,9,1.00,NAND2_X1,0.827586,5.000000,3,1239
1241,NODE,n1241,2,n1229,n1240,1,12.000000,15.000000,3.000000,12,1.00,NAND2_X1,0.896552,3.000000,1229,1240
1242,NODE,n1242,2,n78,n1241,1,13.000000,16.000000,3.000000,13,1.00,NAND2_X1,0.896552,3.000000,78,1241
1243,NODE,n1243,2,n231,n1046,1,4.000000,15.000000,11.000000,4,1.00,AND2_X1,0.620690,11.000000,231,1046
1244,NODE,n1244,2,n1150,n1178,1,4.000000,15.000000,11.000000,4,1.00,AND2_X1,0.620690,11.000000,1150,1178
1245,NODE,n1245,2,n1243,n1244,1,5.000000,16.000000,11.000000,5,1.00,NAND2_X1,0.620690,11.000000,1243,1244
1246,NODE,n1246,2,n1242,n1245,1,14.000000,17.000000,3.000000,14,1.00,NAND2_X1,0.896552,3.000000,1242,1245
1247,NODE,n1247,2,pi09,n1246,1,15.000000,18.000000,3.000000,15,1.00,NAND2_X1,0.896552,3.000000,10,1246
1248,NODE,n1248,2,n1205,n1247,1,16.000000,19.000000,3.000000,16,1.00,NAND2_X1,0.896552,3.000000,1205,1247
1249,NODE,n1249,2,pi07,n1248,1,17.000000,20.000000,3.000000,17,1.00,NAND2_X1,0.896552,3.000000,8,1248
1250,NODE,n1250,2,n1173,n1249,1,18.000000,21.000000,3.000000,18,1.00,AND2_X1,0.896552,3.000000,1173,1249
1251,NODE,n1251,2,n1092,n1250,1,19.000000,22.000000,3.000000,19,1.00,AND2_X1,0.896552,3.000000,1092,1250
1252,NODE,n1252,2,n1073,n1251,1,20.000000,23.000000,3.000000,20,1.00,NAND2_X1,0.896552,3.000000,1073,1251
1253,NODE,n1253,2,pi10,n1252,1,21.000000,24.000000,3.000000,21,1.00,NAND2_X1,0.896552,3.000000,11,1252
1254,NODE,n1254,2,pi03,n274,3,3.000000,4.000000,1.000000,3,1.00,NAND2_X1,0.965517,1.000000,4,274
1255,NODE,n1255,2,n1036,n1039,3,3.000000,7.000000,4.000000,3,1.00,NAND2_X1,0.862069,4.000000,1036,1039
1256,NODE,n1256,2,n1254,n1255,1,4.000000,22.000000,18.000000,4,1.00,NAND2_X1,0.379310,18.000000,1254,1255
1257,NODE,n1257,1,n1041,,1,5.000000,21.000000,16.000000,5,1.00,INV_X1,0.448276,16.000000,1041,-1
1258,NODE,n1258,2,n78,n274,1,3.000000,21.000000,18.000000,3,1.00,AND2_X1,0.379310,18.000000,78,274
1259,NODE,n1259,2,n1257,n1258,1,6.000000,22.000000,16.000000,6,1.00,NAND2_X1,0.448276,16.000000,1257,1258
1260,NODE,n1260,2,n1256,n1259,1,7.000000,23.000000,16.000000,7,1.00,NAND2_X1,0.448276,16.000000,1256,1259
1261,NODE,n1261,2,n373,n1078,3,4.000000,13.000000,9.000000,4,1.00,AND2_X1,0.689655,9.000000,373,1078
1262,NODE,n1262,2,n1260,n1261,1,8.000000,24.000000,16.000000,8,1.00,NAND2_X1,0.448276,16.000000,1260,1261
1263,NODE,n1263,2,n1253,n1262,1,22.000000,25.000000,3.000000,22,1.00,NAND2_X1,0.896552,3.000000,1253,1262
1264,NODE,n1264,2,n46,n1263,1,23.000000,26.000000,3.000000,23,1.00,AND2_X1,0.896552,3.000000,46,1263
1265,NODE,n1265,2,pi11,n1264,1,24.000000,27.000000,3.000000,24,1.00,NAND2_X1,0.896552,3.000000,12,1264
1266,NODE,n1266,2,n274,n771,1,3.000000,25.000000,22.000000,3,1.00,AND2_X1,0.241379,22.000000,274,771
1267,NODE,n1267,2,n1053,n1266,1,4.000000,26.000000,22.000000,4,1.00,AND2_X1,0.241379,22.000000,1053,1266
1268,NODE,n1268,2,n91,n920,3,4.000000,16.000000,12.000000,4,1.00,AND2_X1,0.586207,12.000000,91,920
1269,NODE,n1269,2,n961,n1268,1,5.000000,26.000000,21.000000,5,1.00,AND2_X1,0.275862,21.000000,961,1268
1270,NODE,n1270,2,n1267,n1269,1,6.000000,27.000000,21.000000,6,1.00,NAND2_X1,0.275862,21.000000,1267,1269
1271,NODE,n1271,2,n1265,n1270,1,25.000000,28.000000,3.000000,25,1.00,AND2_X1,0.896552,3.000000,1265,1270
1272,NODE,n1272,2,n1032,n1271,1,26.000000,29.000000,3.000000,26,1.00,AND2_X1,0.896552,3.000000,1032,1271
1273,NODE,n1273,2,pi03,n790,3,2.000000,3.000000,1.000000,2,1.00,NAND2_X1,0.965517,1.000000,4,790
1274,NODE,n1274,2,n90,pi15,3,2.000000,6.000000,4.000000,2,1.00,NAND2_X1,0.862069,4.000000,90,16
1275,NODE,n1275,2,n1273,n1274,6,3.000000,7.000000,4.000000,3,1.00,NAND2_X1,0.862069,4.000000,1273,1274
1276,NODE,n1276,1,n206,,2,6.000000,11.000000,5.000000,6,1.00,INV_X1,0.827586,5.000000,206,-1
1277,NODE,n1277,2,pi05,n1276,1,7.000000,16.000000,9.000000,7,1.00,NAND2_X1,0.689655,9.000000,6,1276
1278,NODE,n1278,2,n208,n1277,1,8.000000,17.000000,9.000000,8,1.00,NAND2_X1,0.689655,9.000000,208,1277
1279,NODE,n1279,2,n1275,n1278,1,9.000000,18.000000,9.000000,9,1.00,AND2_X1,0.689655,9.000000,1275,1278
1280,NODE,n1280,2,n78,n1279,1,10.000000,19.000000,9.000000,10,1.00,NAND2_X1,0.689655,9.000000,78,1279
1281,NODE,n1281,2,pi14,pi15,5,1.000000,2.000000,1.000000,1,1.00,NAND2_X1,0.965517,1.000000,15,16
1282,NODE,n1282,1,n1281,,4,2.000000,3.000000,1.000000,2,1.00,INV_X1,0.965517,1.000000,1281,-1
1283,NODE,n1283,2,n958,n1282,6,3.000000,8.000000,5.000000,3,1.00,AND2_X1,0.827586,5.000000,958,1282
1284,NODE,n1284,2,n207,n1283,2,4.000000,9.000000,5.000000,4,1.00,NAND2_X1,0.827586,5.000000,207,1283
1285,NODE,n1285,1,n1284,,4,5.000000,15.000000,10.000000,5,1.00,INV_X1,0.655172,10.000000,1284,-1
1286,NODE,n1286,2,pi03,n1285,1,6.000000,18.000000,12.000000,6,1.00,AND2_X1,0.586207,12.000000,4,1285
1287,NODE,n1287,2,pi00,n1286,1,7.000000,19.000000,12.000000,7,1.00,NAND2_X1,0.586207,12.000000,1,1286
1288,NODE,n1288,2,n1280,n1287,1,11.000000,20.000000,9.000000,11,1.00,NAND2_X1,0.689655,9.000000,1280,1287
1289,NODE,n1289,2,pi08,n1288,1,12.000000,21.000000,9.000000,12,1.00,NAND2_X1,0.689655,9.000000,9,1288
1290,NODE,n1290,2,pi00,pi15,2,1.000000,5.000000,4.000000,1,1.00,NAND2_X1,0.862069,4.000000,1,16
1291,NODE,n1291,1,n1113,,9,3.000000,3.000000,0.000000,3,1.00,INV_X1,1.000000,0.000000,1113,-1
1292,NODE,n1292,2,n78,n1291,1,4.000000,8.000000,4.000000,4,1.00,NAND2_X1,0.862069,4.000000,78,1291
1293,NODE,n1293,2,n1290,n1292,1,5.000000,9.000000,4.000000,5,1.00,NAND2_X1,0.862069,4.000000,1290,1292
1294,NODE,n1294,2,n54,n1293,1,6.000000,10.000000,4.000000,6,1.00,NAND2_X1,0.862069,4.000000,54,1293
1295,NODE,n1295,2,n80,n1183,1,4.000000,10.000000,6.000000,4,1.00,NAND2_X1,0.793103,6.000000,80,1183
1296,NODE,n1296,2,n1294,n1295,1,7.000000,11.000000,4.000000,7,1.00,NAND2_X1,0.862069,4.000000,1294,1295
1297,NODE,n1297,2,n62,n1296,1,8.000000,12.000000,4.000000,8,1.00,NAND2_X1,0.862069,4.000000,62,1296
1298,NODE,n1298,2,pi00,n792,1,4.000000,12.000000,8.000000,4,1.00,NAND2_X1,0.724138,8.000000,1,792
1299,NODE,n1299,2,n1297,n1298,1,9.000000,13.000000,4.000000,9,1.00,NAND2_X1,0.862069,4.000000,1297,1298
1300,NODE,n1300,2,pi03,n1299,1,10.000000,14.000000,4.000000,10,1.00,NAND2_X1,0.862069,4.000000,4,1299
1301,NODE,n1301,2,n34,n62,4,2.000000,4.000000,2.000000,2,1.00,AND2_X1,0.931035,2.000000,34,62
1302,NODE,n1302,2,pi04,n1301,1,3.000000,9.000000,6.000000,3,1.00,NAND2_X1,0.793103,6.000000,5,1301
1303,NODE,n1303,2,n62,n1302,1,4.000000,10.000000,6.000000,4,1.00,NAND2_X1,0.793103,6.000000,62,1302
1304,NODE,n1304,2,n790,n1303,1,5.000000,11.000000,6.000000,5,1.00,AND2_X1,0.793103,6.000000,790,1303
1305,NODE,n1305,2,pi00,n1304,1,6.000000,12.000000,6.000000,6,1.00,NAND2_X1,0.793103,6.000000,1,1304
1306,NODE,n1306,2,pi05,n788,1,4.000000,11.000000,7.000000,4,1.00,AND2_X1,0.758621,7.000000,6,788
1307,NODE,n1307,2,n80,n1306,1,5.000000,12.000000,7.000000,5,1.00,NAND2_X1,0.758621,7.000000,80,1306
1308,NODE,n1308,2,n1305,n1307,1,7.000000,13.000000,6.000000,7,1.00,NAND2_X1,0.793103,6.000000,1305,1307
1309,NODE,n1309,2,n90,n1308,1,8.000000,14.000000,6.000000,8,1.00,NAND2_X1,0.793103,6.000000,90,1308
1310,NODE,n1310,2,n1300,n1309,1,11.000000,15.000000,4.000000,11,1.00,NAND2_X1,0.862069,4.000000,1300,1309
1311,NODE,n1311,2,pi14,n1310,1,12.000000,16.000000,4.000000,12,1.00,AND2_X1,0.862069,4.000000,15,1310
1312,NODE,n1312,2,n40,n1311,1,13.000000,17.000000,4.000000,13,1.00,AND2_X1,0.862069,4.000000,40,1311
1313,NODE,n1313,2,n39,n1312,1,14.000000,18.000000,4.000000,14,1.00,AND2_X1,0.862069,4.000000,39,1312
1314,NODE,n1314,2,n36,n1313,1,15.000000,19.000000,4.000000,15,1.00,AND2_X1,0.862069,4.000000,36,1313
1315,NODE,n1315,2,n33,n1314,1,16.000000,20.000000,4.000000,16,1.00,AND2_X1,0.862069,4.000000,33,1314
1316,NODE,n1316,2,n35,n1315,1,17.000000,21.000000,4.000000,17,1.00,NAND2_X1,0.862069,4.000000,35,1315
1317,NODE,n1317,2,n1289,n1316,1,18.000000,22.000000,4.000000,18,1.00,NAND2_X1,0.862069,4.000000,1289,1316
1318,NODE,n1318,2,n154,n1317,1,19.000000,23.000000,4.000000,19,1.00,NAND2_X1,0.862069,4.000000,154,1317
1319,NODE,n1319,2,pi05,n209,2,6.000000,11.000000,5.000000,6,1.00,NAND2_X1,0.827586,5.000000,6,209
1320,NODE,n1320,2,n34,n114,2,5.000000,11.000000,6.000000,5,1.00,NAND2_X1,0.793103,6.000000,34,114
1321,NODE,n1321,2,n1319,n1320,1,7.000000,12.000000,5.000000,7,1.00,NAND2_X1,0.827586,5.000000,1319,1320
1322,NODE,n1322,2,n78,n1321,1,8.000000,13.000000,5.000000,8,1.00,NAND2_X1,0.827586,5.000000,78,1321
1323,NODE,n1323,2,pi00,pi05,2,1.000000,10.000000,9.000000,1,1.00,NAND2_X1,0.689655,9.000000,1,6
1324,NODE,n1324,1,n1323,,1,2.000000,12.000000,10.000000,2,1.00,INV_X1,0.655172,10.000000,1323,-1
1325,NODE,n1325,2,n209,n1324,1,6.000000,13.000000,7.000000,6,1.00,NAND2_X1,0.758621,7.000000,209,1324
1326,NODE,n1326,2,n1322,n1325,1,9.000000,14.000000,5.000000,9,1.00,NAND2_X1,0.827586,5.000000,1322,1325
1327,NODE,n1327,2,pi15,n1326,1,10.000000,15.000000,5.000000,10,1.00,NAND2_X1,0.827586,5.000000,16,1326
1328,NODE,n1328,2,n790,n255,2,6.000000,13.000000,7.000000,6,1.00,AND2_X1,0.758621,7.000000,790,255
1329,NODE,n1329,2,pi09,n1328,1,7.000000,14.000000,7.000000,7,1.00,AND2_X1,0.758621,7.000000,10,1328
1330,NODE,n1330,2,pi00,n1329,1,8.000000,15.000000,7.000000,8,1.00,NAND2_X1,0.758621,7.000000,1,1329
1331,NODE,n1331,2,n1327,n1330,1,11.000000,16.000000,5.000000,11,1.00,NAND2_X1,0.827586,5.000000,1327,1330
1332,NODE,n1332,2,n35,n1331,1,12.000000,17.000000,5.000000,12,1.00,NAND2_X1,0.827586,5.000000,35,1331
1333,NODE,n1333,2,pi08,n111,6,2.000000,3.000000,1.000000,2,1.00,AND2_X1,0.965517,1.000000,9,111
1334,NODE,n1334,2,n78,n34,1,2.000000,15.000000,13.000000,2,1.00,AND2_X1,0.551724,13.000000,78,34
1335,NODE,n1335,2,n952,n1334,2,4.000000,16.000000,12.000000,4,1.00,AND2_X1,0.586207,12.000000,952,1334
1336,NODE,n1336,2,n1333,n1335,1,5.000000,17.000000,12.000000,5,1.00,NAND2_X1,0.586207,12.000000,1333,1335
1337,NODE,n1337,2,n1332,n1336,1,13.000000,18.000000,5.000000,13,1.00,NAND2_X1,0.827586,5.000000,1332,1336
1338,NODE,n1338,2,pi04,n1337,1,14.000000,19.000000,5.000000,14,1.00,NAND2_X1,0.827586,5.000000,5,1337
1339,NODE,n1339,2,pi00,pi09,4,1.000000,7.000000,6.000000,1,1.00,NAND2_X1,0.793103,6.000000,1,10
1340,NODE,n1340,2,n78,n62,1,2.000000,7.000000,5.000000,2,1.00,NAND2_X1,0.827586,5.000000,78,62
1341,NODE,n1341,2,n1339,n1340,2,3.000000,8.000000,5.000000,3,1.00,NAND2_X1,0.827586,5.000000,1339,1340
1342,NODE,n1342,1,n1341,,1,4.000000,9.000000,5.000000,4,1.00,INV_X1,0.827586,5.000000,1341,-1
1343,NODE,n1343,2,pi05,n62,4,2.000000,5.000000,3.000000,2,1.00,AND2_X1,0.896552,3.000000,6,62
1344,NODE,n1344,2,pi00,n1343,1,3.000000,9.000000,6.000000,3,1.00,NAND2_X1,0.793103,6.000000,1,1343
1345,NODE,n1345,2,n1342,n1344,1,5.000000,10.000000,5.000000,5,1.00,NAND2_X1,0.827586,5.000000,1342,1344
1346,NODE,n1346,2,n790,n1345,1,6.000000,11.000000,5.000000,6,1.00,NAND2_X1,0.827586,5.000000,790,1345
1347,NODE,n1347,2,pi00,n34,3,2.000000,7.000000,5.000000,2,1.00,NAND2_X1,0.827586,5.000000,1,34
1348,NODE,n1348,1,n1347,,1,3.000000,10.000000,7.000000,3,1.00,INV_X1,0.758621,7.000000,1347,-1
1349,NODE,n1349,2,n788,n1348,1,4.000000,11.000000,7.000000,4,1.00,NAND2_X1,0.758621,7.000000,788,1348
1350,NODE,n1350,2,n1346,n1349,1,7.000000,12.000000,5.000000,7,1.00,NAND2_X1,0.827586,5.000000,1346,1349
1351,NODE,n1351,2,pi14,n1350,1,8.000000,13.000000,5.000000,8,1.00,AND2_X1,0.827586,5.000000,15,1350
1352,NODE,n1352,2,n40,n1351,1,9.000000,14.000000,5.000000,9,1.00,AND2_X1,0.827586,5.000000,40,1351
1353,NODE,n1353,2,n39,n1352,1,10.000000,15.000000,5.000000,10,1.00,AND2_X1,0.827586,5.000000,39,1352
1354,NODE,n1354,2,n36,n1353,1,11.000000,16.000000,5.000000,11,1.00,AND2_X1,0.827586,5.000000,36,1353
1355,NODE,n1355,2,n33,n1354,1,12.000000,17.000000,5.000000,12,1.00,AND2_X1,0.827586,5.000000,33,1354
1356,NODE,n1356,2,n35,n1355,1,13.000000,18.000000,5.000000,13,1.00,AND2_X1,0.827586,5.000000,35,1355
1357,NODE,n1357,2,n54,n1356,1,14.000000,19.000000,5.000000,14,1.00,NAND2_X1,0.827586,5.000000,54,1356
1358,NODE,n1358,2,n1338,n1357,1,15.000000,20.000000,5.000000,15,1.00,NAND2_X1,0.827586,5.000000,1338,1357
1359,NODE,n1359,2,n90,n1358,1,16.000000,21.000000,5.000000,16,1.00,NAND2_X1,0.827586,5.000000,90,1358
1360,NODE,n1360,2,n54,n62,2,2.000000,6.000000,4.000000,2,1.00,NAND2_X1,0.862069,4.000000,54,62
1361,NODE,n1361,1,n1360,,3,3.000000,7.000000,4.000000,3,1.00,INV_X1,0.862069,4.000000,1360,-1
1362,NODE,n1362,2,n78,n1361,1,4.000000,10.000000,6.000000,4,1.00,NAND2_X1,0.793103,6.000000,78,1361
1363,NODE,n1363,2,n1339,n1362,1,5.000000,11.000000,6.000000,5,1.00,AND2_X1,0.793103,6.000000,1339,1362
1364,NODE,n1364,2,n1133,n1343,1,4.000000,11.000000,7.000000,4,1.00,NAND2_X1,0.758621,7.000000,1133,1343
1365,NODE,n1365,2,n1363,n1364,1,6.000000,12.000000,6.000000,6,1.00,NAND2_X1,0.793103,6.000000,1363,1364
1366,NODE,n1366,2,n790,n1365,1,7.000000,13.000000,6.000000,7,1.00,AND2_X1,0.793103,6.000000,790,1365
1367,NODE,n1367,2,pi14,n1366,1,8.000000,14.000000,6.000000,8,1.00,AND2_X1,0.793103,6.000000,15,1366
1368,NODE,n1368,2,n40,n1367,1,9.000000,15.000000,6.000000,9,1.00,AND2_X1,0.793103,6.000000,40,1367
1369,NODE,n1369,2,n39,n1368,1,10.000000,16.000000,6.000000,10,1.00,AND2_X1,0.793103,6.000000,39,1368
1370,NODE,n1370,2,n36,n1369,1,11.000000,17.000000,6.000000,11,1.00,AND2_X1,0.793103,6.000000,36,1369
1371,NODE,n1371,2,n33,n1370,1,12.000000,18.000000,6.000000,12,1.00,NAND2_X1,0.793103,6.000000,33,1370
1372,NODE,n1372,2,pi15,n114,5,5.000000,6.000000,1.000000,5,1.00,AND2_X1,0.965517,1.000000,16,114
1373,NODE,n1373,2,pi05,n1372,1,6.000000,17.000000,11.000000,6,1.00,AND2_X1,0.620690,11.000000,6,1372
1374,NODE,n1374,2,pi00,pi04,6,1.000000,5.000000,4.000000,1,1.00,AND2_X1,0.862069,4.000000,1,5
1375,NODE,n1375,2,n1373,n1374,1,7.000000,18.000000,11.000000,7,1.00,NAND2_X1,0.620690,11.000000,1373,1374
1376,NODE,n1376,2,n1371,n1375,1,13.000000,19.000000,6.000000,13,1.00,NAND2_X1,0.793103,6.000000,1371,1375
1377,NODE,n1377,2,n35,n1376,1,14.000000,20.000000,6.000000,14,1.00,AND2_X1,0.793103,6.000000,35,1376
1378,NODE,n1378,2,pi03,n1377,1,15.000000,21.000000,6.000000,15,1.00,NAND2_X1,0.793103,6.000000,4,1377
1379,NODE,n1379,2,n1359,n1378,1,17.000000,22.000000,5.000000,17,1.00,NAND2_X1,0.827586,5.000000,1359,1378
1380,NODE,n1380,2,pi02,n1379,1,18.000000,23.000000,5.000000,18,1.00,NAND2_X1,0.827586,5.000000,3,1379
1381,NODE,n1381,2,n1318,n1380,1,20.000000,24.000000,4.000000,20,1.00,NAND2_X1,0.862069,4.000000,1318,1380
1382,NODE,n1382,2,n61,n1381,1,21.000000,25.000000,4.000000,21,1.00,NAND2_X1,0.862069,4.000000,61,1381
1383,NODE,n1383,2,n159,n1107,1,4.000000,10.000000,6.000000,4,1.00,NAND2_X1,0.793103,6.000000,159,1107
1384,NODE,n1384,2,n156,n797,1,4.000000,10.000000,6.000000,4,1.00,NAND2_X1,0.793103,6.000000,156,797
1385,NODE,n1385,2,n1383,n1384,1,5.000000,11.000000,6.000000,5,1.00,NAND2_X1,0.793103,6.000000,1383,1384
1386,NODE,n1386,2,n44,n1385,1,6.000000,12.000000,6.000000,6,1.00,AND2_X1,0.793103,6.000000,44,1385
1387,NODE,n1387,2,pi13,n1386,1,7.000000,13.000000,6.000000,7,1.00,AND2_X1,0.793103,6.000000,14,1386
1388,NODE,n1388,2,pi12,n1387,1,8.000000,14.000000,6.000000,8,1.00,AND2_X1,0.793103,6.000000,13,1387
1389,NODE,n1389,2,pi11,n1388,1,9.000000,15.000000,6.000000,9,1.00,AND2_X1,0.793103,6.000000,12,1388
1390,NODE,n1390,2,pi10,n1389,1,10.000000,16.000000,6.000000,10,1.00,AND2_X1,0.793103,6.000000,11,1389
1391,NODE,n1391,2,pi00,n1390,1,11.000000,17.000000,6.000000,11,1.00,NAND2_X1,0.793103,6.000000,1,1390
1392,NODE,n1392,2,n78,n1285,1,6.000000,17.000000,11.000000,6,1.00,NAND2_X1,0.620690,11.000000,78,1285
1393,NODE,n1393,2,n1391,n1392,1,12.000000,18.000000,6.000000,12,1.00,NAND2_X1,0.793103,6.000000,1391,1392
1394,NODE,n1394,2,n154,n1393,1,13.000000,19.000000,6.000000,13,1.00,NAND2_X1,0.793103,6.000000,154,1393
1395,NODE,n1395,2,n207,n961,3,5.000000,7.000000,2.000000,5,1.00,NAND2_X1,0.931035,2.000000,207,961
1396,NODE,n1396,2,n156,n1372,2,6.000000,15.000000,9.000000,6,1.00,NAND2_X1,0.689655,9.000000,156,1372
1397,NODE,n1397,2,n1395,n1396,1,7.000000,17.000000,10.000000,7,1.00,NAND2_X1,0.655172,10.000000,1395,1396
1398,NODE,n1398,2,pi02,n1397,1,8.000000,18.000000,10.000000,8,1.00,AND2_X1,0.655172,10.000000,3,1397
1399,NODE,n1399,2,n78,n1398,1,9.000000,19.000000,10.000000,9,1.00,NAND2_X1,0.655172,10.000000,78,1398
1400,NODE,n1400,2,n1394,n1399,1,14.000000,20.000000,6.000000,14,1.00,NAND2_X1,0.793103,6.000000,1394,1399
1401,NODE,n1401,2,n34,n1400,1,15.000000,21.000000,6.000000,15,1.00,NAND2_X1,0.793103,6.000000,34,1400
1402,NODE,n1402,2,pi02,n790,2,2.000000,3.000000,1.000000,2,1.00,NAND2_X1,0.965517,1.000000,3,790
1403,NODE,n1403,2,n985,n1402,5,3.000000,9.000000,6.000000,3,1.00,NAND2_X1,0.793103,6.000000,985,1402
1404,NODE,n1404,2,pi14,n1403,1,4.000000,13.000000,9.000000,4,1.00,AND2_X1,0.689655,9.000000,15,1403
1405,NODE,n1405,2,n40,n1404,1,5.000000,14.000000,9.000000,5,1.00,AND2_X1,0.689655,9.000000,40,1404
1406,NODE,n1406,2,n39,n1405,1,6.000000,15.000000,9.000000,6,1.00,AND2_X1,0.689655,9.000000,39,1405
1407,NODE,n1407,2,n36,n1406,1,7.000000,16.000000,9.000000,7,1.00,AND2_X1,0.689655,9.000000,36,1406
1408,NODE,n1408,2,n33,n1407,1,8.000000,17.000000,9.000000,8,1.00,AND2_X1,0.689655,9.000000,33,1407
1409,NODE,n1409,2,n62,n1408,1,9.000000,18.000000,9.000000,9,1.00,AND2_X1,0.689655,9.000000,62,1408
1410,NODE,n1410,2,n78,n1409,1,10.000000,19.000000,9.000000,10,1.00,NAND2_X1,0.689655,9.000000,78,1409
1411,NODE,n1411,1,n601,,3,3.000000,11.000000,8.000000,3,1.00,INV_X1,0.724138,8.000000,601,-1
1412,NODE,n1412,2,n90,n1411,1,4.000000,17.000000,13.000000,4,1.00,AND2_X1,0.551724,13.000000,90,1411
1413,NODE,n1413,2,n404,n1412,1,5.000000,18.000000,13.000000,5,1.00,AND2_X1,0.551724,13.000000,404,1412
1414,NODE,n1414,2,pi15,n70,10,5.000000,16.000000,11.000000,5,1.00,AND2_X1,0.620690,11.000000,16,70
1415,NODE,n1415,2,n1413,n1414,1,6.000000,19.000000,13.000000,6,1.00,NAND2_X1,0.551724,13.000000,1413,1414
1416,NODE,n1416,2,n1410,n1415,1,11.000000,20.000000,9.000000,11,1.00,NAND2_X1,0.689655,9.000000,1410,1415
1417,NODE,n1417,2,pi05,n1416,1,12.000000,21.000000,9.000000,12,1.00,NAND2_X1,0.689655,9.000000,6,1416
1418,NODE,n1418,2,n1401,n1417,1,16.000000,22.000000,6.000000,16,1.00,NAND2_X1,0.793103,6.000000,1401,1417
1419,NODE,n1419,2,pi08,n1418,1,17.000000,23.000000,6.000000,17,1.00,NAND2_X1,0.793103,6.000000,9,1418
1420,NODE,n1420,2,n257,n1191,6,3.000000,6.000000,3.000000,3,1.00,NAND2_X1,0.896552,3.000000,257,1191
1421,NODE,n1421,2,n78,pi15,3,2.000000,7.000000,5.000000,2,1.00,NAND2_X1,0.827586,5.000000,78,16
1422,NODE,n1422,2,pi00,n790,1,2.000000,13.000000,11.000000,2,1.00,NAND2_X1,0.620690,11.000000,1,790
1423,NODE,n1423,2,n1421,n1422,1,3.000000,14.000000,11.000000,3,1.00,NAND2_X1,0.620690,11.000000,1421,1422
1424,NODE,n1424,2,n1420,n1423,1,4.000000,15.000000,11.000000,4,1.00,NAND2_X1,0.620690,11.000000,1420,1423
1425,NODE,n1425,2,pi04,n790,2,2.000000,5.000000,3.000000,2,1.00,NAND2_X1,0.896552,3.000000,5,790
1426,NODE,n1426,1,n1425,,13,3.000000,6.000000,3.000000,3,1.00,INV_X1,0.896552,3.000000,1425,-1
1427,NODE,n1427,2,n1046,n1426,1,4.000000,15.000000,11.000000,4,1.00,NAND2_X1,0.620690,11.000000,1046,1426
1428,NODE,n1428,2,n1424,n1427,1,5.000000,16.000000,11.000000,5,1.00,NAND2_X1,0.620690,11.000000,1424,1427
1429,NODE,n1429,2,n90,n1428,1,6.000000,17.000000,11.000000,6,1.00,NAND2_X1,0.620690,11.000000,90,1428
1430,NODE,n1430,1,n1094,,7,3.000000,3.000000,0.000000,3,1.00,INV_X1,1.000000,0.000000,1094,-1
1431,NODE,n1431,2,pi03,n1430,2,4.000000,14.000000,10.000000,4,1.00,AND2_X1,0.655172,10.000000,4,1430
1432,NODE,n1432,2,n860,n1431,1,5.000000,17.000000,12.000000,5,1.00,NAND2_X1,0.586207,12.000000,860,1431
1433,NODE,n1433,2,n1429,n1432,1,7.000000,18.000000,11.000000,7,1.00,NAND2_X1,0.620690,11.000000,1429,1432
1434,NODE,n1434,2,n42,n1433,1,8.000000,19.000000,11.000000,8,1.00,AND2_X1,0.620690,11.000000,42,1433
1435,NODE,n1435,2,n36,n1434,1,9.000000,20.000000,11.000000,9,1.00,AND2_X1,0.620690,11.000000,36,1434
1436,NODE,n1436,2,n33,n1435,1,10.000000,21.000000,11.000000,10,1.00,AND2_X1,0.620690,11.000000,33,1435
1437,NODE,n1437,2,n62,n1436,1,11.000000,22.000000,11.000000,11,1.00,AND2_X1,0.620690,11.000000,62,1436
1438,NODE,n1438,2,n35,n1437,1,12.000000,23.000000,11.000000,12,1.00,NAND2_X1,0.620690,11.000000,35,1437
1439,NODE,n1439,2,n1419,n1438,1,18.000000,24.000000,6.000000,18,1.00,NAND2_X1,0.793103,6.000000,1419,1438
1440,NODE,n1440,2,pi07,n1439,1,19.000000,25.000000,6.000000,19,1.00,NAND2_X1,0.793103,6.000000,8,1439
1441,NODE,n1441,2,n1382,n1440,1,22.000000,26.000000,4.000000,22,1.00,NAND2_X1,0.862069,4.000000,1382,1440
1442,NODE,n1442,2,pi01,n1441,1,23.000000,27.000000,4.000000,23,1.00,NAND2_X1,0.862069,4.000000,2,1441
1443,NODE,n1443,1,n813,,13,2.000000,3.000000,1.000000,2,1.00,INV_X1,0.965517,1.000000,813,-1
1444,NODE,n1444,2,n1443,n1192,1,3.000000,23.000000,20.000000,3,1.00,NAND2_X1,0.310345,20.000000,1443,1192
1445,NODE,n1445,2,n258,n822,1,4.000000,23.000000,19.000000,4,1.00,NAND2_X1,0.344828,19.000000,258,822
1446,NODE,n1446,2,n1444,n1445,1,5.000000,24.000000,19.000000,5,1.00,NAND2_X1,0.344828,19.000000,1444,1445
1447,NODE,n1447,2,n35,n62,2,2.000000,2.000000,0.000000,2,1.00,NAND2_X1,1.000000,0.000000,35,62
1448,NODE,n1448,1,n1447,,7,3.000000,3.000000,0.000000,3,1.00,INV_X1,1.000000,0.000000,1447,-1
1449,NODE,n1449,2,n34,n1448,3,4.000000,8.000000,4.000000,4,1.00,AND2_X1,0.862069,4.000000,34,1448
1450,NODE,n1450,2,n101,n1449,1,5.000000,22.000000,17.000000,5,1.00,AND2_X1,0.413793,17.000000,101,1449
1451,NODE,n1451,2,n255,n1450,1,6.000000,23.000000,17.000000,6,1.00,NAND2_X1,0.413793,17.000000,255,1450
1452,NODE,n1452,2,pi05,n484,3,3.000000,8.000000,5.000000,3,1.00,AND2_X1,0.827586,5.000000,6,484
1453,NODE,n1453,2,n687,n1452,2,4.000000,19.000000,15.000000,4,1.00,AND2_X1,0.482759,15.000000,687,1452
1454,NODE,n1454,2,n70,n1453,1,5.000000,23.000000,18.000000,5,1.00,NAND2_X1,0.379310,18.000000,70,1453
1455,NODE,n1455,2,n1451,n1454,1,7.000000,24.000000,17.000000,7,1.00,NAND2_X1,0.413793,17.000000,1451,1454
1456,NODE,n1456,2,n1446,n1455,1,8.000000,25.000000,17.000000,8,1.00,NAND2_X1,0.413793,17.000000,1446,1455
1457,NODE,n1457,2,n35,n91,2,3.000000,4.000000,1.000000,3,1.00,AND2_X1,0.965517,1.000000,35,91
1458,NODE,n1458,2,n42,n1457,3,4.000000,11.000000,7.000000,4,1.00,NAND2_X1,0.758621,7.000000,42,1457
1459,NODE,n1459,2,pi08,pi10,11,1.000000,9.000000,8.000000,1,1.00,AND2_X1,0.724138,8.000000,9,11
1460,NODE,n1460,2,n113,n1459,3,4.000000,10.000000,6.000000,4,1.00,AND2_X1,0.793103,6.000000,113,1459
1461,NODE,n1461,2,n345,n1460,1,5.000000,13.000000,8.000000,5,1.00,NAND2_X1,0.724138,8.000000,345,1460
1462,NODE,n1462,2,n1458,n1461,2,6.000000,14.000000,8.000000,6,1.00,NAND2_X1,0.724138,8.000000,1458,1461
1463,NODE,n1463,2,pi15,n1462,1,7.000000,15.000000,8.000000,7,1.00,AND2_X1,0.724138,8.000000,16,1462
1464,NODE,n1464,2,n61,n1463,1,8.000000,16.000000,8.000000,8,1.00,NAND2_X1,0.724138,8.000000,61,1463
1465,NODE,n1465,2,pi13,n112,10,2.000000,7.000000,5.000000,2,1.00,AND2_X1,0.827586,5.000000,14,112
1466,NODE,n1466,2,n923,n1465,3,3.000000,15.000000,12.000000,3,1.00,AND2_X1,0.586207,12.000000,923,1465
1467,NODE,n1467,2,pi07,n1459,4,2.000000,13.000000,11.000000,2,1.00,AND2_X1,0.620690,11.000000,8,1459
1468,NODE,n1468,2,n333,n1467,1,4.000000,15.000000,11.000000,4,1.00,AND2_X1,0.620690,11.000000,333,1467
1469,NODE,n1469,2,n1466,n1468,1,5.000000,16.000000,11.000000,5,1.00,NAND2_X1,0.620690,11.000000,1466,1468
1470,NODE,n1470,2,n1464,n1469,1,9.000000,17.000000,8.000000,9,1.00,NAND2_X1,0.724138,8.000000,1464,1469
1471,NODE,n1471,2,pi04,n1470,1,10.000000,18.000000,8.000000,10,1.00,NAND2_X1,0.724138,8.000000,5,1470
1472,NODE,n1472,2,n61,n91,2,3.000000,9.000000,6.000000,3,1.00,AND2_X1,0.793103,6.000000,61,91
1473,NODE,n1473,2,n1283,n1472,1,4.000000,13.000000,9.000000,4,1.00,NAND2_X1,0.689655,9.000000,1283,1472
1474,NODE,n1474,2,pi07,n925,1,5.000000,13.000000,8.000000,5,1.00,NAND2_X1,0.724138,8.000000,8,925
1475,NODE,n1475,2,n1473,n1474,2,6.000000,14.000000,8.000000,6,1.00,NAND2_X1,0.724138,8.000000,1473,1474
1476,NODE,n1476,2,n34,n1475,1,7.000000,15.000000,8.000000,7,1.00,NAND2_X1,0.724138,8.000000,34,1475
1477,NODE,n1477,2,n91,n534,1,4.000000,14.000000,10.000000,4,1.00,AND2_X1,0.655172,10.000000,91,534
1478,NODE,n1478,2,n1283,n1477,1,5.000000,15.000000,10.000000,5,1.00,NAND2_X1,0.655172,10.000000,1283,1477
1479,NODE,n1479,2,n1476,n1478,1,8.000000,16.000000,8.000000,8,1.00,NAND2_X1,0.724138,8.000000,1476,1478
1480,NODE,n1480,2,n35,n1479,1,9.000000,17.000000,8.000000,9,1.00,AND2_X1,0.724138,8.000000,35,1479
1481,NODE,n1481,2,n54,n1480,1,10.000000,18.000000,8.000000,10,1.00,NAND2_X1,0.724138,8.000000,54,1480
1482,NODE,n1482,2,n1471,n1481,1,11.000000,19.000000,8.000000,11,1.00,NAND2_X1,0.724138,8.000000,1471,1481
1483,NODE,n1483,2,pi02,n1482,1,12.000000,20.000000,8.000000,12,1.00,NAND2_X1,0.724138,8.000000,3,1482
1484,NODE,n1484,2,n91,n715,2,4.000000,11.000000,7.000000,4,1.00,AND2_X1,0.758621,7.000000,91,715
1485,NODE,n1485,2,n1283,n1484,1,5.000000,12.000000,7.000000,5,1.00,NAND2_X1,0.758621,7.000000,1283,1484
1486,NODE,n1486,2,n127,n925,1,5.000000,12.000000,7.000000,5,1.00,NAND2_X1,0.758621,7.000000,127,925
1487,NODE,n1487,2,n1485,n1486,1,6.000000,13.000000,7.000000,6,1.00,NAND2_X1,0.758621,7.000000,1485,1486
1488,NODE,n1488,2,pi04,n1487,1,7.000000,14.000000,7.000000,7,1.00,NAND2_X1,0.758621,7.000000,5,1487
1489,NODE,n1489,2,n42,n1472,1,4.000000,10.000000,6.000000,4,1.00,NAND2_X1,0.793103,6.000000,42,1472
1490,NODE,n1490,2,pi07,n70,1,5.000000,10.000000,5.000000,5,1.00,NAND2_X1,0.827586,5.000000,8,70
1491,NODE,n1491,2,n1489,n1490,2,6.000000,11.000000,5.000000,6,1.00,NAND2_X1,0.827586,5.000000,1489,1490
1492,NODE,n1492,2,pi15,n1491,1,7.000000,12.000000,5.000000,7,1.00,AND2_X1,0.827586,5.000000,16,1491
1493,NODE,n1493,2,n35,n1492,1,8.000000,13.000000,5.000000,8,1.00,AND2_X1,0.827586,5.000000,35,1492
1494,NODE,n1494,2,n54,n1493,1,9.000000,14.000000,5.000000,9,1.00,NAND2_X1,0.827586,5.000000,54,1493
1495,NODE,n1495,2,n1488,n1494,1,10.000000,15.000000,5.000000,10,1.00,NAND2_X1,0.827586,5.000000,1488,1494
1496,NODE,n1496,2,pi03,n1495,1,11.000000,16.000000,5.000000,11,1.00,NAND2_X1,0.827586,5.000000,4,1495
1497,NODE,n1497,2,pi07,n255,1,6.000000,10.000000,4.000000,6,1.00,NAND2_X1,0.862069,4.000000,8,255
1498,NODE,n1498,2,n69,n254,1,5.000000,10.000000,5.000000,5,1.00,NAND2_X1,0.827586,5.000000,69,254
1499,NODE,n1499,2,n1497,n1498,1,7.000000,11.000000,4.000000,7,1.00,AND2_X1,0.862069,4.000000,1497,1498
1500,NODE,n1500,2,n54,n1499,1,8.000000,12.000000,4.000000,8,1.00,NAND2_X1,0.862069,4.000000,54,1499
1501,NODE,n1501,2,n61,n33,4,2.000000,7.000000,5.000000,2,1.00,AND2_X1,0.827586,5.000000,61,33
1502,NODE,n1502,2,pi04,n275,2,5.000000,11.000000,6.000000,5,1.00,AND2_X1,0.793103,6.000000,5,275
1503,NODE,n1503,2,n1501,n1502,1,6.000000,12.000000,6.000000,6,1.00,NAND2_X1,0.793103,6.000000,1501,1502
1504,NODE,n1504,2,n1500,n1503,1,9.000000,13.000000,4.000000,9,1.00,NAND2_X1,0.862069,4.000000,1500,1503
1505,NODE,n1505,2,pi15,n1504,1,10.000000,14.000000,4.000000,10,1.00,AND2_X1,0.862069,4.000000,16,1504
1506,NODE,n1506,2,n35,n1505,1,11.000000,15.000000,4.000000,11,1.00,AND2_X1,0.862069,4.000000,35,1505
1507,NODE,n1507,2,n90,n1506,1,12.000000,16.000000,4.000000,12,1.00,NAND2_X1,0.862069,4.000000,90,1506
1508,NODE,n1508,2,n1496,n1507,1,13.000000,17.000000,4.000000,13,1.00,NAND2_X1,0.862069,4.000000,1496,1507
1509,NODE,n1509,2,n34,n1508,1,14.000000,18.000000,4.000000,14,1.00,NAND2_X1,0.862069,4.000000,34,1508
1510,NODE,n1510,2,pi15,n255,5,6.000000,15.000000,9.000000,6,1.00,AND2_X1,0.689655,9.000000,16,255
1511,NODE,n1511,2,n35,n1510,1,7.000000,16.000000,9.000000,7,1.00,AND2_X1,0.689655,9.000000,35,1510
1512,NODE,n1512,2,n61,n1511,2,8.000000,17.000000,9.000000,8,1.00,AND2_X1,0.689655,9.000000,61,1511
1513,NODE,n1513,2,pi05,n1512,1,9.000000,18.000000,9.000000,9,1.00,NAND2_X1,0.689655,9.000000,6,1512
1514,NODE,n1514,2,n1509,n1513,1,15.000000,19.000000,4.000000,15,1.00,NAND2_X1,0.862069,4.000000,1509,1513
1515,NODE,n1515,2,n154,n1514,1,16.000000,20.000000,4.000000,16,1.00,NAND2_X1,0.862069,4.000000,154,1514
1516,NODE,n1516,2,n1483,n1515,1,17.000000,21.000000,4.000000,17,1.00,NAND2_X1,0.862069,4.000000,1483,1515
1517,NODE,n1517,2,pi09,n1516,1,18.000000,22.000000,4.000000,18,1.00,NAND2_X1,0.862069,4.000000,10,1516
1518,NODE,n1518,1,n681,,9,2.000000,7.000000,5.000000,2,1.00,INV_X1,0.827586,5.000000,681,-1
1519,NODE,n1519,2,n1518,n1175,2,4.000000,10.000000,6.000000,4,1.00,NAND2_X1,0.793103,6.000000,1518,1175
1520,NODE,n1520,1,n680,,5,3.000000,9.000000,6.000000,3,1.00,INV_X1,0.793103,6.000000,680,-1
1521,NODE,n1521,2,n1520,n1178,1,4.000000,10.000000,6.000000,4,1.00,NAND2_X1,0.793103,6.000000,1520,1178
1522,NODE,n1522,2,n1519,n1521,1,5.000000,11.000000,6.000000,5,1.00,NAND2_X1,0.793103,6.000000,1519,1521
1523,NODE,n1523,2,pi02,n1522,1,6.000000,12.000000,6.000000,6,1.00,NAND2_X1,0.793103,6.000000,3,1522
1524,NODE,n1524,2,pi07,n1175,4,4.000000,10.000000,6.000000,4,1.00,AND2_X1,0.793103,6.000000,8,1175
1525,NODE,n1525,2,n321,n1524,1,5.000000,12.000000,7.000000,5,1.00,NAND2_X1,0.758621,7.000000,321,1524
1526,NODE,n1526,2,n1523,n1525,1,7.000000,13.000000,6.000000,7,1.00,NAND2_X1,0.793103,6.000000,1523,1525
1527,NODE,n1527,2,n54,n1526,1,8.000000,14.000000,6.000000,8,1.00,NAND2_X1,0.793103,6.000000,54,1526
1528,NODE,n1528,2,pi04,n822,2,4.000000,10.000000,6.000000,4,1.00,AND2_X1,0.793103,6.000000,5,822
1529,NODE,n1529,2,n90,n1528,1,5.000000,13.000000,8.000000,5,1.00,AND2_X1,0.724138,8.000000,90,1528
1530,NODE,n1530,2,pi02,n1529,1,6.000000,14.000000,8.000000,6,1.00,NAND2_X1,0.724138,8.000000,3,1529
1531,NODE,n1531,2,n1527,n1530,1,9.000000,15.000000,6.000000,9,1.00,AND2_X1,0.793103,6.000000,1527,1530
1532,NODE,n1532,2,pi15,n580,1,4.000000,8.000000,4.000000,4,1.00,AND2_X1,0.862069,4.000000,16,580
1533,NODE,n1533,2,pi02,n1532,1,5.000000,9.000000,4.000000,5,1.00,NAND2_X1,0.862069,4.000000,3,1532
1534,NODE,n1534,2,n154,pi04,2,2.000000,5.000000,3.000000,2,1.00,NAND2_X1,0.896552,3.000000,154,5
1535,NODE,n1535,1,n1534,,14,3.000000,6.000000,3.000000,3,1.00,INV_X1,0.896552,3.000000,1534,-1
1536,NODE,n1536,2,n822,n1535,1,4.000000,9.000000,5.000000,4,1.00,NAND2_X1,0.827586,5.000000,822,1535
1537,NODE,n1537,2,n1533,n1536,1,6.000000,10.000000,4.000000,6,1.00,NAND2_X1,0.862069,4.000000,1533,1536
1538,NODE,n1538,2,pi05,n1537,1,7.000000,11.000000,4.000000,7,1.00,NAND2_X1,0.862069,4.000000,6,1537
1539,NODE,n1539,2,n34,n978,3,4.000000,10.000000,6.000000,4,1.00,AND2_X1,0.793103,6.000000,34,978
1540,NODE,n1540,2,n1535,n1539,1,5.000000,11.000000,6.000000,5,1.00,NAND2_X1,0.793103,6.000000,1535,1539
1541,NODE,n1541,2,n1538,n1540,1,8.000000,12.000000,4.000000,8,1.00,NAND2_X1,0.862069,4.000000,1538,1540
1542,NODE,n1542,2,pi03,n1541,1,9.000000,13.000000,4.000000,9,1.00,NAND2_X1,0.862069,4.000000,4,1541
1543,NODE,n1543,2,n1163,n1539,1,6.000000,13.000000,7.000000,6,1.00,NAND2_X1,0.758621,7.000000,1163,1539
1544,NODE,n1544,2,n1542,n1543,1,10.000000,14.000000,4.000000,10,1.00,NAND2_X1,0.862069,4.000000,1542,1543
1545,NODE,n1545,2,n35,n1544,1,11.000000,15.000000,4.000000,11,1.00,NAND2_X1,0.862069,4.000000,35,1544
1546,NODE,n1546,2,n1531,n1545,1,12.000000,16.000000,4.000000,12,1.00,NAND2_X1,0.862069,4.000000,1531,1545
1547,NODE,n1547,2,pi14,n1546,1,13.000000,17.000000,4.000000,13,1.00,AND2_X1,0.862069,4.000000,15,1546
1548,NODE,n1548,2,n40,n1547,1,14.000000,18.000000,4.000000,14,1.00,AND2_X1,0.862069,4.000000,40,1547
1549,NODE,n1549,2,n39,n1548,1,15.000000,19.000000,4.000000,15,1.00,AND2_X1,0.862069,4.000000,39,1548
1550,NODE,n1550,2,n36,n1549,1,16.000000,20.000000,4.000000,16,1.00,AND2_X1,0.862069,4.000000,36,1549
1551,NODE,n1551,2,n33,n1550,1,17.000000,21.000000,4.000000,17,1.00,AND2_X1,0.862069,4.000000,33,1550
1552,NODE,n1552,2,n62,n1551,1,18.000000,22.000000,4.000000,18,1.00,NAND2_X1,0.862069,4.000000,62,1551
1553,NODE,n1553,2,n1517,n1552,1,19.000000,23.000000,4.000000,19,1.00,NAND2_X1,0.862069,4.000000,1517,1552
1554,NODE,n1554,2,pi00,n1553,1,20.000000,24.000000,4.000000,20,1.00,NAND2_X1,0.862069,4.000000,1,1553
1555,NODE,n1555,1,n1033,,12,3.000000,4.000000,1.000000,3,1.00,INV_X1,0.965517,1.000000,1033,-1
1556,NODE,n1556,2,n54,n1555,2,4.000000,5.000000,1.000000,4,1.00,NAND2_X1,0.965517,1.000000,54,1555
1557,NODE,n1557,1,n1034,,11,3.000000,3.000000,0.000000,3,1.00,INV_X1,1.000000,0.000000,1034,-1
1558,NODE,n1558,2,pi04,n1557,2,4.000000,5.000000,1.000000,4,1.00,NAND2_X1,0.965517,1.000000,5,1557
1559,NODE,n1559,2,n1556,n1558,2,5.000000,6.000000,1.000000,5,1.00,NAND2_X1,0.965517,1.000000,1556,1558
1560,NODE,n1560,2,pi02,n1559,1,6.000000,11.000000,5.000000,6,1.00,NAND2_X1,0.827586,5.000000,3,1559
1561,NODE,n1561,2,n1557,n1535,1,4.000000,11.000000,7.000000,4,1.00,NAND2_X1,0.758621,7.000000,1557,1535
1562,NODE,n1562,2,n1560,n1561,1,7.000000,12.000000,5.000000,7,1.00,AND2_X1,0.827586,5.000000,1560,1561
1563,NODE,n1563,2,n159,n1183,1,4.000000,9.000000,5.000000,4,1.00,NAND2_X1,0.827586,5.000000,159,1183
1564,NODE,n1564,2,n156,n1291,2,4.000000,9.000000,5.000000,4,1.00,NAND2_X1,0.827586,5.000000,156,1291
1565,NODE,n1565,2,n1563,n1564,1,5.000000,10.000000,5.000000,5,1.00,NAND2_X1,0.827586,5.000000,1563,1564
1566,NODE,n1566,2,pi02,n1565,1,6.000000,11.000000,5.000000,6,1.00,NAND2_X1,0.827586,5.000000,3,1565
1567,NODE,n1567,2,n54,n1035,1,4.000000,9.000000,5.000000,4,1.00,AND2_X1,0.827586,5.000000,54,1035
1568,NODE,n1568,2,pi03,n1567,1,5.000000,10.000000,5.000000,5,1.00,AND2_X1,0.827586,5.000000,4,1567
1569,NODE,n1569,2,n154,n1568,1,6.000000,11.000000,5.000000,6,1.00,NAND2_X1,0.827586,5.000000,154,1568
1570,NODE,n1570,2,n1566,n1569,1,7.000000,12.000000,5.000000,7,1.00,AND2_X1,0.827586,5.000000,1566,1569
1571,NODE,n1571,2,n1562,n1570,1,8.000000,13.000000,5.000000,8,1.00,NAND2_X1,0.827586,5.000000,1562,1570
1572,NODE,n1572,2,n61,n1571,1,9.000000,14.000000,5.000000,9,1.00,NAND2_X1,0.827586,5.000000,61,1571
1573,NODE,n1573,2,n54,pi15,2,2.000000,4.000000,2.000000,2,1.00,NAND2_X1,0.931035,2.000000,54,16
1574,NODE,n1574,1,n1573,,13,3.000000,5.000000,2.000000,3,1.00,INV_X1,0.931035,2.000000,1573,-1
1575,NODE,n1575,2,pi03,n1574,1,4.000000,10.000000,6.000000,4,1.00,NAND2_X1,0.793103,6.000000,4,1574
1576,NODE,n1576,2,n90,n1426,1,4.000000,10.000000,6.000000,4,1.00,NAND2_X1,0.793103,6.000000,90,1426
1577,NODE,n1577,2,n1575,n1576,1,5.000000,11.000000,6.000000,5,1.00,NAND2_X1,0.793103,6.000000,1575,1576
1578,NODE,n1578,2,pi02,n1577,1,6.000000,12.000000,6.000000,6,1.00,NAND2_X1,0.793103,6.000000,3,1577
1579,NODE,n1579,2,n321,n1574,2,4.000000,8.000000,4.000000,4,1.00,NAND2_X1,0.862069,4.000000,321,1574
1580,NODE,n1580,2,n1578,n1579,1,7.000000,13.000000,6.000000,7,1.00,NAND2_X1,0.793103,6.000000,1578,1579
1581,NODE,n1581,2,pi07,n1580,1,8.000000,14.000000,6.000000,8,1.00,NAND2_X1,0.793103,6.000000,8,1580
1582,NODE,n1582,2,n1572,n1581,1,10.000000,15.000000,5.000000,10,1.00,NAND2_X1,0.827586,5.000000,1572,1581
1583,NODE,n1583,2,pi14,n1582,1,11.000000,16.000000,5.000000,11,1.00,AND2_X1,0.827586,5.000000,15,1582
1584,NODE,n1584,2,n40,n1583,1,12.000000,17.000000,5.000000,12,1.00,AND2_X1,0.827586,5.000000,40,1583
1585,NODE,n1585,2,n39,n1584,1,13.000000,18.000000,5.000000,13,1.00,AND2_X1,0.827586,5.000000,39,1584
1586,NODE,n1586,2,n36,n1585,1,14.000000,19.000000,5.000000,14,1.00,AND2_X1,0.827586,5.000000,36,1585
1587,NODE,n1587,2,n33,n1586,1,15.000000,20.000000,5.000000,15,1.00,AND2_X1,0.827586,5.000000,33,1586
1588,NODE,n1588,2,n62,n1587,1,16.000000,21.000000,5.000000,16,1.00,NAND2_X1,0.827586,5.000000,62,1587
1589,NODE,n1589,1,n552,,1,5.000000,20.000000,15.000000,5,1.00,INV_X1,0.482759,15.000000,552,-1
1590,NODE,n1590,1,n232,,5,5.000000,6.000000,1.000000,5,1.00,INV_X1,0.965517,1.000000,232,-1
1591,NODE,n1591,2,n1590,n1414,1,6.000000,20.000000,14.000000,6,1.00,AND2_X1,0.517241,14.000000,1590,1414
1592,NODE,n1592,2,n1589,n1591,1,7.000000,21.000000,14.000000,7,1.00,NAND2_X1,0.517241,14.000000,1589,1591
1593,NODE,n1593,2,n1588,n1592,1,17.000000,22.000000,5.000000,17,1.00,NAND2_X1,0.827586,5.000000,1588,1592
1594,NODE,n1594,2,n35,n1593,1,18.000000,23.000000,5.000000,18,1.00,AND2_X1,0.827586,5.000000,35,1593
1595,NODE,n1595,2,n78,n1594,1,19.000000,24.000000,5.000000,19,1.00,NAND2_X1,0.827586,5.000000,78,1594
1596,NODE,n1596,2,n1554,n1595,1,21.000000,25.000000,4.000000,21,1.00,AND2_X1,0.862069,4.000000,1554,1595
1597,NODE,n1597,2,n1456,n1596,1,22.000000,26.000000,4.000000,22,1.00,NAND2_X1,0.862069,4.000000,1456,1596
1598,NODE,n1598,2,n138,n1597,1,23.000000,27.000000,4.000000,23,1.00,NAND2_X1,0.862069,4.000000,138,1597
1599,NODE,n1599,2,n1442,n1598,1,24.000000,28.000000,4.000000,24,1.00,AND2_X1,0.862069,4.000000,1442,1598
1600,NODE,n1600,2,n138,pi07,2,2.000000,4.000000,2.000000,2,1.00,NAND2_X1,0.931035,2.000000,138,8
1601,NODE,n1601,2,pi01,n61,2,2.000000,5.000000,3.000000,2,1.00,NAND2_X1,0.896552,3.000000,2,61
1602,NODE,n1602,2,n1600,n1601,1,3.000000,14.000000,11.000000,3,1.00,NAND2_X1,0.620690,11.000000,1600,1601
1603,NODE,n1603,2,n34,pi10,2,2.000000,6.000000,4.000000,2,1.00,NAND2_X1,0.862069,4.000000,34,11
1604,NODE,n1604,2,pi05,n33,1,2.000000,8.000000,6.000000,2,1.00,NAND2_X1,0.793103,6.000000,6,33
1605,NODE,n1605,2,n1603,n1604,1,3.000000,9.000000,6.000000,3,1.00,NAND2_X1,0.793103,6.000000,1603,1604
1606,NODE,n1606,2,pi08,n1605,1,4.000000,10.000000,6.000000,4,1.00,AND2_X1,0.793103,6.000000,9,1605
1607,NODE,n1607,2,pi04,n1606,1,5.000000,11.000000,6.000000,5,1.00,AND2_X1,0.793103,6.000000,5,1606
1608,NODE,n1608,2,n154,n1607,1,6.000000,12.000000,6.000000,6,1.00,AND2_X1,0.793103,6.000000,154,1607
1609,NODE,n1609,2,n78,n1608,1,7.000000,13.000000,6.000000,7,1.00,NAND2_X1,0.793103,6.000000,78,1608
1610,NODE,n1610,2,pi00,n284,1,4.000000,12.000000,8.000000,4,1.00,AND2_X1,0.724138,8.000000,1,284
1611,NODE,n1611,2,n35,pi10,2,2.000000,7.000000,5.000000,2,1.00,NAND2_X1,0.827586,5.000000,35,11
1612,NODE,n1612,1,n1611,,3,3.000000,8.000000,5.000000,3,1.00,INV_X1,0.827586,5.000000,1611,-1
1613,NODE,n1613,2,pi05,n1612,1,4.000000,12.000000,8.000000,4,1.00,AND2_X1,0.724138,8.000000,6,1612
1614,NODE,n1614,2,n1610,n1613,1,5.000000,13.000000,8.000000,5,1.00,NAND2_X1,0.724138,8.000000,1610,1613
1615,NODE,n1615,2,n1609,n1614,1,8.000000,14.000000,6.000000,8,1.00,NAND2_X1,0.793103,6.000000,1609,1614
1616,NODE,n1616,2,n1602,n1615,1,9.000000,15.000000,6.000000,9,1.00,NAND2_X1,0.793103,6.000000,1602,1615
1617,NODE,n1617,2,pi04,n61,3,2.000000,3.000000,1.000000,2,1.00,NAND2_X1,0.965517,1.000000,5,61
1618,NODE,n1618,2,n569,n1617,5,3.000000,5.000000,2.000000,3,1.00,NAND2_X1,0.931035,2.000000,569,1617
1619,NODE,n1619,2,pi01,n1618,1,4.000000,6.000000,2.000000,4,1.00,AND2_X1,0.931035,2.000000,2,1618
1620,NODE,n1620,2,n78,n1619,1,5.000000,7.000000,2.000000,5,1.00,NAND2_X1,0.931035,2.000000,78,1619
1621,NODE,n1621,2,pi00,n569,1,3.000000,6.000000,3.000000,3,1.00,AND2_X1,0.896552,3.000000,1,569
1622,NODE,n1622,2,n138,n1621,1,4.000000,7.000000,3.000000,4,1.00,NAND2_X1,0.896552,3.000000,138,1621
1623,NODE,n1623,2,n1620,n1622,1,6.000000,8.000000,2.000000,6,1.00,NAND2_X1,0.931035,2.000000,1620,1622
1624,NODE,n1624,2,pi02,n1623,1,7.000000,9.000000,2.000000,7,1.00,NAND2_X1,0.931035,2.000000,3,1623
1625,NODE,n1625,2,pi01,pi07,3,1.000000,4.000000,3.000000,1,1.00,NAND2_X1,0.896552,3.000000,2,8
1626,NODE,n1626,2,n138,n61,2,2.000000,4.000000,2.000000,2,1.00,NAND2_X1,0.931035,2.000000,138,61
1627,NODE,n1627,2,n1625,n1626,3,3.000000,5.000000,2.000000,3,1.00,NAND2_X1,0.931035,2.000000,1625,1626
1628,NODE,n1628,2,pi04,n1627,1,4.000000,6.000000,2.000000,4,1.00,AND2_X1,0.931035,2.000000,5,1627
1629,NODE,n1629,2,pi00,n1628,1,5.000000,7.000000,2.000000,5,1.00,NAND2_X1,0.931035,2.000000,1,1628
1630,NODE,n1630,2,n570,n619,1,4.000000,7.000000,3.000000,4,1.00,NAND2_X1,0.896552,3.000000,570,619
1631,NODE,n1631,2,n1629,n1630,1,6.000000,8.000000,2.000000,6,1.00,NAND2_X1,0.931035,2.000000,1629,1630
1632,NODE,n1632,2,n154,n1631,1,7.000000,9.000000,2.000000,7,1.00,NAND2_X1,0.931035,2.000000,154,1631
1633,NODE,n1633,2,n1624,n1632,1,8.000000,10.000000,2.000000,8,1.00,NAND2_X1,0.931035,2.000000,1624,1632
1634,NODE,n1634,2,n34,n1633,1,9.000000,11.000000,2.000000,9,1.00,NAND2_X1,0.931035,2.000000,34,1633
1635,NODE,n1635,2,pi01,pi04,3,1.000000,4.000000,3.000000,1,1.00,NAND2_X1,0.896552,3.000000,2,5
1636,NODE,n1636,2,n138,n284,2,4.000000,6.000000,2.000000,4,1.00,NAND2_X1,0.931035,2.000000,138,284
1637,NODE,n1637,2,n1635,n1636,1,5.000000,7.000000,2.000000,5,1.00,NAND2_X1,0.931035,2.000000,1635,1636
1638,NODE,n1638,2,n78,n1637,1,6.000000,8.000000,2.000000,6,1.00,NAND2_X1,0.931035,2.000000,78,1637
1639,NODE,n1639,2,n284,n614,1,4.000000,8.000000,4.000000,4,1.00,NAND2_X1,0.862069,4.000000,284,614
1640,NODE,n1640,2,n1638,n1639,1,7.000000,9.000000,2.000000,7,1.00,NAND2_X1,0.931035,2.000000,1638,1639
1641,NODE,n1641,2,n61,n1640,1,8.000000,10.000000,2.000000,8,1.00,AND2_X1,0.931035,2.000000,61,1640
1642,NODE,n1642,2,pi05,n1641,1,9.000000,11.000000,2.000000,9,1.00,NAND2_X1,0.931035,2.000000,6,1641
1643,NODE,n1643,2,n1634,n1642,1,10.000000,12.000000,2.000000,10,1.00,NAND2_X1,0.931035,2.000000,1634,1642
1644,NODE,n1644,2,pi08,n1643,1,11.000000,13.000000,2.000000,11,1.00,NAND2_X1,0.931035,2.000000,9,1643
1645,NODE,n1645,2,pi02,n34,3,2.000000,3.000000,1.000000,2,1.00,NAND2_X1,0.965517,1.000000,3,34
1646,NODE,n1646,2,n542,n1645,3,3.000000,4.000000,1.000000,3,1.00,NAND2_X1,0.965517,1.000000,542,1645
1647,NODE,n1647,2,pi00,n1646,1,4.000000,5.000000,1.000000,4,1.00,NAND2_X1,0.965517,1.000000,1,1646
1648,NODE,n1648,1,n1645,,2,3.000000,4.000000,1.000000,3,1.00,INV_X1,0.965517,1.000000,1645,-1
1649,NODE,n1649,2,n78,n1648,1,4.000000,5.000000,1.000000,4,1.00,NAND2_X1,0.965517,1.000000,78,1648
1650,NODE,n1650,2,n1647,n1649,1,5.000000,6.000000,1.000000,5,1.00,NAND2_X1,0.965517,1.000000,1647,1649
1651,NODE,n1651,2,pi04,n1650,1,6.000000,7.000000,1.000000,6,1.00,NAND2_X1,0.965517,1.000000,5,1650
1652,NODE,n1652,2,pi02,pi05,2,1.000000,3.000000,2.000000,1,1.00,NAND2_X1,0.931035,2.000000,3,6
1653,NODE,n1653,2,n154,n34,2,2.000000,3.000000,1.000000,2,1.00,NAND2_X1,0.965517,1.000000,154,34
1654,NODE,n1654,2,n1652,n1653,4,3.000000,4.000000,1.000000,3,1.00,NAND2_X1,0.965517,1.000000,1652,1653
1655,NODE,n1655,2,n54,n1654,1,4.000000,6.000000,2.000000,4,1.00,AND2_X1,0.931035,2.000000,54,1654
1656,NODE,n1656,2,n78,n1655,1,5.000000,7.000000,2.000000,5,1.00,NAND2_X1,0.931035,2.000000,78,1655
1657,NODE,n1657,2,n1651,n1656,1,7.000000,8.000000,1.000000,7,1.00,NAND2_X1,0.965517,1.000000,1651,1656
1658,NODE,n1658,2,pi07,n1657,1,8.000000,9.000000,1.000000,8,1.00,NAND2_X1,0.965517,1.000000,8,1657
1659,NODE,n1659,2,n154,n646,1,6.000000,9.000000,3.000000,6,1.00,NAND2_X1,0.896552,3.000000,154,646
1660,NODE,n1660,2,n1658,n1659,1,9.000000,10.000000,1.000000,9,1.00,NAND2_X1,0.965517,1.000000,1658,1659
1661,NODE,n1661,2,n138,n1660,1,10.000000,11.000000,1.000000,10,1.00,NAND2_X1,0.965517,1.000000,138,1660
1662,NODE,n1662,2,n61,n274,2,3.000000,10.000000,7.000000,3,1.00,AND2_X1,0.758621,7.000000,61,274
1663,NODE,n1663,2,n733,n1662,1,4.000000,11.000000,7.000000,4,1.00,NAND2_X1,0.758621,7.000000,733,1662
1664,NODE,n1664,2,n1661,n1663,1,11.000000,12.000000,1.000000,11,1.00,NAND2_X1,0.965517,1.000000,1661,1663
1665,NODE,n1665,2,n35,n1664,1,12.000000,13.000000,1.000000,12,1.00,NAND2_X1,0.965517,1.000000,35,1664
1666,NODE,n1666,2,n1644,n1665,1,13.000000,14.000000,1.000000,13,1.00,NAND2_X1,0.965517,1.000000,1644,1665
1667,NODE,n1667,2,pi10,n1666,1,14.000000,15.000000,1.000000,14,1.00,NAND2_X1,0.965517,1.000000,11,1666
1668,NODE,n1668,2,n1616,n1667,1,15.000000,16.000000,1.000000,15,1.00,NAND2_X1,0.965517,1.000000,1616,1667
1669,NODE,n1669,2,pi15,n1668,1,16.000000,17.000000,1.000000,16,1.00,NAND2_X1,0.965517,1.000000,16,1668
1670,NODE,n1670,2,n593,n596,7,3.000000,6.000000,3.000000,3,1.00,NAND2_X1,0.896552,3.000000,593,596
1671,NODE,n1671,2,pi07,n1670,1,4.000000,11.000000,7.000000,4,1.00,AND2_X1,0.758621,7.000000,8,1670
1672,NODE,n1672,2,pi00,n1671,1,5.000000,12.000000,7.000000,5,1.00,NAND2_X1,0.758621,7.000000,1,1671
1673,NODE,n1673,2,n534,n574,1,4.000000,12.000000,8.000000,4,1.00,NAND2_X1,0.724138,8.000000,534,574
1674,NODE,n1674,2,n1672,n1673,1,6.000000,13.000000,7.000000,6,1.00,NAND2_X1,0.758621,7.000000,1672,1673
1675,NODE,n1675,2,pi01,n167,1,2.000000,5.000000,3.000000,2,1.00,NAND2_X1,0.896552,3.000000,2,167
1676,NODE,n1676,2,n154,n35,2,2.000000,4.000000,2.000000,2,1.00,AND2_X1,0.931035,2.000000,154,35
1677,NODE,n1677,2,n138,n1676,1,3.000000,5.000000,2.000000,3,1.00,NAND2_X1,0.931035,2.000000,138,1676
1678,NODE,n1678,2,n1675,n1677,2,4.000000,6.000000,2.000000,4,1.00,NAND2_X1,0.931035,2.000000,1675,1677
1679,NODE,n1679,2,n1674,n1678,1,7.000000,14.000000,7.000000,7,1.00,NAND2_X1,0.758621,7.000000,1674,1678
1680,NODE,n1680,2,pi04,n82,2,4.000000,11.000000,7.000000,4,1.00,NAND2_X1,0.758621,7.000000,5,82
1681,NODE,n1681,2,n54,n689,2,4.000000,11.000000,7.000000,4,1.00,NAND2_X1,0.758621,7.000000,54,689
1682,NODE,n1682,2,n1680,n1681,1,5.000000,12.000000,7.000000,5,1.00,NAND2_X1,0.758621,7.000000,1680,1681
1683,NODE,n1683,2,n138,n1646,1,4.000000,10.000000,6.000000,4,1.00,AND2_X1,0.793103,6.000000,138,1646
1684,NODE,n1684,2,n78,n1683,1,5.000000,11.000000,6.000000,5,1.00,NAND2_X1,0.793103,6.000000,78,1683
1685,NODE,n1685,1,n1653,,3,3.000000,9.000000,6.000000,3,1.00,INV_X1,0.793103,6.000000,1653,-1
1686,NODE,n1686,2,n614,n1685,1,4.000000,11.000000,7.000000,4,1.00,NAND2_X1,0.758621,7.000000,614,1685
1687,NODE,n1687,2,n1684,n1686,1,6.000000,12.000000,6.000000,6,1.00,NAND2_X1,0.793103,6.000000,1684,1686
1688,NODE,n1688,2,n1682,n1687,1,7.000000,13.000000,6.000000,7,1.00,NAND2_X1,0.793103,6.000000,1682,1687
1689,NODE,n1689,2,n138,n1654,1,4.000000,7.000000,3.000000,4,1.00,AND2_X1,0.896552,3.000000,138,1654
1690,NODE,n1690,2,n78,n1689,1,5.000000,8.000000,3.000000,5,1.00,NAND2_X1,0.896552,3.000000,78,1689
1691,NODE,n1691,2,n614,n1648,1,4.000000,8.000000,4.000000,4,1.00,NAND2_X1,0.862069,4.000000,614,1648
1692,NODE,n1692,2,n1690,n1691,1,6.000000,9.000000,3.000000,6,1.00,NAND2_X1,0.896552,3.000000,1690,1691
1693,NODE,n1693,2,n895,n1692,1,7.000000,10.000000,3.000000,7,1.00,NAND2_X1,0.896552,3.000000,895,1692
1694,NODE,n1694,2,n138,n524,1,3.000000,5.000000,2.000000,3,1.00,NAND2_X1,0.931035,2.000000,138,524
1695,NODE,n1695,2,pi01,n527,1,4.000000,5.000000,1.000000,4,1.00,NAND2_X1,0.965517,1.000000,2,527
1696,NODE,n1696,2,n1694,n1695,1,5.000000,6.000000,1.000000,5,1.00,NAND2_X1,0.965517,1.000000,1694,1695
1697,NODE,n1697,2,n35,n1696,1,6.000000,7.000000,1.000000,6,1.00,AND2_X1,0.965517,1.000000,35,1696
1698,NODE,n1698,2,pi02,n1697,1,7.000000,8.000000,1.000000,7,1.00,AND2_X1,0.965517,1.000000,3,1697
1699,NODE,n1699,2,pi00,n1698,1,8.000000,9.000000,1.000000,8,1.00,NAND2_X1,0.965517,1.000000,1,1698
1700,NODE,n1700,2,pi01,n154,2,2.000000,2.000000,0.000000,2,1.00,NAND2_X1,1.000000,0.000000,2,154
1701,NODE,n1701,1,n1700,,19,3.000000,3.000000,0.000000,3,1.00,INV_X1,1.000000,0.000000,1700,-1
1702,NODE,n1702,2,n78,n1701,3,4.000000,8.000000,4.000000,4,1.00,AND2_X1,0.862069,4.000000,78,1701
1703,NODE,n1703,2,n34,n127,4,3.000000,8.000000,5.000000,3,1.00,AND2_X1,0.827586,5.000000,34,127
1704,NODE,n1704,2,n1702,n1703,1,5.000000,9.000000,4.000000,5,1.00,NAND2_X1,0.862069,4.000000,1702,1703
1705,NODE,n1705,2,n1699,n1704,1,9.000000,10.000000,1.000000,9,1.00,AND2_X1,0.965517,1.000000,1699,1704
1706,NODE,n1706,2,n1693,n1705,1,10.000000,11.000000,1.000000,10,1.00,NAND2_X1,0.965517,1.000000,1693,1705
1707,NODE,n1707,2,pi04,n1706,1,11.000000,12.000000,1.000000,11,1.00,NAND2_X1,0.965517,1.000000,5,1706
1708,NODE,n1708,1,n1600,,2,3.000000,5.000000,2.000000,3,1.00,INV_X1,0.931035,2.000000,1600,-1
1709,NODE,n1709,2,n78,n1708,1,4.000000,6.000000,2.000000,4,1.00,NAND2_X1,0.931035,2.000000,78,1708
1710,NODE,n1710,2,n613,n1709,1,5.000000,7.000000,2.000000,5,1.00,NAND2_X1,0.931035,2.000000,613,1709
1711,NODE,n1711,2,pi08,n1710,1,6.000000,8.000000,2.000000,6,1.00,NAND2_X1,0.931035,2.000000,9,1710
1712,NODE,n1712,2,n614,n715,1,4.000000,8.000000,4.000000,4,1.00,NAND2_X1,0.862069,4.000000,614,715
1713,NODE,n1713,2,n1711,n1712,1,7.000000,9.000000,2.000000,7,1.00,NAND2_X1,0.931035,2.000000,1711,1712
1714,NODE,n1714,2,n34,n1713,1,8.000000,10.000000,2.000000,8,1.00,AND2_X1,0.931035,2.000000,34,1713
1715,NODE,n1715,2,n54,n1714,1,9.000000,11.000000,2.000000,9,1.00,AND2_X1,0.931035,2.000000,54,1714
1716,NODE,n1716,2,pi02,n1715,1,10.000000,12.000000,2.000000,10,1.00,NAND2_X1,0.931035,2.000000,3,1715
1717,NODE,n1717,2,n1707,n1716,1,12.000000,13.000000,1.000000,12,1.00,AND2_X1,0.965517,1.000000,1707,1716
1718,NODE,n1718,2,n1688,n1717,1,13.000000,14.000000,1.000000,13,1.00,AND2_X1,0.965517,1.000000,1688,1717
1719,NODE,n1719,2,n1679,n1718,1,14.000000,15.000000,1.000000,14,1.00,NAND2_X1,0.965517,1.000000,1679,1718
1720,NODE,n1720,2,n790,n1719,1,15.000000,16.000000,1.000000,15,1.00,AND2_X1,0.965517,1.000000,790,1719
1721,NODE,n1721,2,pi10,n1720,1,16.000000,17.000000,1.000000,16,1.00,NAND2_X1,0.965517,1.000000,11,1720
1722,NODE,n1722,2,n1669,n1721,1,17.000000,18.000000,1.000000,17,1.00,NAND2_X1,0.965517,1.000000,1669,1721
1723,NODE,n1723,2,pi03,n1722,1,18.000000,19.000000,1.000000,18,1.00,NAND2_X1,0.965517,1.000000,4,1722
1724,NODE,n1724,2,pi02,n597,2,4.000000,5.000000,1.000000,4,1.00,NAND2_X1,0.965517,1.000000,3,597
1725,NODE,n1725,2,n154,n594,2,4.000000,6.000000,2.000000,4,1.00,NAND2_X1,0.931035,2.000000,154,594
1726,NODE,n1726,2,n1724,n1725,2,5.000000,11.000000,6.000000,5,1.00,NAND2_X1,0.793103,6.000000,1724,1725
1727,NODE,n1727,2,n138,pi15,2,2.000000,10.000000,8.000000,2,1.00,NAND2_X1,0.724138,8.000000,138,16
1728,NODE,n1728,2,pi01,n1178,2,4.000000,10.000000,6.000000,4,1.00,NAND2_X1,0.793103,6.000000,2,1178
1729,NODE,n1729,2,n1727,n1728,1,5.000000,11.000000,6.000000,5,1.00,NAND2_X1,0.793103,6.000000,1727,1728
1730,NODE,n1730,2,n1726,n1729,1,6.000000,12.000000,6.000000,6,1.00,NAND2_X1,0.793103,6.000000,1726,1729
1731,NODE,n1731,2,n258,n1175,1,4.000000,9.000000,5.000000,4,1.00,NAND2_X1,0.827586,5.000000,258,1175
1732,NODE,n1732,2,n1178,n1192,1,4.000000,9.000000,5.000000,4,1.00,NAND2_X1,0.827586,5.000000,1178,1192
1733,NODE,n1733,2,n1731,n1732,1,5.000000,10.000000,5.000000,5,1.00,NAND2_X1,0.827586,5.000000,1731,1732
1734,NODE,n1734,2,n34,n1733,1,6.000000,11.000000,5.000000,6,1.00,AND2_X1,0.827586,5.000000,34,1733
1735,NODE,n1735,2,n138,n1734,1,7.000000,12.000000,5.000000,7,1.00,NAND2_X1,0.827586,5.000000,138,1734
1736,NODE,n1736,2,n1730,n1735,1,8.000000,13.000000,5.000000,8,1.00,NAND2_X1,0.827586,5.000000,1730,1735
1737,NODE,n1737,2,n78,n1736,1,9.000000,14.000000,5.000000,9,1.00,NAND2_X1,0.827586,5.000000,78,1736
1738,NODE,n1738,2,n1174,n1177,3,3.000000,6.000000,3.000000,3,1.00,NAND2_X1,0.896552,3.000000,1174,1177
1739,NODE,n1739,2,pi01,n1738,1,4.000000,7.000000,3.000000,4,1.00,NAND2_X1,0.896552,3.000000,2,1738
1740,NODE,n1740,2,n138,n1078,1,3.000000,7.000000,4.000000,3,1.00,NAND2_X1,0.862069,4.000000,138,1078
1741,NODE,n1741,2,n1739,n1740,1,5.000000,8.000000,3.000000,5,1.00,NAND2_X1,0.896552,3.000000,1739,1740
1742,NODE,n1742,2,n34,n1741,1,6.000000,9.000000,3.000000,6,1.00,NAND2_X1,0.896552,3.000000,34,1741
1743,NODE,n1743,2,n138,pi05,2,2.000000,7.000000,5.000000,2,1.00,NAND2_X1,0.827586,5.000000,138,6
1744,NODE,n1744,1,n1743,,7,3.000000,8.000000,5.000000,3,1.00,INV_X1,0.827586,5.000000,1743,-1
1745,NODE,n1745,2,n1175,n1744,1,4.000000,9.000000,5.000000,4,1.00,NAND2_X1,0.827586,5.000000,1175,1744
1746,NODE,n1746,2,n1742,n1745,1,7.000000,10.000000,3.000000,7,1.00,NAND2_X1,0.896552,3.000000,1742,1745
1747,NODE,n1747,2,pi02,n1746,1,8.000000,11.000000,3.000000,8,1.00,NAND2_X1,0.896552,3.000000,3,1746
1748,NODE,n1748,2,pi01,n1114,1,4.000000,8.000000,4.000000,4,1.00,NAND2_X1,0.862069,4.000000,2,1114
1749,NODE,n1749,2,n138,n1557,1,4.000000,8.000000,4.000000,4,1.00,NAND2_X1,0.862069,4.000000,138,1557
1750,NODE,n1750,2,n1748,n1749,1,5.000000,9.000000,4.000000,5,1.00,NAND2_X1,0.862069,4.000000,1748,1749
1751,NODE,n1751,2,n35,n1750,1,6.000000,10.000000,4.000000,6,1.00,AND2_X1,0.862069,4.000000,35,1750
1752,NODE,n1752,2,n154,n1751,1,7.000000,11.000000,4.000000,7,1.00,NAND2_X1,0.862069,4.000000,154,1751
1753,NODE,n1753,2,n1747,n1752,1,9.000000,12.000000,3.000000,9,1.00,NAND2_X1,0.896552,3.000000,1747,1752
1754,NODE,n1754,2,n54,n1753,1,10.000000,13.000000,3.000000,10,1.00,AND2_X1,0.896552,3.000000,54,1753
1755,NODE,n1755,2,pi00,n1754,1,11.000000,14.000000,3.000000,11,1.00,NAND2_X1,0.896552,3.000000,1,1754
1756,NODE,n1756,2,n1737,n1755,1,12.000000,15.000000,3.000000,12,1.00,NAND2_X1,0.896552,3.000000,1737,1755
1757,NODE,n1757,2,pi07,n1756,1,13.000000,16.000000,3.000000,13,1.00,NAND2_X1,0.896552,3.000000,8,1756
1758,NODE,n1758,2,n139,n1347,1,3.000000,8.000000,5.000000,3,1.00,NAND2_X1,0.827586,5.000000,139,1347
1759,NODE,n1759,2,pi15,n1758,1,4.000000,9.000000,5.000000,4,1.00,AND2_X1,0.827586,5.000000,16,1758
1760,NODE,n1760,2,pi08,n1759,1,5.000000,10.000000,5.000000,5,1.00,NAND2_X1,0.827586,5.000000,9,1759
1761,NODE,n1761,2,n34,n1075,2,4.000000,4.000000,0.000000,4,1.00,NAND2_X1,1.000000,0.000000,34,1075
1762,NODE,n1762,1,n1761,,2,5.000000,9.000000,4.000000,5,1.00,INV_X1,0.862069,4.000000,1761,-1
1763,NODE,n1763,2,n487,n1762,1,6.000000,10.000000,4.000000,6,1.00,NAND2_X1,0.862069,4.000000,487,1762
1764,NODE,n1764,2,n1760,n1763,1,7.000000,11.000000,4.000000,7,1.00,NAND2_X1,0.862069,4.000000,1760,1763
1765,NODE,n1765,2,pi04,n1764,1,8.000000,12.000000,4.000000,8,1.00,NAND2_X1,0.862069,4.000000,5,1764
1766,NODE,n1766,2,pi05,n1075,2,4.000000,5.000000,1.000000,4,1.00,NAND2_X1,0.965517,1.000000,6,1075
1767,NODE,n1767,2,n34,n1078,2,3.000000,5.000000,2.000000,3,1.00,NAND2_X1,0.931035,2.000000,34,1078
1768,NODE,n1768,2,n1766,n1767,2,5.000000,6.000000,1.000000,5,1.00,NAND2_X1,0.965517,1.000000,1766,1767
1769,NODE,n1769,2,pi00,n1768,1,6.000000,9.000000,3.000000,6,1.00,NAND2_X1,0.896552,3.000000,1,1768
1770,NODE,n1770,1,n139,,2,3.000000,8.000000,5.000000,3,1.00,INV_X1,0.827586,5.000000,139,-1
1771,NODE,n1771,2,n1770,n1075,1,4.000000,9.000000,5.000000,4,1.00,NAND2_X1,0.827586,5.000000,1770,1075
1772,NODE,n1772,2,n1769,n1771,1,7.000000,10.000000,3.000000,7,1.00,NAND2_X1,0.896552,3.000000,1769,1771
1773,NODE,n1773,2,n54,n1772,1,8.000000,11.000000,3.000000,8,1.00,AND2_X1,0.896552,3.000000,54,1772
1774,NODE,n1774,2,n154,n1773,1,9.000000,12.000000,3.000000,9,1.00,NAND2_X1,0.896552,3.000000,154,1773
1775,NODE,n1775,2,n1765,n1774,1,10.000000,13.000000,3.000000,10,1.00,NAND2_X1,0.896552,3.000000,1765,1774
1776,NODE,n1776,2,n138,n1775,1,11.000000,14.000000,3.000000,11,1.00,NAND2_X1,0.896552,3.000000,138,1775
1777,NODE,n1777,2,n78,n543,2,4.000000,8.000000,4.000000,4,1.00,NAND2_X1,0.862069,4.000000,78,543
1778,NODE,n1778,2,n1347,n1777,1,5.000000,9.000000,4.000000,5,1.00,NAND2_X1,0.862069,4.000000,1347,1777
1779,NODE,n1779,2,pi08,n1778,1,6.000000,10.000000,4.000000,6,1.00,NAND2_X1,0.862069,4.000000,9,1778
1780,NODE,n1780,1,n462,,4,3.000000,3.000000,0.000000,3,1.00,INV_X1,1.000000,0.000000,462,-1
1781,NODE,n1781,2,n1780,n487,1,4.000000,10.000000,6.000000,4,1.00,NAND2_X1,0.793103,6.000000,1780,487
1782,NODE,n1782,2,n1779,n1781,1,7.000000,11.000000,4.000000,7,1.00,NAND2_X1,0.862069,4.000000,1779,1781
1783,NODE,n1783,2,n790,n1782,1,8.000000,12.000000,4.000000,8,1.00,AND2_X1,0.862069,4.000000,790,1782
1784,NODE,n1784,2,pi04,n1783,1,9.000000,13.000000,4.000000,9,1.00,AND2_X1,0.862069,4.000000,5,1783
1785,NODE,n1785,2,pi01,n1784,1,10.000000,14.000000,4.000000,10,1.00,NAND2_X1,0.862069,4.000000,2,1784
1786,NODE,n1786,2,n1776,n1785,1,12.000000,15.000000,3.000000,12,1.00,NAND2_X1,0.896552,3.000000,1776,1785
1787,NODE,n1787,2,n61,n1786,1,13.000000,16.000000,3.000000,13,1.00,NAND2_X1,0.896552,3.000000,61,1786
1788,NODE,n1788,2,n1757,n1787,1,14.000000,17.000000,3.000000,14,1.00,NAND2_X1,0.896552,3.000000,1757,1787
1789,NODE,n1789,2,pi10,n1788,1,15.000000,18.000000,3.000000,15,1.00,AND2_X1,0.896552,3.000000,11,1788
1790,NODE,n1790,2,n90,n1789,1,16.000000,19.000000,3.000000,16,1.00,NAND2_X1,0.896552,3.000000,90,1789
1791,NODE,n1791,2,n1723,n1790,1,19.000000,20.000000,1.000000,19,1.00,NAND2_X1,0.965517,1.000000,1723,1790
1792,NODE,n1792,2,n368,n1791,1,20.000000,21.000000,1.000000,20,1.00,NAND2_X1,0.965517,1.000000,368,1791
1793,NODE,n1793,2,n34,n35,2,2.000000,5.000000,3.000000,2,1.00,NAND2_X1,0.896552,3.000000,34,35
1794,NODE,n1794,2,n242,n1793,1,3.000000,12.000000,9.000000,3,1.00,NAND2_X1,0.689655,9.000000,242,1793
1795,NODE,n1795,2,n154,pi07,3,2.000000,6.000000,4.000000,2,1.00,NAND2_X1,0.862069,4.000000,154,8
1796,NODE,n1796,1,n1795,,3,3.000000,7.000000,4.000000,3,1.00,INV_X1,0.862069,4.000000,1795,-1
1797,NODE,n1797,2,n138,n1796,2,4.000000,8.000000,4.000000,4,1.00,NAND2_X1,0.862069,4.000000,138,1796
1798,NODE,n1798,2,pi02,n61,4,2.000000,4.000000,2.000000,2,1.00,NAND2_X1,0.931035,2.000000,3,61
1799,NODE,n1799,1,n1798,,5,3.000000,7.000000,4.000000,3,1.00,INV_X1,0.862069,4.000000,1798,-1
1800,NODE,n1800,2,pi01,n1799,1,4.000000,8.000000,4.000000,4,1.00,NAND2_X1,0.862069,4.000000,2,1799
1801,NODE,n1801,2,n1797,n1800,1,5.000000,9.000000,4.000000,5,1.00,NAND2_X1,0.862069,4.000000,1797,1800
1802,NODE,n1802,2,pi15,n1801,1,6.000000,10.000000,4.000000,6,1.00,AND2_X1,0.862069,4.000000,16,1801
1803,NODE,n1803,2,pi00,n1802,1,7.000000,11.000000,4.000000,7,1.00,NAND2_X1,0.862069,4.000000,1,1802
1804,NODE,n1804,1,n823,,1,5.000000,10.000000,5.000000,5,1.00,INV_X1,0.827586,5.000000,823,-1
1805,NODE,n1805,2,n619,n1804,1,6.000000,11.000000,5.000000,6,1.00,NAND2_X1,0.827586,5.000000,619,1804
1806,NODE,n1806,2,n1803,n1805,1,8.000000,12.000000,4.000000,8,1.00,NAND2_X1,0.862069,4.000000,1803,1805
1807,NODE,n1807,2,n1794,n1806,1,9.000000,13.000000,4.000000,9,1.00,NAND2_X1,0.862069,4.000000,1794,1806
1808,NODE,n1808,2,n1234,n1761,2,5.000000,5.000000,0.000000,5,1.00,NAND2_X1,1.000000,0.000000,1234,1761
1809,NODE,n1809,2,pi00,n1808,1,6.000000,6.000000,0.000000,6,1.00,NAND2_X1,1.000000,0.000000,1,1808
1810,NODE,n1810,2,n790,n463,1,4.000000,5.000000,1.000000,4,1.00,AND2_X1,0.965517,1.000000,790,463
1811,NODE,n1811,2,n78,n1810,1,5.000000,6.000000,1.000000,5,1.00,NAND2_X1,0.965517,1.000000,78,1810
1812,NODE,n1812,2,n1809,n1811,1,7.000000,7.000000,0.000000,7,1.00,NAND2_X1,1.000000,0.000000,1809,1811
1813,NODE,n1813,2,n138,n1812,1,8.000000,8.000000,0.000000,8,1.00,NAND2_X1,1.000000,0.000000,138,1812
1814,NODE,n1814,2,pi01,n1078,2,3.000000,6.000000,3.000000,3,1.00,NAND2_X1,0.896552,3.000000,2,1078
1815,NODE,n1815,1,n1814,,2,4.000000,7.000000,3.000000,4,1.00,INV_X1,0.896552,3.000000,1814,-1
1816,NODE,n1816,2,n78,n1815,1,5.000000,8.000000,3.000000,5,1.00,NAND2_X1,0.896552,3.000000,78,1815
1817,NODE,n1817,2,n1813,n1816,1,9.000000,9.000000,0.000000,9,1.00,NAND2_X1,1.000000,0.000000,1813,1816
1818,NODE,n1818,2,n61,n1817,1,10.000000,10.000000,0.000000,10,1.00,NAND2_X1,1.000000,0.000000,61,1817
1819,NODE,n1819,2,n78,n790,1,2.000000,5.000000,3.000000,2,1.00,NAND2_X1,0.896552,3.000000,78,790
1820,NODE,n1820,2,n1290,n1819,2,3.000000,6.000000,3.000000,3,1.00,NAND2_X1,0.896552,3.000000,1290,1819
1821,NODE,n1821,2,pi08,n1820,1,4.000000,7.000000,3.000000,4,1.00,AND2_X1,0.896552,3.000000,9,1820
1822,NODE,n1822,2,pi07,n1821,1,5.000000,8.000000,3.000000,5,1.00,AND2_X1,0.896552,3.000000,8,1821
1823,NODE,n1823,2,n34,n1822,1,6.000000,9.000000,3.000000,6,1.00,AND2_X1,0.896552,3.000000,34,1822
1824,NODE,n1824,2,n138,n1823,1,7.000000,10.000000,3.000000,7,1.00,NAND2_X1,0.896552,3.000000,138,1823
1825,NODE,n1825,2,n1818,n1824,1,11.000000,11.000000,0.000000,11,1.00,NAND2_X1,1.000000,0.000000,1818,1824
1826,NODE,n1826,2,n154,n1825,1,12.000000,12.000000,0.000000,12,1.00,NAND2_X1,1.000000,0.000000,154,1825
1827,NODE,n1827,2,pi01,pi05,1,1.000000,5.000000,4.000000,1,1.00,NAND2_X1,0.862069,4.000000,2,6
1828,NODE,n1828,2,n703,n1827,1,3.000000,6.000000,3.000000,3,1.00,NAND2_X1,0.896552,3.000000,703,1827
1829,NODE,n1829,2,pi08,n1828,1,4.000000,7.000000,3.000000,4,1.00,AND2_X1,0.896552,3.000000,9,1828
1830,NODE,n1830,2,n61,n1829,1,5.000000,8.000000,3.000000,5,1.00,AND2_X1,0.896552,3.000000,61,1829
1831,NODE,n1831,2,n78,n1830,1,6.000000,9.000000,3.000000,6,1.00,NAND2_X1,0.896552,3.000000,78,1830
1832,NODE,n1832,2,pi00,n138,2,2.000000,3.000000,1.000000,2,1.00,NAND2_X1,0.965517,1.000000,1,138
1833,NODE,n1833,1,n1832,,9,3.000000,4.000000,1.000000,3,1.00,INV_X1,0.965517,1.000000,1832,-1
1834,NODE,n1834,2,n691,n1833,1,6.000000,9.000000,3.000000,6,1.00,NAND2_X1,0.896552,3.000000,691,1833
1835,NODE,n1835,2,n1831,n1834,1,7.000000,10.000000,3.000000,7,1.00,NAND2_X1,0.896552,3.000000,1831,1834
1836,NODE,n1836,2,n790,n1835,1,8.000000,11.000000,3.000000,8,1.00,AND2_X1,0.896552,3.000000,790,1835
1837,NODE,n1837,2,pi02,n1836,1,9.000000,12.000000,3.000000,9,1.00,NAND2_X1,0.896552,3.000000,3,1836
1838,NODE,n1838,2,n1826,n1837,1,13.000000,13.000000,0.000000,13,1.00,AND2_X1,1.000000,0.000000,1826,1837
1839,NODE,n1839,2,n1807,n1838,1,14.000000,14.000000,0.000000,14,1.00,NAND2_X1,1.000000,0.000000,1807,1838
1840,NODE,n1840,2,n90,n1839,1,15.000000,15.000000,0.000000,15,1.00,NAND2_X1,1.000000,0.000000,90,1839
1841,NODE,n1841,2,pi00,n1678,1,5.000000,7.000000,2.000000,5,1.00,NAND2_X1,0.931035,2.000000,1,1678
1842,NODE,n1842,2,n619,n1676,1,4.000000,7.000000,3.000000,4,1.00,NAND2_X1,0.896552,3.000000,619,1676
1843,NODE,n1843,2,n1841,n1842,1,6.000000,8.000000,2.000000,6,1.00,NAND2_X1,0.931035,2.000000,1841,1842
1844,NODE,n1844,2,pi05,n1843,1,7.000000,9.000000,2.000000,7,1.00,NAND2_X1,0.931035,2.000000,6,1843
1845,NODE,n1845,2,n154,pi08,2,2.000000,5.000000,3.000000,2,1.00,NAND2_X1,0.896552,3.000000,154,9
1846,NODE,n1846,2,pi02,n35,1,2.000000,5.000000,3.000000,2,1.00,NAND2_X1,0.896552,3.000000,3,35
1847,NODE,n1847,2,n1845,n1846,2,3.000000,6.000000,3.000000,3,1.00,NAND2_X1,0.896552,3.000000,1845,1846
1848,NODE,n1848,2,n34,n1847,1,4.000000,7.000000,3.000000,4,1.00,AND2_X1,0.896552,3.000000,34,1847
1849,NODE,n1849,2,pi01,n1848,1,5.000000,8.000000,3.000000,5,1.00,AND2_X1,0.896552,3.000000,2,1848
1850,NODE,n1850,2,n78,n1849,1,6.000000,9.000000,3.000000,6,1.00,NAND2_X1,0.896552,3.000000,78,1849
1851,NODE,n1851,2,n1844,n1850,1,8.000000,10.000000,2.000000,8,1.00,NAND2_X1,0.931035,2.000000,1844,1850
1852,NODE,n1852,2,n790,n1851,1,9.000000,11.000000,2.000000,9,1.00,NAND2_X1,0.931035,2.000000,790,1851
1853,NODE,n1853,2,n613,n618,1,3.000000,7.000000,4.000000,3,1.00,NAND2_X1,0.862069,4.000000,613,618
1854,NODE,n1854,2,pi15,n1853,1,4.000000,8.000000,4.000000,4,1.00,AND2_X1,0.862069,4.000000,16,1853
1855,NODE,n1855,2,pi08,n1854,1,5.000000,9.000000,4.000000,5,1.00,AND2_X1,0.862069,4.000000,9,1854
1856,NODE,n1856,2,n34,n1855,1,6.000000,10.000000,4.000000,6,1.00,AND2_X1,0.862069,4.000000,34,1855
1857,NODE,n1857,2,n154,n1856,1,7.000000,11.000000,4.000000,7,1.00,NAND2_X1,0.862069,4.000000,154,1856
1858,NODE,n1858,2,n1852,n1857,1,10.000000,12.000000,2.000000,10,1.00,NAND2_X1,0.931035,2.000000,1852,1857
1859,NODE,n1859,2,n61,n1858,1,11.000000,13.000000,2.000000,11,1.00,NAND2_X1,0.931035,2.000000,61,1858
1860,NODE,n1860,2,n652,n1832,3,3.000000,9.000000,6.000000,3,1.00,NAND2_X1,0.793103,6.000000,652,1832
1861,NODE,n1861,2,n1403,n1860,1,4.000000,10.000000,6.000000,4,1.00,AND2_X1,0.793103,6.000000,1403,1860
1862,NODE,n1862,2,n35,n1861,1,5.000000,11.000000,6.000000,5,1.00,AND2_X1,0.793103,6.000000,35,1861
1863,NODE,n1863,2,pi07,n1862,1,6.000000,12.000000,6.000000,6,1.00,AND2_X1,0.793103,6.000000,8,1862
1864,NODE,n1864,2,n34,n1863,1,7.000000,13.000000,6.000000,7,1.00,NAND2_X1,0.793103,6.000000,34,1863
1865,NODE,n1865,2,n1859,n1864,1,12.000000,14.000000,2.000000,12,1.00,NAND2_X1,0.931035,2.000000,1859,1864
1866,NODE,n1866,2,pi03,n1865,1,13.000000,15.000000,2.000000,13,1.00,NAND2_X1,0.931035,2.000000,4,1865
1867,NODE,n1867,2,n1840,n1866,1,16.000000,16.000000,0.000000,16,1.00,NAND2_X1,1.000000,0.000000,1840,1866
1868,NODE,n1868,2,pi04,n1867,1,17.000000,17.000000,0.000000,17,1.00,NAND2_X1,1.000000,0.000000,5,1867
1869,NODE,n1869,2,pi01,n1175,1,4.000000,5.000000,1.000000,4,1.00,NAND2_X1,0.965517,1.000000,2,1175
1870,NODE,n1870,2,n138,n1178,1,4.000000,5.000000,1.000000,4,1.00,NAND2_X1,0.965517,1.000000,138,1178
1871,NODE,n1871,2,n1869,n1870,1,5.000000,6.000000,1.000000,5,1.00,NAND2_X1,0.965517,1.000000,1869,1870
1872,NODE,n1872,2,n78,n1871,1,6.000000,7.000000,1.000000,6,1.00,NAND2_X1,0.965517,1.000000,78,1871
1873,NODE,n1873,2,n614,n1175,1,4.000000,7.000000,3.000000,4,1.00,NAND2_X1,0.896552,3.000000,614,1175
1874,NODE,n1874,2,n1872,n1873,1,7.000000,8.000000,1.000000,7,1.00,NAND2_X1,0.965517,1.000000,1872,1873
1875,NODE,n1875,2,n61,n1874,1,8.000000,9.000000,1.000000,8,1.00,NAND2_X1,0.965517,1.000000,61,1874
1876,NODE,n1876,2,n138,n981,2,4.000000,7.000000,3.000000,4,1.00,NAND2_X1,0.896552,3.000000,138,981
1877,NODE,n1877,1,n1876,,1,5.000000,8.000000,3.000000,5,1.00,INV_X1,0.896552,3.000000,1876,-1
1878,NODE,n1878,2,pi00,n1877,1,6.000000,9.000000,3.000000,6,1.00,NAND2_X1,0.896552,3.000000,1,1877
1879,NODE,n1879,2,n1875,n1878,1,9.000000,10.000000,1.000000,9,1.00,NAND2_X1,0.965517,1.000000,1875,1878
1880,NODE,n1880,2,pi02,n1879,1,10.000000,11.000000,1.000000,10,1.00,NAND2_X1,0.965517,1.000000,3,1879
1881,NODE,n1881,2,n1175,n1708,1,4.000000,7.000000,3.000000,4,1.00,NAND2_X1,0.896552,3.000000,1175,1708
1882,NODE,n1882,1,n1601,,2,3.000000,6.000000,3.000000,3,1.00,INV_X1,0.896552,3.000000,1601,-1
1883,NODE,n1883,2,n1178,n1882,1,4.000000,7.000000,3.000000,4,1.00,NAND2_X1,0.896552,3.000000,1178,1882
1884,NODE,n1884,2,n1881,n1883,1,5.000000,8.000000,3.000000,5,1.00,NAND2_X1,0.896552,3.000000,1881,1883
1885,NODE,n1885,2,pi00,n1884,1,6.000000,9.000000,3.000000,6,1.00,NAND2_X1,0.896552,3.000000,1,1884
1886,NODE,n1886,2,pi01,n1443,1,3.000000,8.000000,5.000000,3,1.00,AND2_X1,0.827586,5.000000,2,1443
1887,NODE,n1887,2,n78,n1886,1,4.000000,9.000000,5.000000,4,1.00,NAND2_X1,0.827586,5.000000,78,1886
1888,NODE,n1888,2,n1885,n1887,1,7.000000,10.000000,3.000000,7,1.00,NAND2_X1,0.896552,3.000000,1885,1887
1889,NODE,n1889,2,n154,n1888,1,8.000000,11.000000,3.000000,8,1.00,NAND2_X1,0.896552,3.000000,154,1888
1890,NODE,n1890,2,n1880,n1889,1,11.000000,12.000000,1.000000,11,1.00,NAND2_X1,0.965517,1.000000,1880,1889
1891,NODE,n1891,2,n90,n1890,1,12.000000,13.000000,1.000000,12,1.00,NAND2_X1,0.965517,1.000000,90,1890
1892,NODE,n1892,2,pi00,n1738,1,4.000000,7.000000,3.000000,4,1.00,NAND2_X1,0.896552,3.000000,1,1738
1893,NODE,n1893,2,n1421,n1892,1,5.000000,8.000000,3.000000,5,1.00,NAND2_X1,0.896552,3.000000,1421,1892
1894,NODE,n1894,2,n138,n1893,1,6.000000,9.000000,3.000000,6,1.00,NAND2_X1,0.896552,3.000000,138,1893
1895,NODE,n1895,2,n614,n1078,1,3.000000,9.000000,6.000000,3,1.00,NAND2_X1,0.793103,6.000000,614,1078
1896,NODE,n1896,2,n1894,n1895,1,7.000000,10.000000,3.000000,7,1.00,NAND2_X1,0.896552,3.000000,1894,1895
1897,NODE,n1897,2,n61,n1896,1,8.000000,11.000000,3.000000,8,1.00,AND2_X1,0.896552,3.000000,61,1896
1898,NODE,n1898,2,pi03,n1897,1,9.000000,12.000000,3.000000,9,1.00,AND2_X1,0.896552,3.000000,4,1897
1899,NODE,n1899,2,n154,n1898,1,10.000000,13.000000,3.000000,10,1.00,NAND2_X1,0.896552,3.000000,154,1898
1900,NODE,n1900,2,n1891,n1899,1,13.000000,14.000000,1.000000,13,1.00,NAND2_X1,0.965517,1.000000,1891,1899
1901,NODE,n1901,2,pi05,n1900,1,14.000000,15.000000,1.000000,14,1.00,NAND2_X1,0.965517,1.000000,6,1900
1902,NODE,n1902,2,pi01,n1275,2,4.000000,8.000000,4.000000,4,1.00,NAND2_X1,0.862069,4.000000,2,1275
1903,NODE,n1903,2,pi03,pi15,3,1.000000,3.000000,2.000000,1,1.00,NAND2_X1,0.931035,2.000000,4,16
1904,NODE,n1904,2,n90,n790,3,2.000000,3.000000,1.000000,2,1.00,NAND2_X1,0.965517,1.000000,90,790
1905,NODE,n1905,2,n1903,n1904,12,3.000000,4.000000,1.000000,3,1.00,NAND2_X1,0.965517,1.000000,1903,1904
1906,NODE,n1906,2,n138,n1905,1,4.000000,8.000000,4.000000,4,1.00,NAND2_X1,0.862069,4.000000,138,1905
1907,NODE,n1907,2,n1902,n1906,1,5.000000,9.000000,4.000000,5,1.00,NAND2_X1,0.862069,4.000000,1902,1906
1908,NODE,n1908,2,pi08,n1907,1,6.000000,10.000000,4.000000,6,1.00,NAND2_X1,0.862069,4.000000,9,1907
1909,NODE,n1909,2,n138,pi03,12,2.000000,6.000000,4.000000,2,1.00,AND2_X1,0.862069,4.000000,138,4
1910,NODE,n1910,2,n1075,n1909,1,4.000000,10.000000,6.000000,4,1.00,NAND2_X1,0.793103,6.000000,1075,1909
1911,NODE,n1911,2,n1908,n1910,1,7.000000,11.000000,4.000000,7,1.00,NAND2_X1,0.862069,4.000000,1908,1910
1912,NODE,n1912,2,n61,n1911,1,8.000000,12.000000,4.000000,8,1.00,AND2_X1,0.862069,4.000000,61,1911
1913,NODE,n1913,2,n34,n1912,1,9.000000,13.000000,4.000000,9,1.00,AND2_X1,0.862069,4.000000,34,1912
1914,NODE,n1914,2,n154,n1913,1,10.000000,14.000000,4.000000,10,1.00,AND2_X1,0.862069,4.000000,154,1913
1915,NODE,n1915,2,n78,n1914,1,11.000000,15.000000,4.000000,11,1.00,NAND2_X1,0.862069,4.000000,78,1914
1916,NODE,n1916,2,n1901,n1915,1,15.000000,16.000000,1.000000,15,1.00,NAND2_X1,0.965517,1.000000,1901,1915
1917,NODE,n1917,2,n54,n1916,1,16.000000,17.000000,1.000000,16,1.00,NAND2_X1,0.965517,1.000000,54,1916
1918,NODE,n1918,2,n1868,n1917,1,18.000000,18.000000,0.000000,18,1.00,AND2_X1,1.000000,0.000000,1868,1917
1919,NODE,n1919,2,n124,n230,7,3.000000,4.000000,1.000000,3,1.00,NAND2_X1,0.965517,1.000000,124,230
1920,NODE,n1920,2,pi01,n790,1,2.000000,12.000000,10.000000,2,1.00,NAND2_X1,0.655172,10.000000,2,790
1921,NODE,n1921,2,n1727,n1920,2,3.000000,13.000000,10.000000,3,1.00,NAND2_X1,0.655172,10.000000,1727,1920
1922,NODE,n1922,2,n524,n1046,1,4.000000,12.000000,8.000000,4,1.00,NAND2_X1,0.724138,8.000000,524,1046
1923,NODE,n1923,2,n487,n527,1,4.000000,12.000000,8.000000,4,1.00,NAND2_X1,0.724138,8.000000,487,527
1924,NODE,n1924,2,n1922,n1923,1,5.000000,13.000000,8.000000,5,1.00,NAND2_X1,0.724138,8.000000,1922,1923
1925,NODE,n1925,2,n1921,n1924,1,6.000000,14.000000,8.000000,6,1.00,NAND2_X1,0.724138,8.000000,1921,1924
1926,NODE,n1926,2,n78,n340,14,4.000000,8.000000,4.000000,4,1.00,AND2_X1,0.862069,4.000000,78,340
1927,NODE,n1927,2,pi05,n981,4,4.000000,9.000000,5.000000,4,1.00,AND2_X1,0.827586,5.000000,6,981
1928,NODE,n1928,2,n1926,n1927,1,5.000000,14.000000,9.000000,5,1.00,NAND2_X1,0.689655,9.000000,1926,1927
1929,NODE,n1929,2,n1925,n1928,1,7.000000,15.000000,8.000000,7,1.00,NAND2_X1,0.724138,8.000000,1925,1928
1930,NODE,n1930,2,pi08,n1929,1,8.000000,16.000000,8.000000,8,1.00,NAND2_X1,0.724138,8.000000,9,1929
1931,NODE,n1931,2,n524,n1075,2,4.000000,9.000000,5.000000,4,1.00,NAND2_X1,0.827586,5.000000,524,1075
1932,NODE,n1932,1,n1931,,2,5.000000,12.000000,7.000000,5,1.00,INV_X1,0.758621,7.000000,1931,-1
1933,NODE,n1933,2,n733,n1932,1,6.000000,16.000000,10.000000,6,1.00,NAND2_X1,0.655172,10.000000,733,1932
1934,NODE,n1934,2,n1930,n1933,1,9.000000,17.000000,8.000000,9,1.00,NAND2_X1,0.724138,8.000000,1930,1933
1935,NODE,n1935,2,n1919,n1934,1,10.000000,18.000000,8.000000,10,1.00,NAND2_X1,0.724138,8.000000,1919,1934
1936,NODE,n1936,2,n1918,n1935,1,19.000000,19.000000,0.000000,19,1.00,NAND2_X1,1.000000,0.000000,1918,1935
1937,NODE,n1937,2,pi10,n1936,1,20.000000,20.000000,0.000000,20,1.00,AND2_X1,1.000000,0.000000,11,1936
1938,NODE,n1938,2,pi06,n1937,1,21.000000,21.000000,0.000000,21,1.00,NAND2_X1,1.000000,0.000000,7,1937
1939,NODE,n1939,2,n1792,n1938,1,22.000000,22.000000,0.000000,22,1.00,NAND2_X1,1.000000,0.000000,1792,1938
1940,NODE,n1940,2,pi09,n1939,1,23.000000,23.000000,0.000000,23,1.00,NAND2_X1,1.000000,0.000000,10,1939
1941,NODE,n1941,2,n344,n980,1,3.000000,9.000000,6.000000,3,1.00,NAND2_X1,0.793103,6.000000,344,980
1942,NODE,n1942,2,n347,n977,1,3.000000,9.000000,6.000000,3,1.00,NAND2_X1,0.793103,6.000000,347,977
1943,NODE,n1943,2,n1941,n1942,1,4.000000,10.000000,6.000000,4,1.00,AND2_X1,0.793103,6.000000,1941,1942
1944,NODE,n1944,2,pi06,n1943,1,5.000000,11.000000,6.000000,5,1.00,AND2_X1,0.793103,6.000000,7,1943
1945,NODE,n1945,2,pi04,n1944,1,6.000000,12.000000,6.000000,6,1.00,NAND2_X1,0.793103,6.000000,5,1944
1946,NODE,n1946,2,n523,n526,3,3.000000,8.000000,5.000000,3,1.00,NAND2_X1,0.827586,5.000000,523,526
1947,NODE,n1947,2,n790,n1946,1,4.000000,9.000000,5.000000,4,1.00,AND2_X1,0.827586,5.000000,790,1946
1948,NODE,n1948,2,n368,n1947,1,5.000000,10.000000,5.000000,5,1.00,AND2_X1,0.827586,5.000000,368,1947
1949,NODE,n1949,2,n54,n1948,1,6.000000,11.000000,5.000000,6,1.00,AND2_X1,0.827586,5.000000,54,1948
1950,NODE,n1950,2,n90,n1949,1,7.000000,12.000000,5.000000,7,1.00,NAND2_X1,0.827586,5.000000,90,1949
1951,NODE,n1951,2,n1945,n1950,1,8.000000,13.000000,5.000000,8,1.00,NAND2_X1,0.827586,5.000000,1945,1950
1952,NODE,n1952,2,n154,n1951,1,9.000000,14.000000,5.000000,9,1.00,NAND2_X1,0.827586,5.000000,154,1951
1953,NODE,n1953,2,pi06,pi15,3,1.000000,2.000000,1.000000,1,1.00,NAND2_X1,0.965517,1.000000,7,16
1954,NODE,n1954,1,n1953,,10,2.000000,5.000000,3.000000,2,1.00,INV_X1,0.896552,3.000000,1953,-1
1955,NODE,n1955,2,n34,n1954,3,3.000000,8.000000,5.000000,3,1.00,NAND2_X1,0.827586,5.000000,34,1954
1956,NODE,n1956,2,pi05,n1130,2,4.000000,6.000000,2.000000,4,1.00,NAND2_X1,0.931035,2.000000,6,1130
1957,NODE,n1957,2,n1955,n1956,1,5.000000,9.000000,4.000000,5,1.00,NAND2_X1,0.862069,4.000000,1955,1956
1958,NODE,n1958,2,pi04,n1957,1,6.000000,10.000000,4.000000,6,1.00,NAND2_X1,0.862069,4.000000,5,1957
1959,NODE,n1959,2,n1127,n1958,1,7.000000,11.000000,4.000000,7,1.00,NAND2_X1,0.862069,4.000000,1127,1958
1960,NODE,n1960,2,pi07,n1959,1,8.000000,12.000000,4.000000,8,1.00,AND2_X1,0.862069,4.000000,8,1959
1961,NODE,n1961,2,pi03,n1960,1,9.000000,13.000000,4.000000,9,1.00,AND2_X1,0.862069,4.000000,4,1960
1962,NODE,n1962,2,pi02,n1961,1,10.000000,14.000000,4.000000,10,1.00,NAND2_X1,0.862069,4.000000,3,1961
1963,NODE,n1963,2,n1952,n1962,1,11.000000,15.000000,4.000000,11,1.00,NAND2_X1,0.862069,4.000000,1952,1962
1964,NODE,n1964,2,pi01,n1963,1,12.000000,16.000000,4.000000,12,1.00,NAND2_X1,0.862069,4.000000,2,1963
1965,NODE,n1965,2,pi03,n978,1,4.000000,7.000000,3.000000,4,1.00,NAND2_X1,0.896552,3.000000,4,978
1966,NODE,n1966,2,n90,n981,3,4.000000,7.000000,3.000000,4,1.00,NAND2_X1,0.896552,3.000000,90,981
1967,NODE,n1967,2,n1965,n1966,1,5.000000,8.000000,3.000000,5,1.00,NAND2_X1,0.896552,3.000000,1965,1966
1968,NODE,n1968,2,n34,n1967,1,6.000000,9.000000,3.000000,6,1.00,AND2_X1,0.896552,3.000000,34,1967
1969,NODE,n1969,2,pi02,n1968,1,7.000000,10.000000,3.000000,7,1.00,NAND2_X1,0.896552,3.000000,3,1968
1970,NODE,n1970,2,pi05,n1443,2,3.000000,9.000000,6.000000,3,1.00,AND2_X1,0.793103,6.000000,6,1443
1971,NODE,n1971,2,n321,n1970,1,4.000000,10.000000,6.000000,4,1.00,NAND2_X1,0.793103,6.000000,321,1970
1972,NODE,n1972,2,n1969,n1971,1,8.000000,11.000000,3.000000,8,1.00,NAND2_X1,0.896552,3.000000,1969,1971
1973,NODE,n1973,2,pi06,n1972,1,9.000000,12.000000,3.000000,9,1.00,NAND2_X1,0.896552,3.000000,7,1972
1974,NODE,n1974,2,n368,n981,2,4.000000,11.000000,7.000000,4,1.00,AND2_X1,0.758621,7.000000,368,981
1975,NODE,n1975,2,n154,n345,3,3.000000,9.000000,6.000000,3,1.00,AND2_X1,0.793103,6.000000,154,345
1976,NODE,n1976,2,n1974,n1975,1,5.000000,12.000000,7.000000,5,1.00,NAND2_X1,0.758621,7.000000,1974,1975
1977,NODE,n1977,2,n1973,n1976,1,10.000000,13.000000,3.000000,10,1.00,NAND2_X1,0.896552,3.000000,1973,1976
1978,NODE,n1978,2,n54,n1977,1,11.000000,14.000000,3.000000,11,1.00,NAND2_X1,0.896552,3.000000,54,1977
1979,NODE,n1979,2,n1443,n1150,1,4.000000,13.000000,9.000000,4,1.00,AND2_X1,0.689655,9.000000,1443,1150
1980,NODE,n1980,2,n775,n1979,1,5.000000,14.000000,9.000000,5,1.00,NAND2_X1,0.689655,9.000000,775,1979
1981,NODE,n1981,2,n1978,n1980,1,12.000000,15.000000,3.000000,12,1.00,NAND2_X1,0.896552,3.000000,1978,1980
1982,NODE,n1982,2,n138,n1981,1,13.000000,16.000000,3.000000,13,1.00,NAND2_X1,0.896552,3.000000,138,1981
1983,NODE,n1983,2,n1964,n1982,1,14.000000,17.000000,3.000000,14,1.00,NAND2_X1,0.896552,3.000000,1964,1982
1984,NODE,n1984,2,n78,n1983,1,15.000000,18.000000,3.000000,15,1.00,NAND2_X1,0.896552,3.000000,78,1983
1985,NODE,n1985,2,n1129,n1953,6,3.000000,3.000000,0.000000,3,1.00,NAND2_X1,1.000000,0.000000,1129,1953
1986,NODE,n1986,2,pi05,n1985,1,4.000000,9.000000,5.000000,4,1.00,NAND2_X1,0.827586,5.000000,6,1985
1987,NODE,n1987,2,n1955,n1986,1,5.000000,10.000000,5.000000,5,1.00,NAND2_X1,0.827586,5.000000,1955,1986
1988,NODE,n1988,2,pi04,n1987,1,6.000000,11.000000,5.000000,6,1.00,AND2_X1,0.827586,5.000000,5,1987
1989,NODE,n1989,2,pi02,n1988,1,7.000000,12.000000,5.000000,7,1.00,NAND2_X1,0.827586,5.000000,3,1988
1990,NODE,n1990,2,pi06,n790,2,2.000000,2.000000,0.000000,2,1.00,NAND2_X1,1.000000,0.000000,7,790
1991,NODE,n1991,1,n1990,,5,3.000000,3.000000,0.000000,3,1.00,INV_X1,1.000000,0.000000,1990,-1
1992,NODE,n1992,2,pi05,n1991,3,4.000000,6.000000,2.000000,4,1.00,AND2_X1,0.931035,2.000000,6,1991
1993,NODE,n1993,2,n258,n1992,1,5.000000,12.000000,7.000000,5,1.00,NAND2_X1,0.758621,7.000000,258,1992
1994,NODE,n1994,2,n1989,n1993,1,8.000000,13.000000,5.000000,8,1.00,NAND2_X1,0.827586,5.000000,1989,1993
1995,NODE,n1995,2,pi03,n1994,1,9.000000,14.000000,5.000000,9,1.00,AND2_X1,0.827586,5.000000,4,1994
1996,NODE,n1996,2,pi01,n1995,1,10.000000,15.000000,5.000000,10,1.00,NAND2_X1,0.827586,5.000000,2,1995
1997,NODE,n1997,2,n138,n224,3,4.000000,13.000000,9.000000,4,1.00,AND2_X1,0.689655,9.000000,138,224
1998,NODE,n1998,2,n274,n1991,3,4.000000,7.000000,3.000000,4,1.00,AND2_X1,0.896552,3.000000,274,1991
1999,NODE,n1999,2,n1997,n1998,1,5.000000,15.000000,10.000000,5,1.00,NAND2_X1,0.655172,10.000000,1997,1998
2000,NODE,n2000,2,n1996,n1999,1,11.000000,16.000000,5.000000,11,1.00,NAND2_X1,0.827586,5.000000,1996,1999
2001,NODE,n2001,2,pi07,n2000,1,12.000000,17.000000,5.000000,12,1.00,AND2_X1,0.827586,5.000000,8,2000
2002,NODE,n2002,2,pi00,n2001,1,13.000000,18.000000,5.000000,13,1.00,NAND2_X1,0.827586,5.000000,1,2001
2003,NODE,n2003,2,n1984,n2002,1,16.000000,19.000000,3.000000,16,1.00,NAND2_X1,0.896552,3.000000,1984,2002
2004,NODE,n2004,2,pi08,n2003,1,17.000000,20.000000,3.000000,17,1.00,NAND2_X1,0.896552,3.000000,9,2003
2005,NODE,n2005,1,n1635,,2,2.000000,8.000000,6.000000,2,1.00,INV_X1,0.793103,6.000000,1635,-1
2006,NODE,n2006,2,n1143,n2005,1,4.000000,9.000000,5.000000,4,1.00,NAND2_X1,0.827586,5.000000,1143,2005
2007,NODE,n2007,2,n138,n54,2,2.000000,4.000000,2.000000,2,1.00,NAND2_X1,0.931035,2.000000,138,54
2008,NODE,n2008,1,n2007,,2,3.000000,5.000000,2.000000,3,1.00,INV_X1,0.931035,2.000000,2007,-1
2009,NODE,n2009,2,n1150,n2008,2,4.000000,9.000000,5.000000,4,1.00,NAND2_X1,0.827586,5.000000,1150,2008
2010,NODE,n2010,2,n2006,n2009,1,5.000000,10.000000,5.000000,5,1.00,NAND2_X1,0.827586,5.000000,2006,2009
2011,NODE,n2011,2,pi00,n2010,1,6.000000,11.000000,5.000000,6,1.00,NAND2_X1,0.827586,5.000000,1,2010
2012,NODE,n2012,2,pi04,n1143,2,4.000000,5.000000,1.000000,4,1.00,NAND2_X1,0.965517,1.000000,5,1143
2013,NODE,n2013,1,n2012,,1,5.000000,10.000000,5.000000,5,1.00,INV_X1,0.827586,5.000000,2012,-1
2014,NODE,n2014,2,n653,n2013,1,6.000000,11.000000,5.000000,6,1.00,NAND2_X1,0.827586,5.000000,653,2013
2015,NODE,n2015,2,n2011,n2014,1,7.000000,12.000000,5.000000,7,1.00,NAND2_X1,0.827586,5.000000,2011,2014
2016,NODE,n2016,2,n154,n2015,1,8.000000,13.000000,5.000000,8,1.00,NAND2_X1,0.827586,5.000000,154,2015
2017,NODE,n2017,1,n1122,,2,4.000000,12.000000,8.000000,4,1.00,INV_X1,0.724138,8.000000,1122,-1
2018,NODE,n2018,2,n78,n177,3,4.000000,6.000000,2.000000,4,1.00,NAND2_X1,0.931035,2.000000,78,177
2019,NODE,n2019,1,n2018,,5,5.000000,7.000000,2.000000,5,1.00,INV_X1,0.931035,2.000000,2018,-1
2020,NODE,n2020,2,n2017,n2019,1,6.000000,13.000000,7.000000,6,1.00,NAND2_X1,0.758621,7.000000,2017,2019
2021,NODE,n2021,2,n2016,n2020,1,9.000000,14.000000,5.000000,9,1.00,NAND2_X1,0.827586,5.000000,2016,2020
2022,NODE,n2022,2,n90,n2021,1,10.000000,15.000000,5.000000,10,1.00,NAND2_X1,0.827586,5.000000,90,2021
2023,NODE,n2023,1,n451,,4,5.000000,9.000000,4.000000,5,1.00,INV_X1,0.862069,4.000000,451,-1
2024,NODE,n2024,2,pi03,n2023,1,6.000000,13.000000,7.000000,6,1.00,AND2_X1,0.758621,7.000000,4,2023
2025,NODE,n2025,2,n154,n2024,1,7.000000,14.000000,7.000000,7,1.00,AND2_X1,0.758621,7.000000,154,2024
2026,NODE,n2026,2,pi01,n2025,1,8.000000,15.000000,7.000000,8,1.00,NAND2_X1,0.758621,7.000000,2,2025
2027,NODE,n2027,2,n2022,n2026,1,11.000000,16.000000,5.000000,11,1.00,NAND2_X1,0.827586,5.000000,2022,2026
2028,NODE,n2028,2,pi15,n2027,1,12.000000,17.000000,5.000000,12,1.00,AND2_X1,0.827586,5.000000,16,2027
2029,NODE,n2029,2,pi07,n2028,1,13.000000,18.000000,5.000000,13,1.00,NAND2_X1,0.827586,5.000000,8,2028
2030,NODE,n2030,2,n321,n614,1,4.000000,17.000000,13.000000,4,1.00,AND2_X1,0.551724,13.000000,321,614
2031,NODE,n2031,2,n368,n822,1,4.000000,16.000000,12.000000,4,1.00,AND2_X1,0.586207,12.000000,368,822
2032,NODE,n2032,2,n116,n2031,1,5.000000,17.000000,12.000000,5,1.00,AND2_X1,0.586207,12.000000,116,2031
2033,NODE,n2033,2,n2030,n2032,1,6.000000,18.000000,12.000000,6,1.00,NAND2_X1,0.586207,12.000000,2030,2032
2034,NODE,n2034,2,n2029,n2033,1,14.000000,19.000000,5.000000,14,1.00,NAND2_X1,0.827586,5.000000,2029,2033
2035,NODE,n2035,2,n35,n2034,1,15.000000,20.000000,5.000000,15,1.00,NAND2_X1,0.827586,5.000000,35,2034
2036,NODE,n2036,2,n2004,n2035,1,18.000000,21.000000,3.000000,18,1.00,NAND2_X1,0.896552,3.000000,2004,2035
2037,NODE,n2037,2,pi10,n2036,1,19.000000,22.000000,3.000000,19,1.00,AND2_X1,0.896552,3.000000,11,2036
2038,NODE,n2038,2,n62,n2037,1,20.000000,23.000000,3.000000,20,1.00,NAND2_X1,0.896552,3.000000,62,2037
2039,NODE,n2039,2,n1940,n2038,1,24.000000,24.000000,0.000000,24,1.00,NAND2_X1,1.000000,0.000000,1940,2038
2040,NODE,n2040,2,n44,n2039,1,25.000000,25.000000,0.000000,25,1.00,AND2_X1,1.000000,0.000000,44,2039
2041,NODE,n2041,2,pi13,n2040,1,26.000000,26.000000,0.000000,26,1.00,AND2_X1,1.000000,0.000000,14,2040
2042,NODE,n2042,2,pi12,n2041,1,27.000000,27.000000,0.000000,27,1.00,AND2_X1,1.000000,0.000000,13,2041
2043,NODE,n2043,2,pi11,n2042,1,28.000000,28.000000,0.000000,28,1.00,NAND2_X1,1.000000,0.000000,12,2042
2044,NODE,n2044,2,n1599,n2043,1,29.000000,29.000000,0.000000,29,1.00,AND2_X1,1.000000,0.000000,1599,2043
2045,NODE,n2045,2,n1272,n2044,1,30.000000,30.000000,0.000000,30,1.00,AND2_X1,1.000000,0.000000,1272,2044
2046,NODE,n2046,2,n784,n2045,1,31.000000,31.000000,0.000000,31,1.00,NAND2_X1,1.000000,0.000000,784,2045
2047,NODE,n2047,2,n138,n790,3,2.000000,8.000000,6.000000,2,1.00,NAND2_X1,0.793103,6.000000,138,790
2048,NODE,n2048,2,pi04,n2047,1,3.000000,12.000000,9.000000,3,1.00,AND2_X1,0.689655,9.000000,5,2047
2049,NODE,n2049,2,n90,n2048,1,4.000000,13.000000,9.000000,4,1.00,NAND2_X1,0.689655,9.000000,90,2048
2050,NODE,n2050,2,n1430,n1909,1,4.000000,13.000000,9.000000,4,1.00,NAND2_X1,0.689655,9.000000,1430,1909
2051,NODE,n2051,2,n2049,n2050,1,5.000000,14.000000,9.000000,5,1.00,NAND2_X1,0.689655,9.000000,2049,2050
2052,NODE,n2052,2,n35,n2051,1,6.000000,15.000000,9.000000,6,1.00,NAND2_X1,0.689655,9.000000,35,2051
2053,NODE,n2053,2,n1728,n2052,1,7.000000,16.000000,9.000000,7,1.00,NAND2_X1,0.689655,9.000000,1728,2052
2054,NODE,n2054,2,pi02,n2053,1,8.000000,17.000000,9.000000,8,1.00,NAND2_X1,0.689655,9.000000,3,2053
2055,NODE,n2055,2,n54,n2047,1,3.000000,11.000000,8.000000,3,1.00,NAND2_X1,0.724138,8.000000,54,2047
2056,NODE,n2056,2,n138,n1426,1,4.000000,11.000000,7.000000,4,1.00,NAND2_X1,0.758621,7.000000,138,1426
2057,NODE,n2057,2,n2055,n2056,1,5.000000,12.000000,7.000000,5,1.00,NAND2_X1,0.758621,7.000000,2055,2056
2058,NODE,n2058,2,n35,n2057,1,6.000000,13.000000,7.000000,6,1.00,NAND2_X1,0.758621,7.000000,35,2057
2059,NODE,n2059,2,n1814,n2058,1,7.000000,14.000000,7.000000,7,1.00,NAND2_X1,0.758621,7.000000,1814,2058
2060,NODE,n2060,2,pi03,n2059,1,8.000000,15.000000,7.000000,8,1.00,NAND2_X1,0.758621,7.000000,4,2059
2061,NODE,n2061,2,n90,n1815,1,5.000000,15.000000,10.000000,5,1.00,NAND2_X1,0.655172,10.000000,90,1815
2062,NODE,n2062,2,n2060,n2061,1,9.000000,16.000000,7.000000,9,1.00,NAND2_X1,0.758621,7.000000,2060,2061
2063,NODE,n2063,2,n154,n2062,1,10.000000,17.000000,7.000000,10,1.00,NAND2_X1,0.758621,7.000000,154,2062
2064,NODE,n2064,2,n2054,n2063,1,11.000000,18.000000,7.000000,11,1.00,NAND2_X1,0.758621,7.000000,2054,2063
2065,NODE,n2065,2,n78,n2064,1,12.000000,19.000000,7.000000,12,1.00,NAND2_X1,0.758621,7.000000,78,2064
2066,NODE,n2066,2,n177,n231,1,4.000000,15.000000,11.000000,4,1.00,NAND2_X1,0.620690,11.000000,177,231
2067,NODE,n2067,2,n125,n1701,2,4.000000,9.000000,5.000000,4,1.00,NAND2_X1,0.827586,5.000000,125,1701
2068,NODE,n2068,2,n2066,n2067,1,5.000000,16.000000,11.000000,5,1.00,NAND2_X1,0.620690,11.000000,2066,2067
2069,NODE,n2069,2,n35,n2068,1,6.000000,17.000000,11.000000,6,1.00,NAND2_X1,0.620690,11.000000,35,2068
2070,NODE,n2070,2,pi02,pi15,3,1.000000,6.000000,5.000000,1,1.00,NAND2_X1,0.827586,5.000000,3,16
2071,NODE,n2071,1,n2070,,1,2.000000,14.000000,12.000000,2,1.00,INV_X1,0.586207,12.000000,2070,-1
2072,NODE,n2072,2,n138,n2071,1,3.000000,15.000000,12.000000,3,1.00,NAND2_X1,0.586207,12.000000,138,2071
2073,NODE,n2073,2,n154,n790,3,2.000000,6.000000,4.000000,2,1.00,NAND2_X1,0.862069,4.000000,154,790
2074,NODE,n2074,1,n2073,,3,3.000000,7.000000,4.000000,3,1.00,INV_X1,0.862069,4.000000,2073,-1
2075,NODE,n2075,2,pi01,n2074,1,4.000000,15.000000,11.000000,4,1.00,NAND2_X1,0.620690,11.000000,2,2074
2076,NODE,n2076,2,n2072,n2075,1,5.000000,16.000000,11.000000,5,1.00,NAND2_X1,0.620690,11.000000,2072,2075
2077,NODE,n2077,2,pi08,n2076,1,6.000000,17.000000,11.000000,6,1.00,NAND2_X1,0.620690,11.000000,9,2076
2078,NODE,n2078,2,n2069,n2077,1,7.000000,18.000000,11.000000,7,1.00,NAND2_X1,0.620690,11.000000,2069,2077
2079,NODE,n2079,2,pi00,n2078,1,8.000000,19.000000,11.000000,8,1.00,NAND2_X1,0.620690,11.000000,1,2078
2080,NODE,n2080,2,n2065,n2079,1,13.000000,20.000000,7.000000,13,1.00,NAND2_X1,0.758621,7.000000,2065,2079
2081,NODE,n2081,2,pi14,n2080,1,14.000000,21.000000,7.000000,14,1.00,AND2_X1,0.758621,7.000000,15,2080
2082,NODE,n2082,2,n40,n2081,1,15.000000,22.000000,7.000000,15,1.00,AND2_X1,0.758621,7.000000,40,2081
2083,NODE,n2083,2,n39,n2082,1,16.000000,23.000000,7.000000,16,1.00,AND2_X1,0.758621,7.000000,39,2082
2084,NODE,n2084,2,n36,n2083,1,17.000000,24.000000,7.000000,17,1.00,AND2_X1,0.758621,7.000000,36,2083
2085,NODE,n2085,2,n33,n2084,1,18.000000,25.000000,7.000000,18,1.00,AND2_X1,0.758621,7.000000,33,2084
2086,NODE,n2086,2,n62,n2085,1,19.000000,26.000000,7.000000,19,1.00,NAND2_X1,0.758621,7.000000,62,2085
2087,NODE,n2087,2,pi00,n340,2,4.000000,11.000000,7.000000,4,1.00,AND2_X1,0.758621,7.000000,1,340
2088,NODE,n2088,2,pi03,n2087,1,5.000000,25.000000,20.000000,5,1.00,AND2_X1,0.310345,20.000000,4,2087
2089,NODE,n2089,1,n1207,,2,2.000000,13.000000,11.000000,2,1.00,INV_X1,0.620690,11.000000,1207,-1
2090,NODE,n2090,2,pi09,n925,4,5.000000,10.000000,5.000000,5,1.00,AND2_X1,0.827586,5.000000,10,925
2091,NODE,n2091,2,n2089,n2090,1,6.000000,25.000000,19.000000,6,1.00,AND2_X1,0.344828,19.000000,2089,2090
2092,NODE,n2092,2,n2088,n2091,1,7.000000,26.000000,19.000000,7,1.00,NAND2_X1,0.344828,19.000000,2088,2091
2093,NODE,n2093,2,n2086,n2092,1,20.000000,27.000000,7.000000,20,1.00,AND2_X1,0.758621,7.000000,2086,2092
2094,NODE,n2094,2,n90,n1007,2,4.000000,11.000000,7.000000,4,1.00,NAND2_X1,0.758621,7.000000,90,1007
2095,NODE,n2095,1,n2094,,1,5.000000,15.000000,10.000000,5,1.00,INV_X1,0.655172,10.000000,2094,-1
2096,NODE,n2096,2,n381,n2095,1,6.000000,16.000000,10.000000,6,1.00,NAND2_X1,0.655172,10.000000,381,2095
2097,NODE,n2097,2,n127,n373,2,4.000000,16.000000,12.000000,4,1.00,NAND2_X1,0.586207,12.000000,127,373
2098,NODE,n2098,2,n2096,n2097,1,7.000000,17.000000,10.000000,7,1.00,NAND2_X1,0.655172,10.000000,2096,2097
2099,NODE,n2099,2,n44,n2098,1,8.000000,18.000000,10.000000,8,1.00,AND2_X1,0.655172,10.000000,44,2098
2100,NODE,n2100,2,pi13,n2099,1,9.000000,19.000000,10.000000,9,1.00,AND2_X1,0.655172,10.000000,14,2099
2101,NODE,n2101,2,pi12,n2100,1,10.000000,20.000000,10.000000,10,1.00,AND2_X1,0.655172,10.000000,13,2100
2102,NODE,n2102,2,pi11,n2101,1,11.000000,21.000000,10.000000,11,1.00,NAND2_X1,0.655172,10.000000,12,2101
2103,NODE,n2103,2,n154,n159,2,4.000000,11.000000,7.000000,4,1.00,NAND2_X1,0.758621,7.000000,154,159
2104,NODE,n2104,1,n2103,,2,5.000000,19.000000,14.000000,5,1.00,INV_X1,0.517241,14.000000,2103,-1
2105,NODE,n2105,2,n689,n2104,1,6.000000,20.000000,14.000000,6,1.00,AND2_X1,0.517241,14.000000,689,2104
2106,NODE,n2106,2,n209,n2105,1,7.000000,21.000000,14.000000,7,1.00,NAND2_X1,0.517241,14.000000,209,2105
2107,NODE,n2107,2,n2102,n2106,1,12.000000,22.000000,10.000000,12,1.00,AND2_X1,0.655172,10.000000,2102,2106
2108,NODE,n2108,2,n90,pi07,2,2.000000,5.000000,3.000000,2,1.00,NAND2_X1,0.896552,3.000000,90,8
2109,NODE,n2109,2,n906,n2108,4,3.000000,7.000000,4.000000,3,1.00,NAND2_X1,0.862069,4.000000,906,2108
2110,NODE,n2110,2,n44,n2109,1,4.000000,9.000000,5.000000,4,1.00,AND2_X1,0.827586,5.000000,44,2109
2111,NODE,n2111,2,pi13,n2110,1,5.000000,10.000000,5.000000,5,1.00,AND2_X1,0.827586,5.000000,14,2110
2112,NODE,n2112,2,pi12,n2111,1,6.000000,11.000000,5.000000,6,1.00,AND2_X1,0.827586,5.000000,13,2111
2113,NODE,n2113,2,pi11,n2112,1,7.000000,12.000000,5.000000,7,1.00,AND2_X1,0.827586,5.000000,12,2112
2114,NODE,n2114,2,pi10,n2113,1,8.000000,13.000000,5.000000,8,1.00,AND2_X1,0.827586,5.000000,11,2113
2115,NODE,n2115,2,pi08,n2114,1,9.000000,14.000000,5.000000,9,1.00,AND2_X1,0.827586,5.000000,9,2114
2116,NODE,n2116,2,pi01,n2115,1,10.000000,15.000000,5.000000,10,1.00,NAND2_X1,0.827586,5.000000,2,2115
2117,NODE,n2117,1,n1458,,1,5.000000,12.000000,7.000000,5,1.00,INV_X1,0.758621,7.000000,1458,-1
2118,NODE,n2118,2,n61,n2117,3,6.000000,13.000000,7.000000,6,1.00,NAND2_X1,0.758621,7.000000,61,2117
2119,NODE,n2119,1,n2118,,1,7.000000,14.000000,7.000000,7,1.00,INV_X1,0.758621,7.000000,2118,-1
2120,NODE,n2120,2,n138,n2119,1,8.000000,15.000000,7.000000,8,1.00,NAND2_X1,0.758621,7.000000,138,2119
2121,NODE,n2121,2,n2116,n2120,1,11.000000,16.000000,5.000000,11,1.00,NAND2_X1,0.827586,5.000000,2116,2120
2122,NODE,n2122,2,n54,n2121,1,12.000000,17.000000,5.000000,12,1.00,NAND2_X1,0.827586,5.000000,54,2121
2123,NODE,n2123,2,pi03,n1491,1,7.000000,13.000000,6.000000,7,1.00,NAND2_X1,0.793103,6.000000,4,1491
2124,NODE,n2124,2,n90,n1501,1,3.000000,12.000000,9.000000,3,1.00,AND2_X1,0.689655,9.000000,90,1501
2125,NODE,n2125,2,n275,n2124,1,5.000000,13.000000,8.000000,5,1.00,NAND2_X1,0.724138,8.000000,275,2124
2126,NODE,n2126,2,n2123,n2125,1,8.000000,14.000000,6.000000,8,1.00,NAND2_X1,0.793103,6.000000,2123,2125
2127,NODE,n2127,2,n35,n2126,1,9.000000,15.000000,6.000000,9,1.00,AND2_X1,0.793103,6.000000,35,2126
2128,NODE,n2128,2,pi04,n2127,1,10.000000,16.000000,6.000000,10,1.00,AND2_X1,0.793103,6.000000,5,2127
2129,NODE,n2129,2,n138,n2128,1,11.000000,17.000000,6.000000,11,1.00,NAND2_X1,0.793103,6.000000,138,2128
2130,NODE,n2130,2,n2122,n2129,1,13.000000,18.000000,5.000000,13,1.00,NAND2_X1,0.827586,5.000000,2122,2129
2131,NODE,n2131,2,pi09,n2130,1,14.000000,19.000000,5.000000,14,1.00,NAND2_X1,0.827586,5.000000,10,2130
2132,NODE,n2132,2,pi04,n895,1,4.000000,9.000000,5.000000,4,1.00,NAND2_X1,0.827586,5.000000,5,895
2133,NODE,n2133,2,n579,n2132,1,5.000000,10.000000,5.000000,5,1.00,NAND2_X1,0.827586,5.000000,579,2132
2134,NODE,n2134,2,pi03,n2133,1,6.000000,11.000000,5.000000,6,1.00,AND2_X1,0.827586,5.000000,4,2133
2135,NODE,n2135,2,pi01,n2134,1,7.000000,12.000000,5.000000,7,1.00,NAND2_X1,0.827586,5.000000,2,2134
2136,NODE,n2136,2,pi04,n689,2,4.000000,6.000000,2.000000,4,1.00,NAND2_X1,0.931035,2.000000,5,689
2137,NODE,n2137,1,n2136,,2,5.000000,11.000000,6.000000,5,1.00,INV_X1,0.793103,6.000000,2136,-1
2138,NODE,n2138,2,n189,n2137,1,6.000000,12.000000,6.000000,6,1.00,NAND2_X1,0.793103,6.000000,189,2137
2139,NODE,n2139,2,n2135,n2138,1,8.000000,13.000000,5.000000,8,1.00,NAND2_X1,0.827586,5.000000,2135,2138
2140,NODE,n2140,2,pi14,n2139,1,9.000000,14.000000,5.000000,9,1.00,AND2_X1,0.827586,5.000000,15,2139
2141,NODE,n2141,2,n40,n2140,1,10.000000,15.000000,5.000000,10,1.00,AND2_X1,0.827586,5.000000,40,2140
2142,NODE,n2142,2,n39,n2141,1,11.000000,16.000000,5.000000,11,1.00,AND2_X1,0.827586,5.000000,39,2141
2143,NODE,n2143,2,n36,n2142,1,12.000000,17.000000,5.000000,12,1.00,AND2_X1,0.827586,5.000000,36,2142
2144,NODE,n2144,2,n33,n2143,1,13.000000,18.000000,5.000000,13,1.00,AND2_X1,0.827586,5.000000,33,2143
2145,NODE,n2145,2,n62,n2144,1,14.000000,19.000000,5.000000,14,1.00,NAND2_X1,0.827586,5.000000,62,2144
2146,NODE,n2146,2,n2131,n2145,1,15.000000,20.000000,5.000000,15,1.00,NAND2_X1,0.827586,5.000000,2131,2145
2147,NODE,n2147,2,pi02,n2146,1,16.000000,21.000000,5.000000,16,1.00,NAND2_X1,0.827586,5.000000,3,2146
2148,NODE,n2148,2,n61,n920,2,4.000000,10.000000,6.000000,4,1.00,NAND2_X1,0.793103,6.000000,61,920
2149,NODE,n2149,2,n675,n2148,1,5.000000,12.000000,7.000000,5,1.00,NAND2_X1,0.758621,7.000000,675,2148
2150,NODE,n2150,2,n138,n2149,1,6.000000,13.000000,7.000000,6,1.00,NAND2_X1,0.758621,7.000000,138,2149
2151,NODE,n2151,2,pi01,pi03,3,1.000000,4.000000,3.000000,1,1.00,NAND2_X1,0.896552,3.000000,2,4
2152,NODE,n2152,1,n2151,,11,2.000000,5.000000,3.000000,2,1.00,INV_X1,0.896552,3.000000,2151,-1
2153,NODE,n2153,2,n65,n2152,1,5.000000,13.000000,8.000000,5,1.00,NAND2_X1,0.724138,8.000000,65,2152
2154,NODE,n2154,2,n2150,n2153,1,7.000000,14.000000,7.000000,7,1.00,AND2_X1,0.758621,7.000000,2150,2153
2155,NODE,n2155,1,n1617,,13,3.000000,4.000000,1.000000,3,1.00,INV_X1,0.965517,1.000000,1617,-1
2156,NODE,n2156,2,pi03,n2155,1,4.000000,9.000000,5.000000,4,1.00,NAND2_X1,0.827586,5.000000,4,2155
2157,NODE,n2157,2,n1002,n2156,1,5.000000,10.000000,5.000000,5,1.00,NAND2_X1,0.827586,5.000000,1002,2156
2158,NODE,n2158,2,n138,n2157,1,6.000000,11.000000,5.000000,6,1.00,NAND2_X1,0.827586,5.000000,138,2157
2159,NODE,n2159,1,n578,,6,2.000000,10.000000,8.000000,2,1.00,INV_X1,0.724138,8.000000,578,-1
2160,NODE,n2160,2,n2159,n713,1,4.000000,11.000000,7.000000,4,1.00,NAND2_X1,0.758621,7.000000,2159,713
2161,NODE,n2161,2,n2158,n2160,1,7.000000,12.000000,5.000000,7,1.00,NAND2_X1,0.827586,5.000000,2158,2160
2162,NODE,n2162,2,n62,n2161,1,8.000000,13.000000,5.000000,8,1.00,AND2_X1,0.827586,5.000000,62,2161
2163,NODE,n2163,2,n35,n2162,1,9.000000,14.000000,5.000000,9,1.00,NAND2_X1,0.827586,5.000000,35,2162
2164,NODE,n2164,2,n2154,n2163,1,10.000000,15.000000,5.000000,10,1.00,NAND2_X1,0.827586,5.000000,2154,2163
2165,NODE,n2165,2,pi14,n2164,1,11.000000,16.000000,5.000000,11,1.00,AND2_X1,0.827586,5.000000,15,2164
2166,NODE,n2166,2,n40,n2165,1,12.000000,17.000000,5.000000,12,1.00,AND2_X1,0.827586,5.000000,40,2165
2167,NODE,n2167,2,n39,n2166,1,13.000000,18.000000,5.000000,13,1.00,AND2_X1,0.827586,5.000000,39,2166
2168,NODE,n2168,2,n36,n2167,1,14.000000,19.000000,5.000000,14,1.00,AND2_X1,0.827586,5.000000,36,2167
2169,NODE,n2169,2,n33,n2168,1,15.000000,20.000000,5.000000,15,1.00,AND2_X1,0.827586,5.000000,33,2168
2170,NODE,n2170,2,n154,n2169,1,16.000000,21.000000,5.000000,16,1.00,NAND2_X1,0.827586,5.000000,154,2169
2171,NODE,n2171,2,n2147,n2170,1,17.000000,22.000000,5.000000,17,1.00,AND2_X1,0.827586,5.000000,2147,2170
2172,NODE,n2172,2,n2107,n2171,1,18.000000,23.000000,5.000000,18,1.00,NAND2_X1,0.827586,5.000000,2107,2171
2173,NODE,n2173,2,pi15,n2172,1,19.000000,24.000000,5.000000,19,1.00,NAND2_X1,0.827586,5.000000,16,2172
2174,NODE,n2174,2,n1520,n886,1,6.000000,15.000000,9.000000,6,1.00,NAND2_X1,0.689655,9.000000,1520,886
2175,NODE,n2175,2,n1518,n1612,1,4.000000,14.000000,10.000000,4,1.00,AND2_X1,0.655172,10.000000,1518,1612
2176,NODE,n2176,2,n113,n2175,1,5.000000,15.000000,10.000000,5,1.00,NAND2_X1,0.655172,10.000000,113,2175
2177,NODE,n2177,2,n2174,n2176,1,7.000000,16.000000,9.000000,7,1.00,NAND2_X1,0.689655,9.000000,2174,2176
2178,NODE,n2178,2,n138,n2177,1,8.000000,17.000000,9.000000,8,1.00,NAND2_X1,0.689655,9.000000,138,2177
2179,NODE,n2179,2,pi03,n876,1,7.000000,14.000000,7.000000,7,1.00,NAND2_X1,0.758621,7.000000,4,876
2180,NODE,n2180,2,n90,n886,1,6.000000,14.000000,8.000000,6,1.00,NAND2_X1,0.724138,8.000000,90,886
2181,NODE,n2181,2,n2179,n2180,1,8.000000,15.000000,7.000000,8,1.00,NAND2_X1,0.758621,7.000000,2179,2180
2182,NODE,n2182,2,pi07,n2181,1,9.000000,16.000000,7.000000,9,1.00,AND2_X1,0.758621,7.000000,8,2181
2183,NODE,n2183,2,pi01,n2182,1,10.000000,17.000000,7.000000,10,1.00,NAND2_X1,0.758621,7.000000,2,2182
2184,NODE,n2184,2,n2178,n2183,1,11.000000,18.000000,7.000000,11,1.00,NAND2_X1,0.758621,7.000000,2178,2183
2185,NODE,n2185,2,n62,n2184,1,12.000000,19.000000,7.000000,12,1.00,NAND2_X1,0.758621,7.000000,62,2184
2186,NODE,n2186,2,n61,n95,1,7.000000,18.000000,11.000000,7,1.00,AND2_X1,0.620690,11.000000,61,95
2187,NODE,n2187,2,pi01,n2186,1,8.000000,19.000000,11.000000,8,1.00,NAND2_X1,0.620690,11.000000,2,2186
2188,NODE,n2188,2,n2185,n2187,1,13.000000,20.000000,7.000000,13,1.00,NAND2_X1,0.758621,7.000000,2185,2187
2189,NODE,n2189,2,pi02,n2188,1,14.000000,21.000000,7.000000,14,1.00,NAND2_X1,0.758621,7.000000,3,2188
2190,NODE,n2190,2,n61,n94,1,6.000000,14.000000,8.000000,6,1.00,NAND2_X1,0.724138,8.000000,61,94
2191,NODE,n2191,2,pi07,n370,2,4.000000,12.000000,8.000000,4,1.00,AND2_X1,0.724138,8.000000,8,370
2192,NODE,n2192,2,n113,n2191,1,5.000000,14.000000,9.000000,5,1.00,NAND2_X1,0.689655,9.000000,113,2191
2193,NODE,n2193,2,n2190,n2192,1,7.000000,15.000000,8.000000,7,1.00,NAND2_X1,0.724138,8.000000,2190,2192
2194,NODE,n2194,2,pi03,n2193,1,8.000000,16.000000,8.000000,8,1.00,NAND2_X1,0.724138,8.000000,4,2193
2195,NODE,n2195,2,n94,n1520,1,6.000000,16.000000,10.000000,6,1.00,NAND2_X1,0.655172,10.000000,94,1520
2196,NODE,n2196,2,n2194,n2195,1,9.000000,17.000000,8.000000,9,1.00,NAND2_X1,0.724138,8.000000,2194,2195
2197,NODE,n2197,2,n35,n2196,1,10.000000,18.000000,8.000000,10,1.00,AND2_X1,0.724138,8.000000,35,2196
2198,NODE,n2198,2,pi01,n2197,1,11.000000,19.000000,8.000000,11,1.00,NAND2_X1,0.724138,8.000000,2,2197
2199,NODE,n2199,2,n65,n189,1,5.000000,18.000000,13.000000,5,1.00,AND2_X1,0.551724,13.000000,65,189
2200,NODE,n2200,2,n255,n2199,1,6.000000,19.000000,13.000000,6,1.00,NAND2_X1,0.551724,13.000000,255,2199
2201,NODE,n2201,2,n2198,n2200,1,12.000000,20.000000,8.000000,12,1.00,NAND2_X1,0.724138,8.000000,2198,2200
2202,NODE,n2202,2,n154,n2201,1,13.000000,21.000000,8.000000,13,1.00,NAND2_X1,0.724138,8.000000,154,2201
2203,NODE,n2203,2,n2189,n2202,1,15.000000,22.000000,7.000000,15,1.00,AND2_X1,0.758621,7.000000,2189,2202
2204,NODE,n2204,2,n279,n484,1,5.000000,14.000000,9.000000,5,1.00,NAND2_X1,0.689655,9.000000,279,484
2205,NODE,n2205,2,n62,n33,6,2.000000,9.000000,7.000000,2,1.00,AND2_X1,0.758621,7.000000,62,33
2206,NODE,n2206,2,n689,n2205,2,4.000000,13.000000,9.000000,4,1.00,AND2_X1,0.689655,9.000000,689,2205
2207,NODE,n2207,2,n275,n2206,1,5.000000,14.000000,9.000000,5,1.00,NAND2_X1,0.689655,9.000000,275,2206
2208,NODE,n2208,2,n2204,n2207,1,6.000000,15.000000,9.000000,6,1.00,NAND2_X1,0.689655,9.000000,2204,2207
2209,NODE,n2209,2,pi03,n2208,1,7.000000,16.000000,9.000000,7,1.00,AND2_X1,0.689655,9.000000,4,2208
2210,NODE,n2210,2,n154,n2209,1,8.000000,17.000000,9.000000,8,1.00,NAND2_X1,0.689655,9.000000,154,2209
2211,NODE,n2211,2,n61,n1448,4,4.000000,15.000000,11.000000,4,1.00,AND2_X1,0.620690,11.000000,61,1448
2212,NODE,n2212,2,n224,n2211,1,5.000000,16.000000,11.000000,5,1.00,AND2_X1,0.620690,11.000000,224,2211
2213,NODE,n2213,2,n255,n2212,1,6.000000,17.000000,11.000000,6,1.00,NAND2_X1,0.620690,11.000000,255,2212
2214,NODE,n2214,2,n2210,n2213,1,9.000000,18.000000,9.000000,9,1.00,NAND2_X1,0.689655,9.000000,2210,2213
2215,NODE,n2215,2,n54,n2214,1,10.000000,19.000000,9.000000,10,1.00,NAND2_X1,0.689655,9.000000,54,2214
2216,NODE,n2216,2,pi02,n255,2,6.000000,11.000000,5.000000,6,1.00,NAND2_X1,0.827586,5.000000,3,255
2217,NODE,n2217,2,n69,n2216,2,7.000000,12.000000,5.000000,7,1.00,NAND2_X1,0.827586,5.000000,69,2216
2218,NODE,n2218,2,n90,n2217,1,8.000000,14.000000,6.000000,8,1.00,NAND2_X1,0.793103,6.000000,90,2217
2219,NODE,n2219,2,pi03,n33,1,2.000000,12.000000,10.000000,2,1.00,AND2_X1,0.655172,10.000000,4,33
2220,NODE,n2220,2,pi02,n2219,1,3.000000,13.000000,10.000000,3,1.00,AND2_X1,0.655172,10.000000,3,2219
2221,NODE,n2221,2,n275,n2220,1,5.000000,14.000000,9.000000,5,1.00,NAND2_X1,0.689655,9.000000,275,2220
2222,NODE,n2222,2,n2218,n2221,1,9.000000,15.000000,6.000000,9,1.00,NAND2_X1,0.793103,6.000000,2218,2221
2223,NODE,n2223,2,n62,n2222,1,10.000000,16.000000,6.000000,10,1.00,AND2_X1,0.793103,6.000000,62,2222
2224,NODE,n2224,2,n35,n2223,1,11.000000,17.000000,6.000000,11,1.00,AND2_X1,0.793103,6.000000,35,2223
2225,NODE,n2225,2,pi07,n2224,1,12.000000,18.000000,6.000000,12,1.00,AND2_X1,0.793103,6.000000,8,2224
2226,NODE,n2226,2,pi04,n2225,1,13.000000,19.000000,6.000000,13,1.00,NAND2_X1,0.793103,6.000000,5,2225
2227,NODE,n2227,2,n2215,n2226,1,14.000000,20.000000,6.000000,14,1.00,NAND2_X1,0.793103,6.000000,2215,2226
2228,NODE,n2228,2,pi01,n2227,1,15.000000,21.000000,6.000000,15,1.00,NAND2_X1,0.793103,6.000000,2,2227
2229,NODE,n2229,2,n54,n33,2,2.000000,11.000000,9.000000,2,1.00,AND2_X1,0.689655,9.000000,54,33
2230,NODE,n2230,2,pi02,n2229,1,3.000000,12.000000,9.000000,3,1.00,AND2_X1,0.689655,9.000000,3,2229
2231,NODE,n2231,2,n275,n2230,1,5.000000,13.000000,8.000000,5,1.00,NAND2_X1,0.724138,8.000000,275,2230
2232,NODE,n2232,2,pi04,pi10,1,1.000000,11.000000,10.000000,1,1.00,AND2_X1,0.655172,10.000000,5,11
2233,NODE,n2233,2,n154,n2232,1,2.000000,12.000000,10.000000,2,1.00,AND2_X1,0.655172,10.000000,154,2232
2234,NODE,n2234,2,n113,n2233,1,4.000000,13.000000,9.000000,4,1.00,NAND2_X1,0.689655,9.000000,113,2233
2235,NODE,n2235,2,n2231,n2234,1,6.000000,14.000000,8.000000,6,1.00,NAND2_X1,0.724138,8.000000,2231,2234
2236,NODE,n2236,2,pi03,n2235,1,7.000000,15.000000,8.000000,7,1.00,NAND2_X1,0.724138,8.000000,4,2235
2237,NODE,n2237,2,pi04,n2217,1,8.000000,13.000000,5.000000,8,1.00,NAND2_X1,0.827586,5.000000,5,2217
2238,NODE,n2238,2,n154,n2229,1,3.000000,12.000000,9.000000,3,1.00,AND2_X1,0.689655,9.000000,154,2229
2239,NODE,n2239,2,n275,n2238,1,5.000000,13.000000,8.000000,5,1.00,NAND2_X1,0.724138,8.000000,275,2238
2240,NODE,n2240,2,n2237,n2239,1,9.000000,14.000000,5.000000,9,1.00,NAND2_X1,0.827586,5.000000,2237,2239
2241,NODE,n2241,2,n90,n2240,1,10.000000,15.000000,5.000000,10,1.00,NAND2_X1,0.827586,5.000000,90,2240
2242,NODE,n2242,2,n2236,n2241,1,11.000000,16.000000,5.000000,11,1.00,NAND2_X1,0.827586,5.000000,2236,2241
2243,NODE,n2243,2,pi07,n2242,1,12.000000,17.000000,5.000000,12,1.00,NAND2_X1,0.827586,5.000000,8,2242
2244,NODE,n2244,2,n755,n2155,2,4.000000,5.000000,1.000000,4,1.00,NAND2_X1,0.965517,1.000000,755,2155
2245,NODE,n2245,1,n2244,,1,5.000000,16.000000,11.000000,5,1.00,INV_X1,0.620690,11.000000,2244,-1
2246,NODE,n2246,2,n255,n2245,1,6.000000,17.000000,11.000000,6,1.00,NAND2_X1,0.620690,11.000000,255,2245
2247,NODE,n2247,2,n2243,n2246,1,13.000000,18.000000,5.000000,13,1.00,NAND2_X1,0.827586,5.000000,2243,2246
2248,NODE,n2248,2,n62,n2247,1,14.000000,19.000000,5.000000,14,1.00,AND2_X1,0.827586,5.000000,62,2247
2249,NODE,n2249,2,n35,n2248,1,15.000000,20.000000,5.000000,15,1.00,AND2_X1,0.827586,5.000000,35,2248
2250,NODE,n2250,2,n138,n2249,1,16.000000,21.000000,5.000000,16,1.00,NAND2_X1,0.827586,5.000000,138,2249
2251,NODE,n2251,2,n2228,n2250,1,17.000000,22.000000,5.000000,17,1.00,AND2_X1,0.827586,5.000000,2228,2250
2252,NODE,n2252,2,n2203,n2251,1,18.000000,23.000000,5.000000,18,1.00,NAND2_X1,0.827586,5.000000,2203,2251
2253,NODE,n2253,2,n790,n2252,1,19.000000,24.000000,5.000000,19,1.00,NAND2_X1,0.827586,5.000000,790,2252
2254,NODE,n2254,2,n2173,n2253,1,20.000000,25.000000,5.000000,20,1.00,NAND2_X1,0.827586,5.000000,2173,2253
2255,NODE,n2255,2,pi00,n2254,1,21.000000,26.000000,5.000000,21,1.00,NAND2_X1,0.827586,5.000000,1,2254
2256,NODE,n2256,2,pi07,n303,1,4.000000,16.000000,12.000000,4,1.00,NAND2_X1,0.586207,12.000000,8,303
2257,NODE,n2257,2,n52,n260,1,4.000000,15.000000,11.000000,4,1.00,AND2_X1,0.620690,11.000000,52,260
2258,NODE,n2258,2,n41,n224,1,4.000000,15.000000,11.000000,4,1.00,AND2_X1,0.620690,11.000000,41,224
2259,NODE,n2259,2,n2257,n2258,1,5.000000,16.000000,11.000000,5,1.00,NAND2_X1,0.620690,11.000000,2257,2258
2260,NODE,n2260,2,n2256,n2259,1,6.000000,17.000000,11.000000,6,1.00,NAND2_X1,0.620690,11.000000,2256,2259
2261,NODE,n2261,2,pi15,n2260,1,7.000000,18.000000,11.000000,7,1.00,NAND2_X1,0.620690,11.000000,16,2260
2262,NODE,n2262,2,n260,n1052,1,4.000000,17.000000,13.000000,4,1.00,AND2_X1,0.551724,13.000000,260,1052
2263,NODE,n2263,2,n948,n2262,1,6.000000,18.000000,12.000000,6,1.00,NAND2_X1,0.586207,12.000000,948,2262
2264,NODE,n2264,2,n2261,n2263,1,8.000000,19.000000,11.000000,8,1.00,NAND2_X1,0.620690,11.000000,2261,2263
2265,NODE,n2265,2,n138,n2264,1,9.000000,20.000000,11.000000,9,1.00,NAND2_X1,0.620690,11.000000,138,2264
2266,NODE,n2266,2,n318,n952,1,4.000000,19.000000,15.000000,4,1.00,AND2_X1,0.482759,15.000000,318,952
2267,NODE,n2267,2,pi01,n2266,1,5.000000,20.000000,15.000000,5,1.00,NAND2_X1,0.482759,15.000000,2,2266
2268,NODE,n2268,2,n2265,n2267,1,10.000000,21.000000,11.000000,10,1.00,NAND2_X1,0.620690,11.000000,2265,2267
2269,NODE,n2269,2,n33,n2268,1,11.000000,22.000000,11.000000,11,1.00,AND2_X1,0.620690,11.000000,33,2268
2270,NODE,n2270,2,pi08,n2269,1,12.000000,23.000000,11.000000,12,1.00,NAND2_X1,0.620690,11.000000,9,2269
2271,NODE,n2271,2,pi13,n339,1,3.000000,15.000000,12.000000,3,1.00,AND2_X1,0.586207,12.000000,14,339
2272,NODE,n2272,2,n923,n2271,1,4.000000,16.000000,12.000000,4,1.00,AND2_X1,0.586207,12.000000,923,2271
2273,NODE,n2273,2,pi12,n2272,1,5.000000,17.000000,12.000000,5,1.00,AND2_X1,0.586207,12.000000,13,2272
2274,NODE,n2274,2,pi11,n2273,1,6.000000,18.000000,12.000000,6,1.00,AND2_X1,0.586207,12.000000,12,2273
2275,NODE,n2275,2,pi10,n2274,1,7.000000,19.000000,12.000000,7,1.00,AND2_X1,0.586207,12.000000,11,2274
2276,NODE,n2276,2,n62,n2275,1,8.000000,20.000000,12.000000,8,1.00,AND2_X1,0.586207,12.000000,62,2275
2277,NODE,n2277,2,n35,n2276,1,9.000000,21.000000,12.000000,9,1.00,AND2_X1,0.586207,12.000000,35,2276
2278,NODE,n2278,2,pi07,n2277,1,10.000000,22.000000,12.000000,10,1.00,AND2_X1,0.586207,12.000000,8,2277
2279,NODE,n2279,2,pi03,n2278,1,11.000000,23.000000,12.000000,11,1.00,NAND2_X1,0.586207,12.000000,4,2278
2280,NODE,n2280,2,n2270,n2279,1,13.000000,24.000000,11.000000,13,1.00,AND2_X1,0.620690,11.000000,2270,2279
2281,NODE,n2281,2,n54,n978,3,4.000000,4.000000,0.000000,4,1.00,NAND2_X1,1.000000,0.000000,54,978
2282,NODE,n2282,2,pi04,n981,2,4.000000,4.000000,0.000000,4,1.00,NAND2_X1,1.000000,0.000000,5,981
2283,NODE,n2283,2,n2281,n2282,2,5.000000,10.000000,5.000000,5,1.00,NAND2_X1,0.827586,5.000000,2281,2282
2284,NODE,n2284,2,n62,n2283,1,6.000000,13.000000,7.000000,6,1.00,AND2_X1,0.758621,7.000000,62,2283
2285,NODE,n2285,2,n90,n2284,1,7.000000,14.000000,7.000000,7,1.00,NAND2_X1,0.758621,7.000000,90,2284
2286,NODE,n2286,2,pi03,n1192,7,3.000000,6.000000,3.000000,3,1.00,AND2_X1,0.896552,3.000000,4,1192
2287,NODE,n2287,2,pi07,n1107,2,3.000000,6.000000,3.000000,3,1.00,AND2_X1,0.896552,3.000000,8,1107
2288,NODE,n2288,2,n2286,n2287,1,4.000000,14.000000,10.000000,4,1.00,NAND2_X1,0.655172,10.000000,2286,2287
2289,NODE,n2289,2,n2285,n2288,1,8.000000,15.000000,7.000000,8,1.00,AND2_X1,0.758621,7.000000,2285,2288
2290,NODE,n2290,2,n138,n321,2,4.000000,4.000000,0.000000,4,1.00,NAND2_X1,1.000000,0.000000,138,321
2291,NODE,n2291,1,n2290,,6,5.000000,7.000000,2.000000,5,1.00,INV_X1,0.931035,2.000000,2290,-1
2292,NODE,n2292,2,n2159,n797,1,4.000000,14.000000,10.000000,4,1.00,AND2_X1,0.655172,10.000000,2159,797
2293,NODE,n2293,2,n2291,n2292,1,6.000000,15.000000,9.000000,6,1.00,NAND2_X1,0.689655,9.000000,2291,2292
2294,NODE,n2294,2,n2289,n2293,1,9.000000,16.000000,7.000000,9,1.00,NAND2_X1,0.758621,7.000000,2289,2293
2295,NODE,n2295,2,n35,n2294,1,10.000000,17.000000,7.000000,10,1.00,NAND2_X1,0.758621,7.000000,35,2294
2296,NODE,n2296,2,n156,n1701,1,4.000000,16.000000,12.000000,4,1.00,AND2_X1,0.586207,12.000000,156,1701
2297,NODE,n2297,2,n82,n792,2,4.000000,11.000000,7.000000,4,1.00,AND2_X1,0.758621,7.000000,82,792
2298,NODE,n2298,2,n2296,n2297,1,5.000000,17.000000,12.000000,5,1.00,NAND2_X1,0.586207,12.000000,2296,2297
2299,NODE,n2299,2,n2295,n2298,1,11.000000,18.000000,7.000000,11,1.00,NAND2_X1,0.758621,7.000000,2295,2298
2300,NODE,n2300,2,n44,n2299,1,12.000000,19.000000,7.000000,12,1.00,AND2_X1,0.758621,7.000000,44,2299
2301,NODE,n2301,2,pi13,n2300,1,13.000000,20.000000,7.000000,13,1.00,AND2_X1,0.758621,7.000000,14,2300
2302,NODE,n2302,2,pi12,n2301,1,14.000000,21.000000,7.000000,14,1.00,AND2_X1,0.758621,7.000000,13,2301
2303,NODE,n2303,2,pi11,n2302,1,15.000000,22.000000,7.000000,15,1.00,AND2_X1,0.758621,7.000000,12,2302
2304,NODE,n2304,2,pi10,n2303,1,16.000000,23.000000,7.000000,16,1.00,NAND2_X1,0.758621,7.000000,11,2303
2305,NODE,n2305,2,pi03,n1097,2,3.000000,7.000000,4.000000,3,1.00,NAND2_X1,0.862069,4.000000,4,1097
2306,NODE,n2306,2,n90,n1430,1,4.000000,7.000000,3.000000,4,1.00,NAND2_X1,0.896552,3.000000,90,1430
2307,NODE,n2307,2,n2305,n2306,3,5.000000,8.000000,3.000000,5,1.00,NAND2_X1,0.896552,3.000000,2305,2306
2308,NODE,n2308,2,pi01,n2307,1,6.000000,12.000000,6.000000,6,1.00,NAND2_X1,0.793103,6.000000,2,2307
2309,NODE,n2309,2,n90,n1574,1,4.000000,10.000000,6.000000,4,1.00,NAND2_X1,0.793103,6.000000,90,1574
2310,NODE,n2310,2,pi03,n1426,3,4.000000,10.000000,6.000000,4,1.00,NAND2_X1,0.793103,6.000000,4,1426
2311,NODE,n2311,2,n2309,n2310,2,5.000000,11.000000,6.000000,5,1.00,NAND2_X1,0.793103,6.000000,2309,2310
2312,NODE,n2312,2,n138,n2311,1,6.000000,12.000000,6.000000,6,1.00,NAND2_X1,0.793103,6.000000,138,2311
2313,NODE,n2313,2,n2308,n2312,1,7.000000,13.000000,6.000000,7,1.00,NAND2_X1,0.793103,6.000000,2308,2312
2314,NODE,n2314,2,pi02,n2313,1,8.000000,14.000000,6.000000,8,1.00,NAND2_X1,0.793103,6.000000,3,2313
2315,NODE,n2315,2,n154,n2307,1,6.000000,13.000000,7.000000,6,1.00,AND2_X1,0.758621,7.000000,154,2307
2316,NODE,n2316,2,pi01,n2315,1,7.000000,14.000000,7.000000,7,1.00,NAND2_X1,0.758621,7.000000,2,2315
2317,NODE,n2317,2,n2314,n2316,1,9.000000,15.000000,6.000000,9,1.00,NAND2_X1,0.793103,6.000000,2314,2316
2318,NODE,n2318,2,pi14,n2317,1,10.000000,16.000000,6.000000,10,1.00,AND2_X1,0.793103,6.000000,15,2317
2319,NODE,n2319,2,n40,n2318,1,11.000000,17.000000,6.000000,11,1.00,AND2_X1,0.793103,6.000000,40,2318
2320,NODE,n2320,2,n39,n2319,1,12.000000,18.000000,6.000000,12,1.00,AND2_X1,0.793103,6.000000,39,2319
2321,NODE,n2321,2,n36,n2320,1,13.000000,19.000000,6.000000,13,1.00,AND2_X1,0.793103,6.000000,36,2320
2322,NODE,n2322,2,n33,n2321,1,14.000000,20.000000,6.000000,14,1.00,AND2_X1,0.793103,6.000000,33,2321
2323,NODE,n2323,2,n62,n2322,1,15.000000,21.000000,6.000000,15,1.00,AND2_X1,0.793103,6.000000,62,2322
2324,NODE,n2324,2,n35,n2323,1,16.000000,22.000000,6.000000,16,1.00,AND2_X1,0.793103,6.000000,35,2323
2325,NODE,n2325,2,pi07,n2324,1,17.000000,23.000000,6.000000,17,1.00,NAND2_X1,0.793103,6.000000,8,2324
2326,NODE,n2326,2,n2304,n2325,1,18.000000,24.000000,6.000000,18,1.00,AND2_X1,0.793103,6.000000,2304,2325
2327,NODE,n2327,2,n2280,n2326,1,19.000000,25.000000,6.000000,19,1.00,NAND2_X1,0.793103,6.000000,2280,2326
2328,NODE,n2328,2,n78,n2327,1,20.000000,26.000000,6.000000,20,1.00,NAND2_X1,0.793103,6.000000,78,2327
2329,NODE,n2329,2,n2255,n2328,1,22.000000,27.000000,5.000000,22,1.00,AND2_X1,0.827586,5.000000,2255,2328
2330,NODE,n2330,2,n2093,n2329,1,23.000000,28.000000,5.000000,23,1.00,AND2_X1,0.827586,5.000000,2093,2329
2331,NODE,n2331,2,n62,n2151,1,2.000000,12.000000,10.000000,2,1.00,NAND2_X1,0.655172,10.000000,62,2151
2332,NODE,n2332,2,n479,n619,1,4.000000,12.000000,8.000000,4,1.00,NAND2_X1,0.724138,8.000000,479,619
2333,NODE,n2333,2,n2331,n2332,1,5.000000,13.000000,8.000000,5,1.00,NAND2_X1,0.724138,8.000000,2331,2332
2334,NODE,n2334,2,n34,n2333,1,6.000000,14.000000,8.000000,6,1.00,NAND2_X1,0.724138,8.000000,34,2333
2335,NODE,n2335,2,n90,n220,1,2.000000,13.000000,11.000000,2,1.00,AND2_X1,0.620690,11.000000,90,220
2336,NODE,n2336,2,n653,n2335,1,4.000000,14.000000,10.000000,4,1.00,NAND2_X1,0.655172,10.000000,653,2335
2337,NODE,n2337,2,n2334,n2336,1,7.000000,15.000000,8.000000,7,1.00,NAND2_X1,0.724138,8.000000,2334,2336
2338,NODE,n2338,2,pi02,n2337,1,8.000000,16.000000,8.000000,8,1.00,NAND2_X1,0.724138,8.000000,3,2337
2339,NODE,n2339,2,pi03,n1301,2,3.000000,15.000000,12.000000,3,1.00,AND2_X1,0.586207,12.000000,4,1301
2340,NODE,n2340,2,n154,n2339,1,4.000000,16.000000,12.000000,4,1.00,NAND2_X1,0.586207,12.000000,154,2339
2341,NODE,n2341,2,n2338,n2340,1,9.000000,17.000000,8.000000,9,1.00,NAND2_X1,0.724138,8.000000,2338,2340
2342,NODE,n2342,2,n44,n2341,1,10.000000,18.000000,8.000000,10,1.00,AND2_X1,0.724138,8.000000,44,2341
2343,NODE,n2343,2,pi13,n2342,1,11.000000,19.000000,8.000000,11,1.00,AND2_X1,0.724138,8.000000,14,2342
2344,NODE,n2344,2,pi12,n2343,1,12.000000,20.000000,8.000000,12,1.00,AND2_X1,0.724138,8.000000,13,2343
2345,NODE,n2345,2,pi11,n2344,1,13.000000,21.000000,8.000000,13,1.00,AND2_X1,0.724138,8.000000,12,2344
2346,NODE,n2346,2,pi10,n2345,1,14.000000,22.000000,8.000000,14,1.00,AND2_X1,0.724138,8.000000,11,2345
2347,NODE,n2347,2,pi08,n2346,1,15.000000,23.000000,8.000000,15,1.00,AND2_X1,0.724138,8.000000,9,2346
2348,NODE,n2348,2,pi07,n2347,1,16.000000,24.000000,8.000000,16,1.00,NAND2_X1,0.724138,8.000000,8,2347
2349,NODE,n2349,2,n154,n333,2,4.000000,5.000000,1.000000,4,1.00,NAND2_X1,0.965517,1.000000,154,333
2350,NODE,n2350,2,pi02,n338,2,4.000000,11.000000,7.000000,4,1.00,NAND2_X1,0.758621,7.000000,3,338
2351,NODE,n2351,2,n2349,n2350,2,5.000000,12.000000,7.000000,5,1.00,NAND2_X1,0.758621,7.000000,2349,2350
2352,NODE,n2352,2,pi00,n2351,1,6.000000,13.000000,7.000000,6,1.00,NAND2_X1,0.758621,7.000000,1,2351
2353,NODE,n2353,2,n345,n487,1,4.000000,13.000000,9.000000,4,1.00,NAND2_X1,0.689655,9.000000,345,487
2354,NODE,n2354,2,n2352,n2353,1,7.000000,14.000000,7.000000,7,1.00,NAND2_X1,0.758621,7.000000,2352,2353
2355,NODE,n2355,2,pi01,n2354,1,8.000000,15.000000,7.000000,8,1.00,NAND2_X1,0.758621,7.000000,2,2354
2356,NODE,n2356,1,n2350,,2,5.000000,13.000000,8.000000,5,1.00,INV_X1,0.724138,8.000000,2350,-1
2357,NODE,n2357,2,n1833,n2356,1,6.000000,15.000000,9.000000,6,1.00,NAND2_X1,0.689655,9.000000,1833,2356
2358,NODE,n2358,2,n2355,n2357,1,9.000000,16.000000,7.000000,9,1.00,NAND2_X1,0.758621,7.000000,2355,2357
2359,NODE,n2359,2,pi14,n2358,1,10.000000,17.000000,7.000000,10,1.00,AND2_X1,0.758621,7.000000,15,2358
2360,NODE,n2360,2,n40,n2359,1,11.000000,18.000000,7.000000,11,1.00,AND2_X1,0.758621,7.000000,40,2359
2361,NODE,n2361,2,n39,n2360,1,12.000000,19.000000,7.000000,12,1.00,AND2_X1,0.758621,7.000000,39,2360
2362,NODE,n2362,2,n36,n2361,1,13.000000,20.000000,7.000000,13,1.00,AND2_X1,0.758621,7.000000,36,2361
2363,NODE,n2363,2,n33,n2362,1,14.000000,21.000000,7.000000,14,1.00,AND2_X1,0.758621,7.000000,33,2362
2364,NODE,n2364,2,n62,n2363,1,15.000000,22.000000,7.000000,15,1.00,AND2_X1,0.758621,7.000000,62,2363
2365,NODE,n2365,2,n35,n2364,1,16.000000,23.000000,7.000000,16,1.00,AND2_X1,0.758621,7.000000,35,2364
2366,NODE,n2366,2,n61,n2365,1,17.000000,24.000000,7.000000,17,1.00,NAND2_X1,0.758621,7.000000,61,2365
2367,NODE,n2367,2,n2348,n2366,1,18.000000,25.000000,7.000000,18,1.00,AND2_X1,0.758621,7.000000,2348,2366
2368,NODE,n2368,2,n189,n1449,1,5.000000,17.000000,12.000000,5,1.00,AND2_X1,0.586207,12.000000,189,1449
2369,NODE,n2369,2,n255,n2368,1,6.000000,18.000000,12.000000,6,1.00,NAND2_X1,0.586207,12.000000,255,2368
2370,NODE,n2370,2,n113,n1333,6,4.000000,4.000000,0.000000,4,1.00,AND2_X1,1.000000,0.000000,113,1333
2371,NODE,n2371,2,n2152,n2370,1,5.000000,17.000000,12.000000,5,1.00,AND2_X1,0.586207,12.000000,2152,2370
2372,NODE,n2372,2,pi05,n2371,2,6.000000,18.000000,12.000000,6,1.00,NAND2_X1,0.586207,12.000000,6,2371
2373,NODE,n2373,2,n2369,n2372,1,7.000000,19.000000,12.000000,7,1.00,NAND2_X1,0.586207,12.000000,2369,2372
2374,NODE,n2374,2,n78,n2373,1,8.000000,20.000000,12.000000,8,1.00,NAND2_X1,0.586207,12.000000,78,2373
2375,NODE,n2375,2,pi03,n2370,1,5.000000,16.000000,11.000000,5,1.00,NAND2_X1,0.620690,11.000000,4,2370
2376,NODE,n2376,1,n1210,,1,3.000000,15.000000,12.000000,3,1.00,INV_X1,0.586207,12.000000,1210,-1
2377,NODE,n2377,2,n209,n2376,1,6.000000,16.000000,10.000000,6,1.00,NAND2_X1,0.655172,10.000000,209,2376
2378,NODE,n2378,2,n2375,n2377,1,7.000000,17.000000,10.000000,7,1.00,NAND2_X1,0.655172,10.000000,2375,2377
2379,NODE,n2379,2,n1744,n2378,1,8.000000,18.000000,10.000000,8,1.00,NAND2_X1,0.655172,10.000000,1744,2378
2380,NODE,n2380,2,n2372,n2379,1,9.000000,19.000000,10.000000,9,1.00,NAND2_X1,0.655172,10.000000,2372,2379
2381,NODE,n2381,2,pi00,n2380,1,10.000000,20.000000,10.000000,10,1.00,NAND2_X1,0.655172,10.000000,1,2380
2382,NODE,n2382,2,n2374,n2381,1,11.000000,21.000000,10.000000,11,1.00,NAND2_X1,0.655172,10.000000,2374,2381
2383,NODE,n2383,2,n1403,n2382,1,12.000000,22.000000,10.000000,12,1.00,NAND2_X1,0.655172,10.000000,1403,2382
2384,NODE,n2384,2,pi01,n34,2,2.000000,8.000000,6.000000,2,1.00,NAND2_X1,0.793103,6.000000,2,34
2385,NODE,n2385,1,n2384,,4,3.000000,9.000000,6.000000,3,1.00,INV_X1,0.793103,6.000000,2384,-1
2386,NODE,n2386,2,n1448,n2385,1,4.000000,14.000000,10.000000,4,1.00,AND2_X1,0.655172,10.000000,1448,2385
2387,NODE,n2387,2,n255,n2386,1,6.000000,15.000000,9.000000,6,1.00,NAND2_X1,0.689655,9.000000,255,2386
2388,NODE,n2388,2,n1744,n2370,1,5.000000,15.000000,10.000000,5,1.00,NAND2_X1,0.655172,10.000000,1744,2370
2389,NODE,n2389,2,n2387,n2388,1,7.000000,16.000000,9.000000,7,1.00,NAND2_X1,0.689655,9.000000,2387,2388
2390,NODE,n2390,2,n1275,n2389,1,8.000000,17.000000,9.000000,8,1.00,NAND2_X1,0.689655,9.000000,1275,2389
2391,NODE,n2391,2,n44,pi15,2,2.000000,4.000000,2.000000,2,1.00,NAND2_X1,0.931035,2.000000,44,16
2392,NODE,n2392,1,n2391,,6,3.000000,7.000000,4.000000,3,1.00,INV_X1,0.862069,4.000000,2391,-1
2393,NODE,n2393,2,n45,n2392,4,4.000000,8.000000,4.000000,4,1.00,AND2_X1,0.862069,4.000000,45,2392
2394,NODE,n2394,2,pi10,n2393,1,5.000000,9.000000,4.000000,5,1.00,AND2_X1,0.862069,4.000000,11,2393
2395,NODE,n2395,2,n178,n2394,1,6.000000,10.000000,4.000000,6,1.00,NAND2_X1,0.862069,4.000000,178,2394
2396,NODE,n2396,2,n1395,n2395,1,7.000000,11.000000,4.000000,7,1.00,NAND2_X1,0.862069,4.000000,1395,2395
2397,NODE,n2397,2,n35,n2396,1,8.000000,12.000000,4.000000,8,1.00,AND2_X1,0.862069,4.000000,35,2396
2398,NODE,n2398,2,n90,n2397,1,9.000000,13.000000,4.000000,9,1.00,AND2_X1,0.862069,4.000000,90,2397
2399,NODE,n2399,2,n138,n2398,1,10.000000,14.000000,4.000000,10,1.00,NAND2_X1,0.862069,4.000000,138,2398
2400,NODE,n2400,2,n456,n2152,1,6.000000,13.000000,7.000000,6,1.00,AND2_X1,0.758621,7.000000,456,2152
2401,NODE,n2401,2,n952,n2400,1,7.000000,14.000000,7.000000,7,1.00,NAND2_X1,0.758621,7.000000,952,2400
2402,NODE,n2402,2,n2399,n2401,1,11.000000,15.000000,4.000000,11,1.00,NAND2_X1,0.862069,4.000000,2399,2401
2403,NODE,n2403,2,pi05,n2402,1,12.000000,16.000000,4.000000,12,1.00,NAND2_X1,0.862069,4.000000,6,2402
2404,NODE,n2404,2,pi01,n794,1,6.000000,7.000000,1.000000,6,1.00,NAND2_X1,0.965517,1.000000,2,794
2405,NODE,n2405,2,n483,n1447,1,3.000000,5.000000,2.000000,3,1.00,NAND2_X1,0.931035,2.000000,483,1447
2406,NODE,n2406,2,pi15,n2405,1,4.000000,6.000000,2.000000,4,1.00,AND2_X1,0.931035,2.000000,16,2405
2407,NODE,n2407,2,n138,n2406,1,5.000000,7.000000,2.000000,5,1.00,NAND2_X1,0.931035,2.000000,138,2406
2408,NODE,n2408,2,n2404,n2407,1,7.000000,8.000000,1.000000,7,1.00,NAND2_X1,0.965517,1.000000,2404,2407
2409,NODE,n2409,2,pi03,n2408,1,8.000000,9.000000,1.000000,8,1.00,NAND2_X1,0.965517,1.000000,4,2408
2410,NODE,n2410,2,n90,n788,2,4.000000,4.000000,0.000000,4,1.00,NAND2_X1,1.000000,0.000000,90,788
2411,NODE,n2411,2,n2409,n2410,1,9.000000,10.000000,1.000000,9,1.00,NAND2_X1,0.965517,1.000000,2409,2410
2412,NODE,n2412,2,n44,n2411,1,10.000000,11.000000,1.000000,10,1.00,AND2_X1,0.965517,1.000000,44,2411
2413,NODE,n2413,2,pi13,n2412,1,11.000000,12.000000,1.000000,11,1.00,AND2_X1,0.965517,1.000000,14,2412
2414,NODE,n2414,2,pi12,n2413,1,12.000000,13.000000,1.000000,12,1.00,AND2_X1,0.965517,1.000000,13,2413
2415,NODE,n2415,2,pi11,n2414,1,13.000000,14.000000,1.000000,13,1.00,AND2_X1,0.965517,1.000000,12,2414
2416,NODE,n2416,2,pi10,n2415,1,14.000000,15.000000,1.000000,14,1.00,AND2_X1,0.965517,1.000000,11,2415
2417,NODE,n2417,2,n34,n2416,1,15.000000,16.000000,1.000000,15,1.00,NAND2_X1,0.965517,1.000000,34,2416
2418,NODE,n2418,2,n2403,n2417,1,16.000000,17.000000,1.000000,16,1.00,AND2_X1,0.965517,1.000000,2403,2417
2419,NODE,n2419,2,n2390,n2418,1,17.000000,18.000000,1.000000,17,1.00,NAND2_X1,0.965517,1.000000,2390,2418
2420,NODE,n2420,2,n154,n2419,1,18.000000,19.000000,1.000000,18,1.00,NAND2_X1,0.965517,1.000000,154,2419
2421,NODE,n2421,2,pi05,n91,1,3.000000,6.000000,3.000000,3,1.00,AND2_X1,0.896552,3.000000,6,91
2422,NODE,n2422,2,n42,n2421,1,4.000000,7.000000,3.000000,4,1.00,NAND2_X1,0.896552,3.000000,42,2421
2423,NODE,n2423,2,n71,n2422,1,6.000000,8.000000,2.000000,6,1.00,NAND2_X1,0.931035,2.000000,71,2422
2424,NODE,n2424,2,pi03,n2423,1,7.000000,9.000000,2.000000,7,1.00,NAND2_X1,0.931035,2.000000,4,2423
2425,NODE,n2425,1,n1603,,2,3.000000,7.000000,4.000000,3,1.00,INV_X1,0.862069,4.000000,1603,-1
2426,NODE,n2426,2,n90,n2425,1,4.000000,8.000000,4.000000,4,1.00,AND2_X1,0.862069,4.000000,90,2425
2427,NODE,n2427,2,n113,n2426,1,5.000000,9.000000,4.000000,5,1.00,NAND2_X1,0.862069,4.000000,113,2426
2428,NODE,n2428,2,n2424,n2427,1,8.000000,10.000000,2.000000,8,1.00,NAND2_X1,0.931035,2.000000,2424,2427
2429,NODE,n2429,2,n35,n2428,1,9.000000,11.000000,2.000000,9,1.00,NAND2_X1,0.931035,2.000000,35,2428
2430,NODE,n2430,2,n348,n1460,1,5.000000,11.000000,6.000000,5,1.00,NAND2_X1,0.793103,6.000000,348,1460
2431,NODE,n2431,2,n2429,n2430,1,10.000000,12.000000,2.000000,10,1.00,NAND2_X1,0.931035,2.000000,2429,2430
2432,NODE,n2432,2,n62,n2431,1,11.000000,13.000000,2.000000,11,1.00,NAND2_X1,0.931035,2.000000,62,2431
2433,NODE,n2433,2,n46,n345,1,3.000000,11.000000,8.000000,3,1.00,AND2_X1,0.724138,8.000000,46,345
2434,NODE,n2434,2,n130,n2433,1,4.000000,12.000000,8.000000,4,1.00,AND2_X1,0.724138,8.000000,130,2433
2435,NODE,n2435,2,n484,n2434,1,5.000000,13.000000,8.000000,5,1.00,NAND2_X1,0.724138,8.000000,484,2434
2436,NODE,n2436,2,n2432,n2435,1,12.000000,14.000000,2.000000,12,1.00,NAND2_X1,0.931035,2.000000,2432,2435
2437,NODE,n2437,2,n138,n2436,1,13.000000,15.000000,2.000000,13,1.00,NAND2_X1,0.931035,2.000000,138,2436
2438,NODE,n2438,1,n1793,,6,3.000000,6.000000,3.000000,3,1.00,INV_X1,0.896552,3.000000,1793,-1
2439,NODE,n2439,2,n370,n2438,1,4.000000,7.000000,3.000000,4,1.00,NAND2_X1,0.896552,3.000000,370,2438
2440,NODE,n2440,2,n243,n373,1,4.000000,7.000000,3.000000,4,1.00,NAND2_X1,0.896552,3.000000,243,373
2441,NODE,n2441,2,n2439,n2440,1,5.000000,8.000000,3.000000,5,1.00,NAND2_X1,0.896552,3.000000,2439,2440
2442,NODE,n2442,2,pi03,n2441,1,6.000000,9.000000,3.000000,6,1.00,NAND2_X1,0.896552,3.000000,4,2441
2443,NODE,n2443,2,pi10,n919,1,3.000000,7.000000,4.000000,3,1.00,AND2_X1,0.862069,4.000000,11,919
2444,NODE,n2444,2,n34,n2443,1,4.000000,8.000000,4.000000,4,1.00,AND2_X1,0.862069,4.000000,34,2443
2445,NODE,n2445,2,n90,n2444,1,5.000000,9.000000,4.000000,5,1.00,NAND2_X1,0.862069,4.000000,90,2444
2446,NODE,n2446,2,n2442,n2445,1,7.000000,10.000000,3.000000,7,1.00,NAND2_X1,0.896552,3.000000,2442,2445
2447,NODE,n2447,2,n44,n2446,1,8.000000,11.000000,3.000000,8,1.00,AND2_X1,0.896552,3.000000,44,2446
2448,NODE,n2448,2,pi13,n2447,1,9.000000,12.000000,3.000000,9,1.00,AND2_X1,0.896552,3.000000,14,2447
2449,NODE,n2449,2,pi12,n2448,1,10.000000,13.000000,3.000000,10,1.00,AND2_X1,0.896552,3.000000,13,2448
2450,NODE,n2450,2,pi11,n2449,1,11.000000,14.000000,3.000000,11,1.00,AND2_X1,0.896552,3.000000,12,2449
2451,NODE,n2451,2,pi01,n2450,1,12.000000,15.000000,3.000000,12,1.00,NAND2_X1,0.896552,3.000000,2,2450
2452,NODE,n2452,2,n2437,n2451,1,14.000000,16.000000,2.000000,14,1.00,NAND2_X1,0.931035,2.000000,2437,2451
2453,NODE,n2453,2,pi15,n2452,1,15.000000,17.000000,2.000000,15,1.00,NAND2_X1,0.931035,2.000000,16,2452
2454,NODE,n2454,2,n34,n484,1,3.000000,15.000000,12.000000,3,1.00,AND2_X1,0.586207,12.000000,34,484
2455,NODE,n2455,2,n189,n2454,1,4.000000,16.000000,12.000000,4,1.00,AND2_X1,0.586207,12.000000,189,2454
2456,NODE,n2456,2,n925,n2455,1,5.000000,17.000000,12.000000,5,1.00,NAND2_X1,0.586207,12.000000,925,2455
2457,NODE,n2457,2,n2453,n2456,1,16.000000,18.000000,2.000000,16,1.00,NAND2_X1,0.931035,2.000000,2453,2456
2458,NODE,n2458,2,pi02,n2457,1,17.000000,19.000000,2.000000,17,1.00,NAND2_X1,0.931035,2.000000,3,2457
2459,NODE,n2459,2,n2420,n2458,1,19.000000,20.000000,1.000000,19,1.00,NAND2_X1,0.965517,1.000000,2420,2458
2460,NODE,n2460,2,n78,n2459,1,20.000000,21.000000,1.000000,20,1.00,NAND2_X1,0.965517,1.000000,78,2459
2461,NODE,n2461,2,n176,n1700,2,3.000000,7.000000,4.000000,3,1.00,NAND2_X1,0.862069,4.000000,176,1700
2462,NODE,n2462,2,pi03,pi08,3,1.000000,4.000000,3.000000,1,1.00,NAND2_X1,0.896552,3.000000,4,9
2463,NODE,n2463,2,n2461,n2462,1,4.000000,8.000000,4.000000,4,1.00,AND2_X1,0.862069,4.000000,2461,2462
2464,NODE,n2464,2,n62,n2463,1,5.000000,9.000000,4.000000,5,1.00,NAND2_X1,0.862069,4.000000,62,2463
2465,NODE,n2465,2,pi01,pi08,1,1.000000,5.000000,4.000000,1,1.00,NAND2_X1,0.862069,4.000000,2,9
2466,NODE,n2466,2,n138,n35,1,2.000000,5.000000,3.000000,2,1.00,NAND2_X1,0.896552,3.000000,138,35
2467,NODE,n2467,2,n2465,n2466,1,3.000000,6.000000,3.000000,3,1.00,NAND2_X1,0.896552,3.000000,2465,2466
2468,NODE,n2468,2,pi09,n2467,1,4.000000,7.000000,3.000000,4,1.00,AND2_X1,0.896552,3.000000,10,2467
2469,NODE,n2469,2,n90,n2468,1,5.000000,8.000000,3.000000,5,1.00,AND2_X1,0.896552,3.000000,90,2468
2470,NODE,n2470,2,pi02,n2469,1,6.000000,9.000000,3.000000,6,1.00,NAND2_X1,0.896552,3.000000,3,2469
2471,NODE,n2471,2,n2464,n2470,1,7.000000,10.000000,3.000000,7,1.00,NAND2_X1,0.896552,3.000000,2464,2470
2472,NODE,n2472,2,pi15,n2471,1,8.000000,11.000000,3.000000,8,1.00,NAND2_X1,0.896552,3.000000,16,2471
2473,NODE,n2473,1,n793,,2,5.000000,10.000000,5.000000,5,1.00,INV_X1,0.827586,5.000000,793,-1
2474,NODE,n2474,2,pi01,n755,2,4.000000,10.000000,6.000000,4,1.00,AND2_X1,0.793103,6.000000,2,755
2475,NODE,n2475,2,n2473,n2474,1,6.000000,11.000000,5.000000,6,1.00,NAND2_X1,0.827586,5.000000,2473,2474
2476,NODE,n2476,2,n2472,n2475,1,9.000000,12.000000,3.000000,9,1.00,NAND2_X1,0.896552,3.000000,2472,2475
2477,NODE,n2477,2,n34,n2476,1,10.000000,13.000000,3.000000,10,1.00,NAND2_X1,0.896552,3.000000,34,2476
2478,NODE,n2478,2,n34,n788,1,4.000000,9.000000,5.000000,4,1.00,NAND2_X1,0.827586,5.000000,34,788
2479,NODE,n2479,2,n243,n792,1,4.000000,9.000000,5.000000,4,1.00,NAND2_X1,0.827586,5.000000,243,792
2480,NODE,n2480,2,n2478,n2479,1,5.000000,10.000000,5.000000,5,1.00,NAND2_X1,0.827586,5.000000,2478,2479
2481,NODE,n2481,2,n90,n2480,1,6.000000,11.000000,5.000000,6,1.00,NAND2_X1,0.827586,5.000000,90,2480
2482,NODE,n2482,1,n789,,1,5.000000,10.000000,5.000000,5,1.00,INV_X1,0.827586,5.000000,789,-1
2483,NODE,n2483,2,n338,n2482,1,6.000000,11.000000,5.000000,6,1.00,NAND2_X1,0.827586,5.000000,338,2482
2484,NODE,n2484,2,n2481,n2483,1,7.000000,12.000000,5.000000,7,1.00,NAND2_X1,0.827586,5.000000,2481,2483
2485,NODE,n2485,2,n639,n2484,1,8.000000,13.000000,5.000000,8,1.00,NAND2_X1,0.827586,5.000000,639,2484
2486,NODE,n2486,2,n2477,n2485,1,11.000000,14.000000,3.000000,11,1.00,NAND2_X1,0.896552,3.000000,2477,2485
2487,NODE,n2487,2,pi10,n2486,1,12.000000,15.000000,3.000000,12,1.00,NAND2_X1,0.896552,3.000000,11,2486
2488,NODE,n2488,2,pi05,n1261,1,5.000000,14.000000,9.000000,5,1.00,AND2_X1,0.689655,9.000000,6,1261
2489,NODE,n2489,2,pi03,n2488,1,6.000000,15.000000,9.000000,6,1.00,NAND2_X1,0.689655,9.000000,4,2488
2490,NODE,n2490,2,n2487,n2489,1,13.000000,16.000000,3.000000,13,1.00,NAND2_X1,0.896552,3.000000,2487,2489
2491,NODE,n2491,2,n44,n2490,1,14.000000,17.000000,3.000000,14,1.00,AND2_X1,0.896552,3.000000,44,2490
2492,NODE,n2492,2,pi13,n2491,1,15.000000,18.000000,3.000000,15,1.00,AND2_X1,0.896552,3.000000,14,2491
2493,NODE,n2493,2,pi12,n2492,1,16.000000,19.000000,3.000000,16,1.00,AND2_X1,0.896552,3.000000,13,2492
2494,NODE,n2494,2,pi11,n2493,1,17.000000,20.000000,3.000000,17,1.00,AND2_X1,0.896552,3.000000,12,2493
2495,NODE,n2495,2,pi00,n2494,1,18.000000,21.000000,3.000000,18,1.00,NAND2_X1,0.896552,3.000000,1,2494
2496,NODE,n2496,2,n2460,n2495,1,21.000000,22.000000,1.000000,21,1.00,AND2_X1,0.965517,1.000000,2460,2495
2497,NODE,n2497,2,n2383,n2496,1,22.000000,23.000000,1.000000,22,1.00,NAND2_X1,0.965517,1.000000,2383,2496
2498,NODE,n2498,2,n61,n2497,1,23.000000,24.000000,1.000000,23,1.00,NAND2_X1,0.965517,1.000000,61,2497
2499,NODE,n2499,2,pi09,n1905,1,4.000000,11.000000,7.000000,4,1.00,AND2_X1,0.758621,7.000000,10,1905
2500,NODE,n2500,2,n35,n2499,1,5.000000,12.000000,7.000000,5,1.00,AND2_X1,0.758621,7.000000,35,2499
2501,NODE,n2501,2,pi05,n2500,1,6.000000,13.000000,7.000000,6,1.00,AND2_X1,0.758621,7.000000,6,2500
2502,NODE,n2502,2,n154,n2501,1,7.000000,14.000000,7.000000,7,1.00,NAND2_X1,0.758621,7.000000,154,2501
2503,NODE,n2503,2,pi08,n797,2,4.000000,8.000000,4.000000,4,1.00,NAND2_X1,0.862069,4.000000,9,797
2504,NODE,n2504,1,n2503,,6,5.000000,9.000000,4.000000,5,1.00,INV_X1,0.862069,4.000000,2503,-1
2505,NODE,n2505,2,n2356,n2504,1,6.000000,14.000000,8.000000,6,1.00,NAND2_X1,0.724138,8.000000,2356,2504
2506,NODE,n2506,2,n2502,n2505,1,8.000000,15.000000,7.000000,8,1.00,AND2_X1,0.758621,7.000000,2502,2505
2507,NODE,n2507,2,pi00,n1654,1,4.000000,8.000000,4.000000,4,1.00,NAND2_X1,0.862069,4.000000,1,1654
2508,NODE,n2508,2,n1777,n2507,1,5.000000,9.000000,4.000000,5,1.00,NAND2_X1,0.862069,4.000000,1777,2507
2509,NODE,n2509,2,n90,n2508,1,6.000000,10.000000,4.000000,6,1.00,NAND2_X1,0.862069,4.000000,90,2508
2510,NODE,n2510,2,n338,n487,1,4.000000,10.000000,6.000000,4,1.00,NAND2_X1,0.793103,6.000000,338,487
2511,NODE,n2511,2,n2509,n2510,1,7.000000,11.000000,4.000000,7,1.00,NAND2_X1,0.862069,4.000000,2509,2510
2512,NODE,n2512,2,pi15,n2511,1,8.000000,12.000000,4.000000,8,1.00,NAND2_X1,0.862069,4.000000,16,2511
2513,NODE,n2513,2,pi03,n1291,2,4.000000,10.000000,6.000000,4,1.00,NAND2_X1,0.793103,6.000000,4,1291
2514,NODE,n2514,1,n2513,,1,5.000000,11.000000,6.000000,5,1.00,INV_X1,0.793103,6.000000,2513,-1
2515,NODE,n2515,2,n404,n2514,1,6.000000,12.000000,6.000000,6,1.00,NAND2_X1,0.793103,6.000000,404,2514
2516,NODE,n2516,2,n2512,n2515,1,9.000000,13.000000,4.000000,9,1.00,NAND2_X1,0.862069,4.000000,2512,2515
2517,NODE,n2517,2,pi09,n2516,1,10.000000,14.000000,4.000000,10,1.00,AND2_X1,0.862069,4.000000,10,2516
2518,NODE,n2518,2,pi08,n2517,1,11.000000,15.000000,4.000000,11,1.00,NAND2_X1,0.862069,4.000000,9,2517
2519,NODE,n2519,2,n2506,n2518,1,12.000000,16.000000,4.000000,12,1.00,NAND2_X1,0.862069,4.000000,2506,2518
2520,NODE,n2520,2,pi01,n2519,1,13.000000,17.000000,4.000000,13,1.00,NAND2_X1,0.862069,4.000000,2,2519
2521,NODE,n2521,2,n790,n1847,1,4.000000,10.000000,6.000000,4,1.00,AND2_X1,0.793103,6.000000,790,1847
2522,NODE,n2522,2,n90,n2521,1,5.000000,11.000000,6.000000,5,1.00,AND2_X1,0.793103,6.000000,90,2521
2523,NODE,n2523,2,n78,n2522,1,6.000000,12.000000,6.000000,6,1.00,NAND2_X1,0.793103,6.000000,78,2522
2524,NODE,n2524,2,pi03,n1175,2,4.000000,9.000000,5.000000,4,1.00,NAND2_X1,0.827586,5.000000,4,1175
2525,NODE,n2525,1,n2524,,1,5.000000,11.000000,6.000000,5,1.00,INV_X1,0.793103,6.000000,2524,-1
2526,NODE,n2526,2,n1046,n2525,1,6.000000,12.000000,6.000000,6,1.00,NAND2_X1,0.793103,6.000000,1046,2525
2527,NODE,n2527,2,n2523,n2526,1,7.000000,13.000000,6.000000,7,1.00,NAND2_X1,0.793103,6.000000,2523,2526
2528,NODE,n2528,2,pi05,n2527,1,8.000000,14.000000,6.000000,8,1.00,NAND2_X1,0.793103,6.000000,6,2527
2529,NODE,n2529,2,pi02,n1905,3,4.000000,5.000000,1.000000,4,1.00,NAND2_X1,0.965517,1.000000,3,1905
2530,NODE,n2530,1,n2529,,1,5.000000,10.000000,5.000000,5,1.00,INV_X1,0.827586,5.000000,2529,-1
2531,NODE,n2531,2,pi00,n2530,1,6.000000,11.000000,5.000000,6,1.00,NAND2_X1,0.827586,5.000000,1,2530
2532,NODE,n2532,2,n154,n1275,1,4.000000,10.000000,6.000000,4,1.00,AND2_X1,0.793103,6.000000,154,1275
2533,NODE,n2533,2,n78,n2532,1,5.000000,11.000000,6.000000,5,1.00,NAND2_X1,0.793103,6.000000,78,2532
2534,NODE,n2534,2,n2531,n2533,1,7.000000,12.000000,5.000000,7,1.00,NAND2_X1,0.827586,5.000000,2531,2533
2535,NODE,n2535,2,pi08,n2534,1,8.000000,13.000000,5.000000,8,1.00,AND2_X1,0.827586,5.000000,9,2534
2536,NODE,n2536,2,n34,n2535,1,9.000000,14.000000,5.000000,9,1.00,NAND2_X1,0.827586,5.000000,34,2535
2537,NODE,n2537,2,n2528,n2536,1,10.000000,15.000000,5.000000,10,1.00,NAND2_X1,0.827586,5.000000,2528,2536
2538,NODE,n2538,2,pi09,n2537,1,11.000000,16.000000,5.000000,11,1.00,AND2_X1,0.827586,5.000000,10,2537
2539,NODE,n2539,2,n138,n2538,1,12.000000,17.000000,5.000000,12,1.00,NAND2_X1,0.827586,5.000000,138,2538
2540,NODE,n2540,2,n2520,n2539,1,14.000000,18.000000,4.000000,14,1.00,NAND2_X1,0.862069,4.000000,2520,2539
2541,NODE,n2541,2,n44,n2540,1,15.000000,19.000000,4.000000,15,1.00,AND2_X1,0.862069,4.000000,44,2540
2542,NODE,n2542,2,pi13,n2541,1,16.000000,20.000000,4.000000,16,1.00,AND2_X1,0.862069,4.000000,14,2541
2543,NODE,n2543,2,pi12,n2542,1,17.000000,21.000000,4.000000,17,1.00,AND2_X1,0.862069,4.000000,13,2542
2544,NODE,n2544,2,pi11,n2543,1,18.000000,22.000000,4.000000,18,1.00,AND2_X1,0.862069,4.000000,12,2543
2545,NODE,n2545,2,pi10,n2544,1,19.000000,23.000000,4.000000,19,1.00,AND2_X1,0.862069,4.000000,11,2544
2546,NODE,n2546,2,pi07,n2545,1,20.000000,24.000000,4.000000,20,1.00,NAND2_X1,0.862069,4.000000,8,2545
2547,NODE,n2547,2,n2498,n2546,1,24.000000,25.000000,1.000000,24,1.00,AND2_X1,0.965517,1.000000,2498,2546
2548,NODE,n2548,2,n2367,n2547,1,25.000000,26.000000,1.000000,25,1.00,NAND2_X1,0.965517,1.000000,2367,2547
2549,NODE,n2549,2,pi04,n2548,1,26.000000,27.000000,1.000000,26,1.00,NAND2_X1,0.965517,1.000000,5,2548
2550,NODE,n2550,2,n338,n978,1,4.000000,14.000000,10.000000,4,1.00,NAND2_X1,0.655172,10.000000,338,978
2551,NODE,n2551,2,n333,n981,1,4.000000,14.000000,10.000000,4,1.00,NAND2_X1,0.655172,10.000000,333,981
2552,NODE,n2552,2,n2550,n2551,2,5.000000,15.000000,10.000000,5,1.00,AND2_X1,0.655172,10.000000,2550,2551
2553,NODE,n2553,2,n981,n1975,1,4.000000,14.000000,10.000000,4,1.00,AND2_X1,0.655172,10.000000,981,1975
2554,NODE,n2554,2,n138,n2553,1,5.000000,15.000000,10.000000,5,1.00,NAND2_X1,0.655172,10.000000,138,2553
2555,NODE,n2555,2,n2552,n2554,1,6.000000,16.000000,10.000000,6,1.00,NAND2_X1,0.655172,10.000000,2552,2554
2556,NODE,n2556,2,n44,n2555,1,7.000000,17.000000,10.000000,7,1.00,AND2_X1,0.655172,10.000000,44,2555
2557,NODE,n2557,2,pi13,n2556,1,8.000000,18.000000,10.000000,8,1.00,AND2_X1,0.655172,10.000000,14,2556
2558,NODE,n2558,2,pi12,n2557,1,9.000000,19.000000,10.000000,9,1.00,AND2_X1,0.655172,10.000000,13,2557
2559,NODE,n2559,2,pi11,n2558,1,10.000000,20.000000,10.000000,10,1.00,AND2_X1,0.655172,10.000000,12,2558
2560,NODE,n2560,2,pi10,n2559,1,11.000000,21.000000,10.000000,11,1.00,NAND2_X1,0.655172,10.000000,11,2559
2561,NODE,n2561,1,n1903,,5,2.000000,7.000000,5.000000,2,1.00,INV_X1,0.827586,5.000000,1903,-1
2562,NODE,n2562,2,n138,n2561,1,3.000000,8.000000,5.000000,3,1.00,NAND2_X1,0.827586,5.000000,138,2561
2563,NODE,n2563,2,n1902,n2562,1,5.000000,9.000000,4.000000,5,1.00,NAND2_X1,0.862069,4.000000,1902,2562
2564,NODE,n2564,2,pi05,n2563,1,6.000000,10.000000,4.000000,6,1.00,NAND2_X1,0.862069,4.000000,6,2563
2565,NODE,n2565,2,n189,n1291,1,4.000000,10.000000,6.000000,4,1.00,NAND2_X1,0.793103,6.000000,189,1291
2566,NODE,n2566,2,n2564,n2565,1,7.000000,11.000000,4.000000,7,1.00,NAND2_X1,0.862069,4.000000,2564,2565
2567,NODE,n2567,2,n78,n2566,1,8.000000,12.000000,4.000000,8,1.00,NAND2_X1,0.862069,4.000000,78,2566
2568,NODE,n2568,2,pi01,pi15,3,1.000000,8.000000,7.000000,1,1.00,NAND2_X1,0.758621,7.000000,2,16
2569,NODE,n2569,2,n34,n2568,1,2.000000,10.000000,8.000000,2,1.00,AND2_X1,0.724138,8.000000,34,2568
2570,NODE,n2570,2,pi03,n2569,1,3.000000,11.000000,8.000000,3,1.00,AND2_X1,0.724138,8.000000,4,2569
2571,NODE,n2571,2,pi00,n2570,1,4.000000,12.000000,8.000000,4,1.00,NAND2_X1,0.724138,8.000000,1,2570
2572,NODE,n2572,2,n2567,n2571,1,9.000000,13.000000,4.000000,9,1.00,NAND2_X1,0.862069,4.000000,2567,2571
2573,NODE,n2573,2,pi02,n2572,1,10.000000,14.000000,4.000000,10,1.00,NAND2_X1,0.862069,4.000000,3,2572
2574,NODE,n2574,2,n78,n2385,1,4.000000,10.000000,6.000000,4,1.00,NAND2_X1,0.793103,6.000000,78,2385
2575,NODE,n2575,2,n1323,n2574,1,5.000000,11.000000,6.000000,5,1.00,NAND2_X1,0.793103,6.000000,1323,2574
2576,NODE,n2576,2,n90,n2575,1,6.000000,12.000000,6.000000,6,1.00,NAND2_X1,0.793103,6.000000,90,2575
2577,NODE,n2577,2,pi03,n1555,1,4.000000,11.000000,7.000000,4,1.00,AND2_X1,0.758621,7.000000,4,1555
2578,NODE,n2578,2,n614,n2577,1,5.000000,12.000000,7.000000,5,1.00,NAND2_X1,0.758621,7.000000,614,2577
2579,NODE,n2579,2,n2576,n2578,1,7.000000,13.000000,6.000000,7,1.00,NAND2_X1,0.793103,6.000000,2576,2578
2580,NODE,n2580,2,n154,n2579,1,8.000000,14.000000,6.000000,8,1.00,NAND2_X1,0.793103,6.000000,154,2579
2581,NODE,n2581,2,n2573,n2580,1,11.000000,15.000000,4.000000,11,1.00,NAND2_X1,0.862069,4.000000,2573,2580
2582,NODE,n2582,2,pi14,n2581,1,12.000000,16.000000,4.000000,12,1.00,AND2_X1,0.862069,4.000000,15,2581
2583,NODE,n2583,2,n40,n2582,1,13.000000,17.000000,4.000000,13,1.00,AND2_X1,0.862069,4.000000,40,2582
2584,NODE,n2584,2,n39,n2583,1,14.000000,18.000000,4.000000,14,1.00,AND2_X1,0.862069,4.000000,39,2583
2585,NODE,n2585,2,n36,n2584,1,15.000000,19.000000,4.000000,15,1.00,AND2_X1,0.862069,4.000000,36,2584
2586,NODE,n2586,2,n33,n2585,1,16.000000,20.000000,4.000000,16,1.00,AND2_X1,0.862069,4.000000,33,2585
2587,NODE,n2587,2,n61,n2586,1,17.000000,21.000000,4.000000,17,1.00,NAND2_X1,0.862069,4.000000,61,2586
2588,NODE,n2588,2,n2560,n2587,1,18.000000,22.000000,4.000000,18,1.00,NAND2_X1,0.862069,4.000000,2560,2587
2589,NODE,n2589,2,n35,n2588,1,19.000000,23.000000,4.000000,19,1.00,NAND2_X1,0.862069,4.000000,35,2588
2590,NODE,n2590,2,n345,n1926,1,5.000000,15.000000,10.000000,5,1.00,AND2_X1,0.655172,10.000000,345,1926
2591,NODE,n2591,2,n981,n2590,1,6.000000,16.000000,10.000000,6,1.00,NAND2_X1,0.655172,10.000000,981,2590
2592,NODE,n2592,2,n2552,n2591,1,7.000000,17.000000,10.000000,7,1.00,NAND2_X1,0.655172,10.000000,2552,2591
2593,NODE,n2593,2,n44,n2592,1,8.000000,18.000000,10.000000,8,1.00,AND2_X1,0.655172,10.000000,44,2592
2594,NODE,n2594,2,pi13,n2593,1,9.000000,19.000000,10.000000,9,1.00,AND2_X1,0.655172,10.000000,14,2593
2595,NODE,n2595,2,pi12,n2594,1,10.000000,20.000000,10.000000,10,1.00,AND2_X1,0.655172,10.000000,13,2594
2596,NODE,n2596,2,pi11,n2595,1,11.000000,21.000000,10.000000,11,1.00,AND2_X1,0.655172,10.000000,12,2595
2597,NODE,n2597,2,pi10,n2596,1,12.000000,22.000000,10.000000,12,1.00,AND2_X1,0.655172,10.000000,11,2596
2598,NODE,n2598,2,pi08,n2597,1,13.000000,23.000000,10.000000,13,1.00,NAND2_X1,0.655172,10.000000,9,2597
2599,NODE,n2599,2,n2589,n2598,1,20.000000,24.000000,4.000000,20,1.00,NAND2_X1,0.862069,4.000000,2589,2598
2600,NODE,n2600,2,n62,n2599,1,21.000000,25.000000,4.000000,21,1.00,NAND2_X1,0.862069,4.000000,62,2599
2601,NODE,n2601,2,pi15,n2461,1,4.000000,11.000000,7.000000,4,1.00,AND2_X1,0.758621,7.000000,16,2461
2602,NODE,n2602,2,pi03,n2601,1,5.000000,12.000000,7.000000,5,1.00,NAND2_X1,0.758621,7.000000,4,2601
2603,NODE,n2603,2,n790,n1860,1,4.000000,10.000000,6.000000,4,1.00,AND2_X1,0.793103,6.000000,790,1860
2604,NODE,n2604,2,n90,n2603,1,5.000000,11.000000,6.000000,5,1.00,AND2_X1,0.793103,6.000000,90,2603
2605,NODE,n2605,2,n154,n2604,1,6.000000,12.000000,6.000000,6,1.00,NAND2_X1,0.793103,6.000000,154,2604
2606,NODE,n2606,2,n2602,n2605,1,7.000000,13.000000,6.000000,7,1.00,NAND2_X1,0.793103,6.000000,2602,2605
2607,NODE,n2607,2,pi07,n2606,1,8.000000,14.000000,6.000000,8,1.00,NAND2_X1,0.793103,6.000000,8,2606
2608,NODE,n2608,2,pi00,n1905,1,4.000000,9.000000,5.000000,4,1.00,NAND2_X1,0.827586,5.000000,1,1905
2609,NODE,n2609,1,n1904,,4,3.000000,8.000000,5.000000,3,1.00,INV_X1,0.827586,5.000000,1904,-1
2610,NODE,n2610,2,n78,n2609,1,4.000000,9.000000,5.000000,4,1.00,NAND2_X1,0.827586,5.000000,78,2609
2611,NODE,n2611,2,n2608,n2610,2,5.000000,10.000000,5.000000,5,1.00,NAND2_X1,0.827586,5.000000,2608,2610
2612,NODE,n2612,2,pi02,n2611,1,6.000000,11.000000,5.000000,6,1.00,AND2_X1,0.827586,5.000000,3,2611
2613,NODE,n2613,2,pi01,n2612,1,7.000000,12.000000,5.000000,7,1.00,NAND2_X1,0.827586,5.000000,2,2612
2614,NODE,n2614,1,n1273,,4,3.000000,4.000000,1.000000,3,1.00,INV_X1,0.965517,1.000000,1273,-1
2615,NODE,n2615,2,n154,n2614,2,4.000000,5.000000,1.000000,4,1.00,NAND2_X1,0.965517,1.000000,154,2614
2616,NODE,n2616,1,n2615,,1,5.000000,11.000000,6.000000,5,1.00,INV_X1,0.793103,6.000000,2615,-1
2617,NODE,n2617,2,n619,n2616,1,6.000000,12.000000,6.000000,6,1.00,NAND2_X1,0.793103,6.000000,619,2616
2618,NODE,n2618,2,n2613,n2617,1,8.000000,13.000000,5.000000,8,1.00,NAND2_X1,0.827586,5.000000,2613,2617
2619,NODE,n2619,2,n61,n2618,1,9.000000,14.000000,5.000000,9,1.00,NAND2_X1,0.827586,5.000000,61,2618
2620,NODE,n2620,2,n2607,n2619,1,10.000000,15.000000,5.000000,10,1.00,NAND2_X1,0.827586,5.000000,2607,2619
2621,NODE,n2621,2,n35,n2620,1,11.000000,16.000000,5.000000,11,1.00,NAND2_X1,0.827586,5.000000,35,2620
2622,NODE,n2622,2,n487,n1518,1,4.000000,11.000000,7.000000,4,1.00,NAND2_X1,0.758621,7.000000,487,1518
2623,NODE,n2623,2,n1520,n1046,1,4.000000,11.000000,7.000000,4,1.00,NAND2_X1,0.758621,7.000000,1520,1046
2624,NODE,n2624,2,n2622,n2623,1,5.000000,12.000000,7.000000,5,1.00,AND2_X1,0.758621,7.000000,2622,2623
2625,NODE,n2625,1,n1274,,2,3.000000,7.000000,4.000000,3,1.00,INV_X1,0.862069,4.000000,1274,-1
2626,NODE,n2626,2,n154,n2625,2,4.000000,8.000000,4.000000,4,1.00,NAND2_X1,0.862069,4.000000,154,2625
2627,NODE,n2627,2,pi02,n2614,1,4.000000,8.000000,4.000000,4,1.00,NAND2_X1,0.862069,4.000000,3,2614
2628,NODE,n2628,2,n2626,n2627,5,5.000000,9.000000,4.000000,5,1.00,NAND2_X1,0.862069,4.000000,2626,2627
2629,NODE,n2629,2,pi00,n2628,1,6.000000,10.000000,4.000000,6,1.00,NAND2_X1,0.862069,4.000000,1,2628
2630,NODE,n2630,2,n860,n2561,1,4.000000,10.000000,6.000000,4,1.00,NAND2_X1,0.793103,6.000000,860,2561
2631,NODE,n2631,2,n2629,n2630,1,7.000000,11.000000,4.000000,7,1.00,NAND2_X1,0.862069,4.000000,2629,2630
2632,NODE,n2632,2,pi07,n2631,1,8.000000,12.000000,4.000000,8,1.00,NAND2_X1,0.862069,4.000000,8,2631
2633,NODE,n2633,2,n2624,n2632,1,9.000000,13.000000,4.000000,9,1.00,NAND2_X1,0.862069,4.000000,2624,2632
2634,NODE,n2634,2,n138,n2633,1,10.000000,14.000000,4.000000,10,1.00,NAND2_X1,0.862069,4.000000,138,2633
2635,NODE,n2635,2,pi07,n2611,1,6.000000,12.000000,6.000000,6,1.00,AND2_X1,0.793103,6.000000,8,2611
2636,NODE,n2636,2,n154,n2635,1,7.000000,13.000000,6.000000,7,1.00,AND2_X1,0.793103,6.000000,154,2635
2637,NODE,n2637,2,pi01,n2636,1,8.000000,14.000000,6.000000,8,1.00,NAND2_X1,0.793103,6.000000,2,2636
2638,NODE,n2638,2,n2634,n2637,1,11.000000,15.000000,4.000000,11,1.00,NAND2_X1,0.862069,4.000000,2634,2637
2639,NODE,n2639,2,pi08,n2638,1,12.000000,16.000000,4.000000,12,1.00,NAND2_X1,0.862069,4.000000,9,2638
2640,NODE,n2640,2,n2621,n2639,1,13.000000,17.000000,4.000000,13,1.00,NAND2_X1,0.862069,4.000000,2621,2639
2641,NODE,n2641,2,pi05,n2640,1,14.000000,18.000000,4.000000,14,1.00,NAND2_X1,0.862069,4.000000,6,2640
2642,NODE,n2642,2,n138,n1799,1,4.000000,11.000000,7.000000,4,1.00,NAND2_X1,0.758621,7.000000,138,1799
2643,NODE,n2643,2,n1518,n1701,1,4.000000,11.000000,7.000000,4,1.00,NAND2_X1,0.758621,7.000000,1518,1701
2644,NODE,n2644,2,n2642,n2643,1,5.000000,12.000000,7.000000,5,1.00,NAND2_X1,0.758621,7.000000,2642,2643
2645,NODE,n2645,2,n78,n2644,1,6.000000,13.000000,7.000000,6,1.00,NAND2_X1,0.758621,7.000000,78,2644
2646,NODE,n2646,2,pi02,n1520,1,4.000000,12.000000,8.000000,4,1.00,AND2_X1,0.724138,8.000000,3,1520
2647,NODE,n2647,2,n1833,n2646,1,5.000000,13.000000,8.000000,5,1.00,NAND2_X1,0.724138,8.000000,1833,2646
2648,NODE,n2648,2,n2645,n2647,1,7.000000,14.000000,7.000000,7,1.00,AND2_X1,0.758621,7.000000,2645,2647
2649,NODE,n2649,2,pi02,n978,1,4.000000,8.000000,4.000000,4,1.00,NAND2_X1,0.862069,4.000000,3,978
2650,NODE,n2650,2,n154,n981,2,4.000000,6.000000,2.000000,4,1.00,NAND2_X1,0.931035,2.000000,154,981
2651,NODE,n2651,2,n2649,n2650,1,5.000000,9.000000,4.000000,5,1.00,NAND2_X1,0.862069,4.000000,2649,2650
2652,NODE,n2652,2,n138,n2651,1,6.000000,10.000000,4.000000,6,1.00,AND2_X1,0.862069,4.000000,138,2651
2653,NODE,n2653,2,pi00,n2652,1,7.000000,11.000000,4.000000,7,1.00,NAND2_X1,0.862069,4.000000,1,2652
2654,NODE,n2654,2,n977,n980,2,3.000000,7.000000,4.000000,3,1.00,NAND2_X1,0.862069,4.000000,977,980
2655,NODE,n2655,2,pi02,n2654,1,4.000000,9.000000,5.000000,4,1.00,AND2_X1,0.827586,5.000000,3,2654
2656,NODE,n2656,2,pi01,n2655,1,5.000000,10.000000,5.000000,5,1.00,AND2_X1,0.827586,5.000000,2,2655
2657,NODE,n2657,2,n78,n2656,1,6.000000,11.000000,5.000000,6,1.00,NAND2_X1,0.827586,5.000000,78,2656
2658,NODE,n2658,2,n2653,n2657,1,8.000000,12.000000,4.000000,8,1.00,NAND2_X1,0.862069,4.000000,2653,2657
2659,NODE,n2659,2,pi03,n2658,1,9.000000,13.000000,4.000000,9,1.00,NAND2_X1,0.862069,4.000000,4,2658
2660,NODE,n2660,2,n90,n978,3,4.000000,4.000000,0.000000,4,1.00,AND2_X1,1.000000,0.000000,90,978
2661,NODE,n2661,2,n733,n2660,1,5.000000,13.000000,8.000000,5,1.00,NAND2_X1,0.724138,8.000000,733,2660
2662,NODE,n2662,2,n2659,n2661,1,10.000000,14.000000,4.000000,10,1.00,AND2_X1,0.862069,4.000000,2659,2661
2663,NODE,n2663,2,n2648,n2662,1,11.000000,15.000000,4.000000,11,1.00,NAND2_X1,0.862069,4.000000,2648,2662
2664,NODE,n2664,2,pi08,n2663,1,12.000000,16.000000,4.000000,12,1.00,NAND2_X1,0.862069,4.000000,9,2663
2665,NODE,n2665,1,n1519,,1,5.000000,15.000000,10.000000,5,1.00,INV_X1,0.655172,10.000000,1519,-1
2666,NODE,n2666,2,n733,n2665,1,6.000000,16.000000,10.000000,6,1.00,NAND2_X1,0.655172,10.000000,733,2665
2667,NODE,n2667,2,n2664,n2666,1,13.000000,17.000000,4.000000,13,1.00,NAND2_X1,0.862069,4.000000,2664,2666
2668,NODE,n2668,2,n34,n2667,1,14.000000,18.000000,4.000000,14,1.00,NAND2_X1,0.862069,4.000000,34,2667
2669,NODE,n2669,2,n2641,n2668,1,15.000000,19.000000,4.000000,15,1.00,NAND2_X1,0.862069,4.000000,2641,2668
2670,NODE,n2670,2,n44,n2669,1,16.000000,20.000000,4.000000,16,1.00,AND2_X1,0.862069,4.000000,44,2669
2671,NODE,n2671,2,pi13,n2670,1,17.000000,21.000000,4.000000,17,1.00,AND2_X1,0.862069,4.000000,14,2670
2672,NODE,n2672,2,pi12,n2671,1,18.000000,22.000000,4.000000,18,1.00,AND2_X1,0.862069,4.000000,13,2671
2673,NODE,n2673,2,pi11,n2672,1,19.000000,23.000000,4.000000,19,1.00,AND2_X1,0.862069,4.000000,12,2672
2674,NODE,n2674,2,pi10,n2673,1,20.000000,24.000000,4.000000,20,1.00,AND2_X1,0.862069,4.000000,11,2673
2675,NODE,n2675,2,pi09,n2674,1,21.000000,25.000000,4.000000,21,1.00,NAND2_X1,0.862069,4.000000,10,2674
2676,NODE,n2676,2,n2600,n2675,1,22.000000,26.000000,4.000000,22,1.00,NAND2_X1,0.862069,4.000000,2600,2675
2677,NODE,n2677,2,n54,n2676,1,23.000000,27.000000,4.000000,23,1.00,NAND2_X1,0.862069,4.000000,54,2676
2678,NODE,n2678,2,n2549,n2677,1,27.000000,28.000000,1.000000,27,1.00,AND2_X1,0.965517,1.000000,2549,2677
2679,NODE,n2679,2,n2330,n2678,1,28.000000,29.000000,1.000000,28,1.00,AND2_X1,0.965517,1.000000,2330,2678
2680,NODE,n2680,2,n379,n545,1,4.000000,13.000000,9.000000,4,1.00,NAND2_X1,0.689655,9.000000,379,545
2681,NODE,n2681,2,n312,n450,1,4.000000,13.000000,9.000000,4,1.00,NAND2_X1,0.689655,9.000000,312,450
2682,NODE,n2682,2,n2680,n2681,1,5.000000,14.000000,9.000000,5,1.00,NAND2_X1,0.689655,9.000000,2680,2681
2683,NODE,n2683,2,n1919,n2682,1,6.000000,15.000000,9.000000,6,1.00,NAND2_X1,0.689655,9.000000,1919,2682
2684,NODE,n2684,2,n34,n771,2,3.000000,10.000000,7.000000,3,1.00,NAND2_X1,0.758621,7.000000,34,771
2685,NODE,n2685,2,pi05,n1068,1,4.000000,11.000000,7.000000,4,1.00,NAND2_X1,0.758621,7.000000,6,1068
2686,NODE,n2686,2,n2684,n2685,1,5.000000,12.000000,7.000000,5,1.00,NAND2_X1,0.758621,7.000000,2684,2685
2687,NODE,n2687,2,n125,n2686,1,6.000000,13.000000,7.000000,6,1.00,NAND2_X1,0.758621,7.000000,125,2686
2688,NODE,n2688,2,n155,n158,4,3.000000,7.000000,4.000000,3,1.00,NAND2_X1,0.862069,4.000000,155,158
2689,NODE,n2689,2,n770,n1067,4,3.000000,6.000000,3.000000,3,1.00,NAND2_X1,0.896552,3.000000,770,1067
2690,NODE,n2690,2,n2688,n2689,1,4.000000,12.000000,8.000000,4,1.00,AND2_X1,0.724138,8.000000,2688,2689
2691,NODE,n2691,2,pi05,n2690,1,5.000000,13.000000,8.000000,5,1.00,NAND2_X1,0.724138,8.000000,6,2690
2692,NODE,n2692,2,n2687,n2691,1,7.000000,14.000000,7.000000,7,1.00,NAND2_X1,0.758621,7.000000,2687,2691
2693,NODE,n2693,2,n62,n2692,1,8.000000,15.000000,7.000000,8,1.00,NAND2_X1,0.758621,7.000000,62,2692
2694,NODE,n2694,2,n2683,n2693,1,9.000000,16.000000,7.000000,9,1.00,NAND2_X1,0.758621,7.000000,2683,2693
2695,NODE,n2695,2,n35,n2694,1,10.000000,17.000000,7.000000,10,1.00,NAND2_X1,0.758621,7.000000,35,2694
2696,NODE,n2696,2,pi04,pi06,5,1.000000,3.000000,2.000000,1,1.00,AND2_X1,0.931035,2.000000,5,7
2697,NODE,n2697,2,pi03,n2696,1,2.000000,12.000000,10.000000,2,1.00,NAND2_X1,0.655172,10.000000,4,2696
2698,NODE,n2698,2,n90,n435,2,4.000000,12.000000,8.000000,4,1.00,NAND2_X1,0.724138,8.000000,90,435
2699,NODE,n2699,2,n2697,n2698,1,5.000000,13.000000,8.000000,5,1.00,NAND2_X1,0.724138,8.000000,2697,2698
2700,NODE,n2700,2,n1946,n2699,1,6.000000,14.000000,8.000000,6,1.00,NAND2_X1,0.724138,8.000000,1946,2699
2701,NODE,n2701,2,n264,n533,3,3.000000,3.000000,0.000000,3,1.00,NAND2_X1,1.000000,0.000000,264,533
2702,NODE,n2702,2,pi03,n2701,2,4.000000,4.000000,0.000000,4,1.00,NAND2_X1,1.000000,0.000000,4,2701
2703,NODE,n2703,2,n699,n2702,1,5.000000,11.000000,6.000000,5,1.00,NAND2_X1,0.793103,6.000000,699,2702
2704,NODE,n2704,2,n54,n2703,1,6.000000,12.000000,6.000000,6,1.00,NAND2_X1,0.793103,6.000000,54,2703
2705,NODE,n2705,2,n156,n534,2,4.000000,7.000000,3.000000,4,1.00,NAND2_X1,0.896552,3.000000,156,534
2706,NODE,n2706,2,n2704,n2705,1,7.000000,13.000000,6.000000,7,1.00,NAND2_X1,0.793103,6.000000,2704,2705
2707,NODE,n2707,2,pi06,n2706,1,8.000000,14.000000,6.000000,8,1.00,NAND2_X1,0.793103,6.000000,7,2706
2708,NODE,n2708,2,n2700,n2707,1,9.000000,15.000000,6.000000,9,1.00,NAND2_X1,0.793103,6.000000,2700,2707
2709,NODE,n2709,2,n62,n2708,1,10.000000,16.000000,6.000000,10,1.00,AND2_X1,0.793103,6.000000,62,2708
2710,NODE,n2710,2,pi08,n2709,1,11.000000,17.000000,6.000000,11,1.00,NAND2_X1,0.793103,6.000000,9,2709
2711,NODE,n2711,2,n2695,n2710,1,12.000000,18.000000,6.000000,12,1.00,NAND2_X1,0.793103,6.000000,2695,2710
2712,NODE,n2712,2,pi10,n2711,1,13.000000,19.000000,6.000000,13,1.00,NAND2_X1,0.793103,6.000000,11,2711
2713,NODE,n2713,2,n456,n1254,1,6.000000,17.000000,11.000000,6,1.00,AND2_X1,0.620690,11.000000,456,1254
2714,NODE,n2714,2,n61,n2713,1,7.000000,18.000000,11.000000,7,1.00,AND2_X1,0.620690,11.000000,61,2713
2715,NODE,n2715,2,pi06,n2714,1,8.000000,19.000000,11.000000,8,1.00,NAND2_X1,0.620690,11.000000,7,2714
2716,NODE,n2716,2,n2712,n2715,1,14.000000,20.000000,6.000000,14,1.00,NAND2_X1,0.793103,6.000000,2712,2715
2717,NODE,n2717,2,pi15,n2716,1,15.000000,21.000000,6.000000,15,1.00,NAND2_X1,0.793103,6.000000,16,2716
2718,NODE,n2718,2,pi04,n2701,1,4.000000,10.000000,6.000000,4,1.00,NAND2_X1,0.793103,6.000000,5,2701
2719,NODE,n2719,2,n645,n2718,1,5.000000,11.000000,6.000000,5,1.00,NAND2_X1,0.793103,6.000000,645,2718
2720,NODE,n2720,2,pi09,n2719,1,6.000000,12.000000,6.000000,6,1.00,NAND2_X1,0.793103,6.000000,10,2719
2721,NODE,n2721,2,n116,n545,1,4.000000,12.000000,8.000000,4,1.00,NAND2_X1,0.724138,8.000000,116,545
2722,NODE,n2722,2,n2720,n2721,1,7.000000,13.000000,6.000000,7,1.00,NAND2_X1,0.793103,6.000000,2720,2721
2723,NODE,n2723,2,n35,n2722,1,8.000000,14.000000,6.000000,8,1.00,NAND2_X1,0.793103,6.000000,35,2722
2724,NODE,n2724,2,n274,n676,1,6.000000,14.000000,8.000000,6,1.00,NAND2_X1,0.724138,8.000000,274,676
2725,NODE,n2725,2,n2723,n2724,1,9.000000,15.000000,6.000000,9,1.00,NAND2_X1,0.793103,6.000000,2723,2724
2726,NODE,n2726,2,pi06,n2725,1,10.000000,16.000000,6.000000,10,1.00,NAND2_X1,0.793103,6.000000,7,2725
2727,NODE,n2727,2,n62,n578,1,2.000000,13.000000,11.000000,2,1.00,AND2_X1,0.620690,11.000000,62,578
2728,NODE,n2728,2,pi08,n2727,1,3.000000,14.000000,11.000000,3,1.00,AND2_X1,0.620690,11.000000,9,2727
2729,NODE,n2729,2,n368,n2728,1,4.000000,15.000000,11.000000,4,1.00,AND2_X1,0.620690,11.000000,368,2728
2730,NODE,n2730,2,n34,n2729,1,5.000000,16.000000,11.000000,5,1.00,NAND2_X1,0.620690,11.000000,34,2729
2731,NODE,n2731,2,n2726,n2730,1,11.000000,17.000000,6.000000,11,1.00,NAND2_X1,0.793103,6.000000,2726,2730
2732,NODE,n2732,2,n90,n2731,1,12.000000,18.000000,6.000000,12,1.00,NAND2_X1,0.793103,6.000000,90,2731
2733,NODE,n2733,2,n63,n919,1,3.000000,12.000000,9.000000,3,1.00,NAND2_X1,0.689655,9.000000,63,919
2734,NODE,n2734,2,n1618,n2733,1,4.000000,13.000000,9.000000,4,1.00,NAND2_X1,0.689655,9.000000,1618,2733
2735,NODE,n2735,2,n64,n1007,1,4.000000,13.000000,9.000000,4,1.00,NAND2_X1,0.689655,9.000000,64,1007
2736,NODE,n2736,2,n2734,n2735,1,5.000000,14.000000,9.000000,5,1.00,NAND2_X1,0.689655,9.000000,2734,2735
2737,NODE,n2737,2,n368,n2736,1,6.000000,15.000000,9.000000,6,1.00,NAND2_X1,0.689655,9.000000,368,2736
2738,NODE,n2738,1,n2148,,3,5.000000,11.000000,6.000000,5,1.00,INV_X1,0.793103,6.000000,2148,-1
2739,NODE,n2739,2,n430,n2738,1,6.000000,15.000000,9.000000,6,1.00,NAND2_X1,0.689655,9.000000,430,2738
2740,NODE,n2740,2,n2737,n2739,1,7.000000,16.000000,9.000000,7,1.00,NAND2_X1,0.689655,9.000000,2737,2739
2741,NODE,n2741,2,n34,n2740,1,8.000000,17.000000,9.000000,8,1.00,AND2_X1,0.689655,9.000000,34,2740
2742,NODE,n2742,2,pi03,n2741,1,9.000000,18.000000,9.000000,9,1.00,NAND2_X1,0.689655,9.000000,4,2741
2743,NODE,n2743,2,n2732,n2742,1,13.000000,19.000000,6.000000,13,1.00,NAND2_X1,0.793103,6.000000,2732,2742
2744,NODE,n2744,2,n790,n2743,1,14.000000,20.000000,6.000000,14,1.00,AND2_X1,0.793103,6.000000,790,2743
2745,NODE,n2745,2,pi10,n2744,1,15.000000,21.000000,6.000000,15,1.00,NAND2_X1,0.793103,6.000000,11,2744
2746,NODE,n2746,2,n2717,n2745,1,16.000000,22.000000,6.000000,16,1.00,AND2_X1,0.793103,6.000000,2717,2745
2747,NODE,n2747,2,n159,n1143,1,4.000000,8.000000,4.000000,4,1.00,NAND2_X1,0.862069,4.000000,159,1143
2748,NODE,n2748,2,n156,n1150,1,4.000000,8.000000,4.000000,4,1.00,NAND2_X1,0.862069,4.000000,156,1150
2749,NODE,n2749,2,n2747,n2748,2,5.000000,9.000000,4.000000,5,1.00,NAND2_X1,0.862069,4.000000,2747,2748
2750,NODE,n2750,2,pi00,n2749,1,6.000000,13.000000,7.000000,6,1.00,NAND2_X1,0.758621,7.000000,1,2749
2751,NODE,n2751,2,n118,n2017,1,5.000000,13.000000,8.000000,5,1.00,NAND2_X1,0.724138,8.000000,118,2017
2752,NODE,n2752,2,n2750,n2751,1,7.000000,14.000000,7.000000,7,1.00,NAND2_X1,0.758621,7.000000,2750,2751
2753,NODE,n2753,2,n61,n2752,1,8.000000,15.000000,7.000000,8,1.00,NAND2_X1,0.758621,7.000000,61,2752
2754,NODE,n2754,2,n78,n231,1,4.000000,14.000000,10.000000,4,1.00,AND2_X1,0.655172,10.000000,78,231
2755,NODE,n2755,2,n34,n1037,3,4.000000,13.000000,9.000000,4,1.00,AND2_X1,0.689655,9.000000,34,1037
2756,NODE,n2756,2,n2754,n2755,1,5.000000,15.000000,10.000000,5,1.00,NAND2_X1,0.655172,10.000000,2754,2755
2757,NODE,n2757,2,n2753,n2756,1,9.000000,16.000000,7.000000,9,1.00,NAND2_X1,0.758621,7.000000,2753,2756
2758,NODE,n2758,2,pi15,n2757,1,10.000000,17.000000,7.000000,10,1.00,NAND2_X1,0.758621,7.000000,16,2757
2759,NODE,n2759,2,n265,n687,1,4.000000,13.000000,9.000000,4,1.00,NAND2_X1,0.689655,9.000000,265,687
2760,NODE,n2760,2,n101,n534,1,4.000000,13.000000,9.000000,4,1.00,NAND2_X1,0.689655,9.000000,101,534
2761,NODE,n2761,2,n2759,n2760,1,5.000000,14.000000,9.000000,5,1.00,NAND2_X1,0.689655,9.000000,2759,2760
2762,NODE,n2762,2,n790,n2761,1,6.000000,15.000000,9.000000,6,1.00,AND2_X1,0.689655,9.000000,790,2761
2763,NODE,n2763,2,pi06,n2762,1,7.000000,16.000000,9.000000,7,1.00,AND2_X1,0.689655,9.000000,7,2762
2764,NODE,n2764,2,n54,n2763,1,8.000000,17.000000,9.000000,8,1.00,NAND2_X1,0.689655,9.000000,54,2763
2765,NODE,n2765,2,n2758,n2764,1,11.000000,18.000000,7.000000,11,1.00,NAND2_X1,0.758621,7.000000,2758,2764
2766,NODE,n2766,2,pi09,n2765,1,12.000000,19.000000,7.000000,12,1.00,AND2_X1,0.758621,7.000000,10,2765
2767,NODE,n2767,2,n35,n2766,1,13.000000,20.000000,7.000000,13,1.00,NAND2_X1,0.758621,7.000000,35,2766
2768,NODE,n2768,2,pi00,n1618,1,4.000000,13.000000,9.000000,4,1.00,NAND2_X1,0.689655,9.000000,1,1618
2769,NODE,n2769,2,n78,n2159,1,3.000000,13.000000,10.000000,3,1.00,NAND2_X1,0.655172,10.000000,78,2159
2770,NODE,n2770,2,n2768,n2769,1,5.000000,14.000000,9.000000,5,1.00,NAND2_X1,0.689655,9.000000,2768,2769
2771,NODE,n2771,2,n790,n2770,1,6.000000,15.000000,9.000000,6,1.00,AND2_X1,0.689655,9.000000,790,2770
2772,NODE,n2772,2,n62,n2771,1,7.000000,16.000000,9.000000,7,1.00,AND2_X1,0.689655,9.000000,62,2771
2773,NODE,n2773,2,pi08,n2772,1,8.000000,17.000000,9.000000,8,1.00,AND2_X1,0.689655,9.000000,9,2772
2774,NODE,n2774,2,pi06,n2773,1,9.000000,18.000000,9.000000,9,1.00,AND2_X1,0.689655,9.000000,7,2773
2775,NODE,n2775,2,pi05,n2774,1,10.000000,19.000000,9.000000,10,1.00,AND2_X1,0.689655,9.000000,6,2774
2776,NODE,n2776,2,pi03,n2775,1,11.000000,20.000000,9.000000,11,1.00,NAND2_X1,0.689655,9.000000,4,2775
2777,NODE,n2777,2,n2767,n2776,1,14.000000,21.000000,7.000000,14,1.00,NAND2_X1,0.758621,7.000000,2767,2776
2778,NODE,n2778,2,pi10,n2777,1,15.000000,22.000000,7.000000,15,1.00,NAND2_X1,0.758621,7.000000,11,2777
2779,NODE,n2779,2,n2746,n2778,1,17.000000,23.000000,6.000000,17,1.00,AND2_X1,0.793103,6.000000,2746,2778
2780,NODE,n2780,2,n34,n1175,3,4.000000,11.000000,7.000000,4,1.00,AND2_X1,0.758621,7.000000,34,1175
2781,NODE,n2781,2,n713,n2780,1,5.000000,12.000000,7.000000,5,1.00,NAND2_X1,0.758621,7.000000,713,2780
2782,NODE,n2782,2,n1194,n1909,1,5.000000,12.000000,7.000000,5,1.00,NAND2_X1,0.758621,7.000000,1194,1909
2783,NODE,n2783,2,n2781,n2782,1,6.000000,13.000000,7.000000,6,1.00,NAND2_X1,0.758621,7.000000,2781,2782
2784,NODE,n2784,2,n62,n2783,1,7.000000,14.000000,7.000000,7,1.00,AND2_X1,0.758621,7.000000,62,2783
2785,NODE,n2785,2,pi04,n2784,1,8.000000,15.000000,7.000000,8,1.00,NAND2_X1,0.758621,7.000000,5,2784
2786,NODE,n2786,2,n333,n1075,1,4.000000,10.000000,6.000000,4,1.00,NAND2_X1,0.793103,6.000000,333,1075
2787,NODE,n2787,1,n1767,,1,4.000000,9.000000,5.000000,4,1.00,INV_X1,0.827586,5.000000,1767,-1
2788,NODE,n2788,2,pi03,n2787,2,5.000000,10.000000,5.000000,5,1.00,NAND2_X1,0.827586,5.000000,4,2787
2789,NODE,n2789,2,n2786,n2788,1,6.000000,11.000000,5.000000,6,1.00,NAND2_X1,0.827586,5.000000,2786,2788
2790,NODE,n2790,2,pi01,n2789,1,7.000000,12.000000,5.000000,7,1.00,NAND2_X1,0.827586,5.000000,2,2789
2791,NODE,n2791,2,n1904,n2524,1,5.000000,10.000000,5.000000,5,1.00,NAND2_X1,0.827586,5.000000,1904,2524
2792,NODE,n2792,2,n34,n2791,1,6.000000,11.000000,5.000000,6,1.00,AND2_X1,0.827586,5.000000,34,2791
2793,NODE,n2793,2,n138,n2792,1,7.000000,12.000000,5.000000,7,1.00,NAND2_X1,0.827586,5.000000,138,2792
2794,NODE,n2794,2,n2790,n2793,1,8.000000,13.000000,5.000000,8,1.00,NAND2_X1,0.827586,5.000000,2790,2793
2795,NODE,n2795,2,pi09,n2794,1,9.000000,14.000000,5.000000,9,1.00,AND2_X1,0.827586,5.000000,10,2794
2796,NODE,n2796,2,n54,n2795,1,10.000000,15.000000,5.000000,10,1.00,NAND2_X1,0.827586,5.000000,54,2795
2797,NODE,n2797,2,n2785,n2796,1,11.000000,16.000000,5.000000,11,1.00,NAND2_X1,0.827586,5.000000,2785,2796
2798,NODE,n2798,2,pi00,n2797,1,12.000000,17.000000,5.000000,12,1.00,NAND2_X1,0.827586,5.000000,1,2797
2799,NODE,n2799,1,n736,,4,3.000000,4.000000,1.000000,3,1.00,INV_X1,0.965517,1.000000,736,-1
2800,NODE,n2800,2,pi01,n2799,1,4.000000,9.000000,5.000000,4,1.00,NAND2_X1,0.827586,5.000000,2,2799
2801,NODE,n2801,2,n2438,n1909,1,4.000000,9.000000,5.000000,4,1.00,NAND2_X1,0.827586,5.000000,2438,1909
2802,NODE,n2802,2,n2800,n2801,1,5.000000,10.000000,5.000000,5,1.00,NAND2_X1,0.827586,5.000000,2800,2801
2803,NODE,n2803,2,n54,n2802,1,6.000000,11.000000,5.000000,6,1.00,NAND2_X1,0.827586,5.000000,54,2802
2804,NODE,n2804,2,pi04,n243,3,3.000000,10.000000,7.000000,3,1.00,AND2_X1,0.758621,7.000000,5,243
2805,NODE,n2805,2,n1909,n2804,1,4.000000,11.000000,7.000000,4,1.00,NAND2_X1,0.758621,7.000000,1909,2804
2806,NODE,n2806,2,n2803,n2805,1,7.000000,12.000000,5.000000,7,1.00,NAND2_X1,0.827586,5.000000,2803,2805
2807,NODE,n2807,2,pi15,n2806,1,8.000000,13.000000,5.000000,8,1.00,NAND2_X1,0.827586,5.000000,16,2806
2808,NODE,n2808,2,pi01,n231,1,4.000000,12.000000,8.000000,4,1.00,AND2_X1,0.724138,8.000000,2,231
2809,NODE,n2809,2,n34,n1178,1,4.000000,12.000000,8.000000,4,1.00,AND2_X1,0.724138,8.000000,34,1178
2810,NODE,n2810,2,n2808,n2809,1,5.000000,13.000000,8.000000,5,1.00,NAND2_X1,0.724138,8.000000,2808,2809
2811,NODE,n2811,2,n2807,n2810,1,9.000000,14.000000,5.000000,9,1.00,NAND2_X1,0.827586,5.000000,2807,2810
2812,NODE,n2812,2,pi09,n2811,1,10.000000,15.000000,5.000000,10,1.00,NAND2_X1,0.827586,5.000000,10,2811
2813,NODE,n2813,2,n156,n2780,1,5.000000,12.000000,7.000000,5,1.00,NAND2_X1,0.758621,7.000000,156,2780
2814,NODE,n2814,2,n159,n1194,1,5.000000,12.000000,7.000000,5,1.00,NAND2_X1,0.758621,7.000000,159,1194
2815,NODE,n2815,2,n2813,n2814,1,6.000000,13.000000,7.000000,6,1.00,NAND2_X1,0.758621,7.000000,2813,2814
2816,NODE,n2816,2,n62,n2815,1,7.000000,14.000000,7.000000,7,1.00,AND2_X1,0.758621,7.000000,62,2815
2817,NODE,n2817,2,pi01,n2816,1,8.000000,15.000000,7.000000,8,1.00,NAND2_X1,0.758621,7.000000,2,2816
2818,NODE,n2818,2,n2812,n2817,1,11.000000,16.000000,5.000000,11,1.00,NAND2_X1,0.827586,5.000000,2812,2817
2819,NODE,n2819,2,n78,n2818,1,12.000000,17.000000,5.000000,12,1.00,NAND2_X1,0.827586,5.000000,78,2818
2820,NODE,n2820,2,n2798,n2819,1,13.000000,18.000000,5.000000,13,1.00,NAND2_X1,0.827586,5.000000,2798,2819
2821,NODE,n2821,2,pi06,n2820,1,14.000000,19.000000,5.000000,14,1.00,NAND2_X1,0.827586,5.000000,7,2820
2822,NODE,n2822,2,pi04,n2438,2,4.000000,8.000000,4.000000,4,1.00,NAND2_X1,0.862069,4.000000,5,2438
2823,NODE,n2823,2,n244,n2822,1,5.000000,9.000000,4.000000,5,1.00,NAND2_X1,0.862069,4.000000,244,2822
2824,NODE,n2824,2,n90,n2823,1,6.000000,10.000000,4.000000,6,1.00,AND2_X1,0.862069,4.000000,90,2823
2825,NODE,n2825,2,n138,n2824,1,7.000000,11.000000,4.000000,7,1.00,NAND2_X1,0.862069,4.000000,138,2824
2826,NODE,n2826,2,n2152,n2804,1,4.000000,11.000000,7.000000,4,1.00,NAND2_X1,0.758621,7.000000,2152,2804
2827,NODE,n2827,2,n2825,n2826,1,8.000000,12.000000,4.000000,8,1.00,NAND2_X1,0.862069,4.000000,2825,2826
2828,NODE,n2828,2,pi15,n2827,1,9.000000,13.000000,4.000000,9,1.00,NAND2_X1,0.862069,4.000000,16,2827
2829,NODE,n2829,2,n790,n462,1,3.000000,10.000000,7.000000,3,1.00,AND2_X1,0.758621,7.000000,790,462
2830,NODE,n2830,2,pi04,n2829,1,4.000000,11.000000,7.000000,4,1.00,AND2_X1,0.758621,7.000000,5,2829
2831,NODE,n2831,2,pi03,n2830,1,5.000000,12.000000,7.000000,5,1.00,AND2_X1,0.758621,7.000000,4,2830
2832,NODE,n2832,2,pi01,n2831,1,6.000000,13.000000,7.000000,6,1.00,NAND2_X1,0.758621,7.000000,2,2831
2833,NODE,n2833,2,n2828,n2832,1,10.000000,14.000000,4.000000,10,1.00,NAND2_X1,0.862069,4.000000,2828,2832
2834,NODE,n2834,2,pi09,n2833,1,11.000000,15.000000,4.000000,11,1.00,NAND2_X1,0.862069,4.000000,10,2833
2835,NODE,n2835,2,n138,n159,2,4.000000,9.000000,5.000000,4,1.00,AND2_X1,0.827586,5.000000,138,159
2836,NODE,n2836,2,n243,n788,1,4.000000,14.000000,10.000000,4,1.00,AND2_X1,0.655172,10.000000,243,788
2837,NODE,n2837,2,n2835,n2836,1,5.000000,15.000000,10.000000,5,1.00,NAND2_X1,0.655172,10.000000,2835,2836
2838,NODE,n2838,2,n2834,n2837,1,12.000000,16.000000,4.000000,12,1.00,NAND2_X1,0.862069,4.000000,2834,2837
2839,NODE,n2839,2,n78,n2838,1,13.000000,17.000000,4.000000,13,1.00,NAND2_X1,0.862069,4.000000,78,2838
2840,NODE,n2840,2,pi03,n1808,1,6.000000,11.000000,5.000000,6,1.00,AND2_X1,0.827586,5.000000,4,1808
2841,NODE,n2841,2,pi01,n2840,1,7.000000,12.000000,5.000000,7,1.00,NAND2_X1,0.827586,5.000000,2,2840
2842,NODE,n2842,2,n189,n1194,1,5.000000,12.000000,7.000000,5,1.00,NAND2_X1,0.758621,7.000000,189,1194
2843,NODE,n2843,2,n2841,n2842,1,8.000000,13.000000,5.000000,8,1.00,NAND2_X1,0.827586,5.000000,2841,2842
2844,NODE,n2844,2,pi04,n2843,1,9.000000,14.000000,5.000000,9,1.00,NAND2_X1,0.827586,5.000000,5,2843
2845,NODE,n2845,2,n138,n231,2,4.000000,12.000000,8.000000,4,1.00,AND2_X1,0.724138,8.000000,138,231
2846,NODE,n2846,2,n2780,n2845,1,5.000000,14.000000,9.000000,5,1.00,NAND2_X1,0.689655,9.000000,2780,2845
2847,NODE,n2847,2,n2844,n2846,1,10.000000,15.000000,5.000000,10,1.00,NAND2_X1,0.827586,5.000000,2844,2846
2848,NODE,n2848,2,pi09,n2847,1,11.000000,16.000000,5.000000,11,1.00,AND2_X1,0.827586,5.000000,10,2847
2849,NODE,n2849,2,pi00,n2848,1,12.000000,17.000000,5.000000,12,1.00,NAND2_X1,0.827586,5.000000,1,2848
2850,NODE,n2850,2,n2839,n2849,1,14.000000,18.000000,4.000000,14,1.00,NAND2_X1,0.862069,4.000000,2839,2849
2851,NODE,n2851,2,n368,n2850,1,15.000000,19.000000,4.000000,15,1.00,NAND2_X1,0.862069,4.000000,368,2850
2852,NODE,n2852,2,n2821,n2851,1,16.000000,20.000000,4.000000,16,1.00,NAND2_X1,0.862069,4.000000,2821,2851
2853,NODE,n2853,2,pi07,n2852,1,17.000000,21.000000,4.000000,17,1.00,NAND2_X1,0.862069,4.000000,8,2852
2854,NODE,n2854,2,n90,n1130,1,4.000000,8.000000,4.000000,4,1.00,NAND2_X1,0.862069,4.000000,90,1130
2855,NODE,n2855,2,pi03,n1954,1,3.000000,8.000000,5.000000,3,1.00,NAND2_X1,0.827586,5.000000,4,1954
2856,NODE,n2856,2,n2854,n2855,1,5.000000,9.000000,4.000000,5,1.00,NAND2_X1,0.862069,4.000000,2854,2855
2857,NODE,n2857,2,pi00,n2856,1,6.000000,10.000000,4.000000,6,1.00,NAND2_X1,0.862069,4.000000,1,2856
2858,NODE,n2858,2,n687,n1130,1,4.000000,10.000000,6.000000,4,1.00,NAND2_X1,0.793103,6.000000,687,1130
2859,NODE,n2859,2,n2857,n2858,1,7.000000,11.000000,4.000000,7,1.00,NAND2_X1,0.862069,4.000000,2857,2858
2860,NODE,n2860,2,n138,n2859,1,8.000000,12.000000,4.000000,8,1.00,NAND2_X1,0.862069,4.000000,138,2859
2861,NODE,n2861,2,pi03,n1991,1,4.000000,11.000000,7.000000,4,1.00,AND2_X1,0.758621,7.000000,4,1991
2862,NODE,n2862,2,n653,n2861,1,5.000000,12.000000,7.000000,5,1.00,NAND2_X1,0.758621,7.000000,653,2861
2863,NODE,n2863,2,n2860,n2862,1,9.000000,13.000000,4.000000,9,1.00,NAND2_X1,0.862069,4.000000,2860,2862
2864,NODE,n2864,2,pi05,n2863,1,10.000000,14.000000,4.000000,10,1.00,NAND2_X1,0.862069,4.000000,6,2863
2865,NODE,n2865,1,n1955,,3,4.000000,9.000000,5.000000,4,1.00,INV_X1,0.827586,5.000000,1955,-1
2866,NODE,n2866,2,n78,n2152,1,3.000000,13.000000,10.000000,3,1.00,AND2_X1,0.655172,10.000000,78,2152
2867,NODE,n2867,2,n2865,n2866,1,5.000000,14.000000,9.000000,5,1.00,NAND2_X1,0.689655,9.000000,2865,2866
2868,NODE,n2868,2,n2864,n2867,1,11.000000,15.000000,4.000000,11,1.00,NAND2_X1,0.862069,4.000000,2864,2867
2869,NODE,n2869,2,n54,n2868,1,12.000000,16.000000,4.000000,12,1.00,NAND2_X1,0.862069,4.000000,54,2868
2870,NODE,n2870,2,n138,n1143,1,4.000000,11.000000,7.000000,4,1.00,NAND2_X1,0.758621,7.000000,138,1143
2871,NODE,n2871,2,pi01,n1150,2,4.000000,6.000000,2.000000,4,1.00,NAND2_X1,0.931035,2.000000,2,1150
2872,NODE,n2872,2,n2870,n2871,1,5.000000,12.000000,7.000000,5,1.00,NAND2_X1,0.758621,7.000000,2870,2871
2873,NODE,n2873,2,pi15,n2872,1,6.000000,13.000000,7.000000,6,1.00,AND2_X1,0.758621,7.000000,16,2872
2874,NODE,n2874,2,pi04,n2873,1,7.000000,14.000000,7.000000,7,1.00,AND2_X1,0.758621,7.000000,5,2873
2875,NODE,n2875,2,n90,n2874,1,8.000000,15.000000,7.000000,8,1.00,AND2_X1,0.758621,7.000000,90,2874
2876,NODE,n2876,2,n78,n2875,1,9.000000,16.000000,7.000000,9,1.00,NAND2_X1,0.758621,7.000000,78,2875
2877,NODE,n2877,2,n2869,n2876,1,13.000000,17.000000,4.000000,13,1.00,NAND2_X1,0.862069,4.000000,2869,2876
2878,NODE,n2878,2,pi09,n2877,1,14.000000,18.000000,4.000000,14,1.00,AND2_X1,0.862069,4.000000,10,2877
2879,NODE,n2879,2,n35,n2878,1,15.000000,19.000000,4.000000,15,1.00,NAND2_X1,0.862069,4.000000,35,2878
2880,NODE,n2880,2,n125,n653,3,4.000000,7.000000,3.000000,4,1.00,AND2_X1,0.896552,3.000000,125,653
2881,NODE,n2881,2,n379,n2880,1,5.000000,18.000000,13.000000,5,1.00,AND2_X1,0.551724,13.000000,379,2880
2882,NODE,n2882,2,n2504,n2881,1,6.000000,19.000000,13.000000,6,1.00,NAND2_X1,0.551724,13.000000,2504,2881
2883,NODE,n2883,2,n2879,n2882,1,16.000000,20.000000,4.000000,16,1.00,NAND2_X1,0.862069,4.000000,2879,2882
2884,NODE,n2884,2,n61,n2883,1,17.000000,21.000000,4.000000,17,1.00,NAND2_X1,0.862069,4.000000,61,2883
2885,NODE,n2885,2,n2853,n2884,1,18.000000,22.000000,4.000000,18,1.00,NAND2_X1,0.862069,4.000000,2853,2884
2886,NODE,n2886,2,pi10,n2885,1,19.000000,23.000000,4.000000,19,1.00,NAND2_X1,0.862069,4.000000,11,2885
2887,NODE,n2887,2,n2779,n2886,1,20.000000,24.000000,4.000000,20,1.00,AND2_X1,0.862069,4.000000,2779,2886
2888,NODE,n2888,2,n138,n1156,1,6.000000,8.000000,2.000000,6,1.00,NAND2_X1,0.931035,2.000000,138,1156
2889,NODE,n2889,2,pi01,n54,2,2.000000,3.000000,1.000000,2,1.00,NAND2_X1,0.965517,1.000000,2,54
2890,NODE,n2890,1,n2889,,5,3.000000,4.000000,1.000000,3,1.00,INV_X1,0.965517,1.000000,2889,-1
2891,NODE,n2891,2,n1150,n2890,1,4.000000,8.000000,4.000000,4,1.00,NAND2_X1,0.862069,4.000000,1150,2890
2892,NODE,n2892,2,n2888,n2891,1,7.000000,9.000000,2.000000,7,1.00,NAND2_X1,0.931035,2.000000,2888,2891
2893,NODE,n2893,2,pi02,n2892,1,8.000000,10.000000,2.000000,8,1.00,NAND2_X1,0.931035,2.000000,3,2892
2894,NODE,n2894,2,pi04,n1150,2,4.000000,7.000000,3.000000,4,1.00,NAND2_X1,0.896552,3.000000,5,1150
2895,NODE,n2895,2,n429,n2894,1,5.000000,8.000000,3.000000,5,1.00,NAND2_X1,0.896552,3.000000,429,2894
2896,NODE,n2896,2,n154,n2895,1,6.000000,9.000000,3.000000,6,1.00,AND2_X1,0.896552,3.000000,154,2895
2897,NODE,n2897,2,pi01,n2896,1,7.000000,10.000000,3.000000,7,1.00,NAND2_X1,0.896552,3.000000,2,2896
2898,NODE,n2898,2,n2893,n2897,1,9.000000,11.000000,2.000000,9,1.00,NAND2_X1,0.931035,2.000000,2893,2897
2899,NODE,n2899,2,pi15,n2898,1,10.000000,12.000000,2.000000,10,1.00,NAND2_X1,0.931035,2.000000,16,2898
2900,NODE,n2900,2,pi02,pi06,1,1.000000,6.000000,5.000000,1,1.00,NAND2_X1,0.827586,5.000000,3,7
2901,NODE,n2901,2,n154,n368,2,2.000000,6.000000,4.000000,2,1.00,NAND2_X1,0.862069,4.000000,154,368
2902,NODE,n2902,2,n2900,n2901,4,3.000000,7.000000,4.000000,3,1.00,NAND2_X1,0.862069,4.000000,2900,2901
2903,NODE,n2903,2,n790,n2902,2,4.000000,10.000000,6.000000,4,1.00,AND2_X1,0.793103,6.000000,790,2902
2904,NODE,n2904,2,n54,n2903,1,5.000000,11.000000,6.000000,5,1.00,AND2_X1,0.793103,6.000000,54,2903
2905,NODE,n2905,2,pi01,n2904,1,6.000000,12.000000,6.000000,6,1.00,NAND2_X1,0.793103,6.000000,2,2904
2906,NODE,n2906,2,n2899,n2905,1,11.000000,13.000000,2.000000,11,1.00,NAND2_X1,0.931035,2.000000,2899,2905
2907,NODE,n2907,2,n61,n2906,1,12.000000,14.000000,2.000000,12,1.00,NAND2_X1,0.931035,2.000000,61,2906
2908,NODE,n2908,2,pi01,n1192,2,3.000000,7.000000,4.000000,3,1.00,AND2_X1,0.862069,4.000000,2,1192
2909,NODE,n2909,2,n450,n1443,1,4.000000,13.000000,9.000000,4,1.00,AND2_X1,0.689655,9.000000,450,1443
2910,NODE,n2910,2,n2908,n2909,1,5.000000,14.000000,9.000000,5,1.00,NAND2_X1,0.689655,9.000000,2908,2909
2911,NODE,n2911,2,n2907,n2910,1,13.000000,15.000000,2.000000,13,1.00,NAND2_X1,0.931035,2.000000,2907,2910
2912,NODE,n2912,2,pi09,n2911,1,14.000000,16.000000,2.000000,14,1.00,NAND2_X1,0.931035,2.000000,10,2911
2913,NODE,n2913,2,pi04,n1985,1,4.000000,11.000000,7.000000,4,1.00,AND2_X1,0.758621,7.000000,5,1985
2914,NODE,n2914,2,n154,n2913,1,5.000000,12.000000,7.000000,5,1.00,NAND2_X1,0.758621,7.000000,154,2913
2915,NODE,n2915,2,n54,n1954,3,3.000000,8.000000,5.000000,3,1.00,AND2_X1,0.827586,5.000000,54,1954
2916,NODE,n2916,2,n335,n2915,1,4.000000,12.000000,8.000000,4,1.00,NAND2_X1,0.724138,8.000000,335,2915
2917,NODE,n2917,2,n2914,n2916,1,6.000000,13.000000,7.000000,6,1.00,NAND2_X1,0.758621,7.000000,2914,2916
2918,NODE,n2918,2,n62,n2917,1,7.000000,14.000000,7.000000,7,1.00,AND2_X1,0.758621,7.000000,62,2917
2919,NODE,n2919,2,pi07,n2918,1,8.000000,15.000000,7.000000,8,1.00,AND2_X1,0.758621,7.000000,8,2918
2920,NODE,n2920,2,n34,n2919,1,9.000000,16.000000,7.000000,9,1.00,NAND2_X1,0.758621,7.000000,34,2919
2921,NODE,n2921,2,n2912,n2920,1,15.000000,17.000000,2.000000,15,1.00,NAND2_X1,0.931035,2.000000,2912,2920
2922,NODE,n2922,2,n90,n2921,1,16.000000,18.000000,2.000000,16,1.00,NAND2_X1,0.931035,2.000000,90,2921
2923,NODE,n2923,2,pi05,n2902,1,4.000000,8.000000,4.000000,4,1.00,AND2_X1,0.862069,4.000000,6,2902
2924,NODE,n2924,2,n54,n2923,1,5.000000,9.000000,4.000000,5,1.00,AND2_X1,0.862069,4.000000,54,2923
2925,NODE,n2925,2,n138,n2924,1,6.000000,10.000000,4.000000,6,1.00,NAND2_X1,0.862069,4.000000,138,2924
2926,NODE,n2926,1,n1155,,1,5.000000,9.000000,4.000000,5,1.00,INV_X1,0.862069,4.000000,1155,-1
2927,NODE,n2927,2,n335,n2926,1,6.000000,10.000000,4.000000,6,1.00,NAND2_X1,0.862069,4.000000,335,2926
2928,NODE,n2928,2,n2925,n2927,1,7.000000,11.000000,4.000000,7,1.00,NAND2_X1,0.862069,4.000000,2925,2927
2929,NODE,n2929,2,n61,n2928,1,8.000000,12.000000,4.000000,8,1.00,NAND2_X1,0.862069,4.000000,61,2928
2930,NODE,n2930,1,n2684,,2,4.000000,11.000000,7.000000,4,1.00,INV_X1,0.758621,7.000000,2684,-1
2931,NODE,n2931,2,n138,n1535,1,4.000000,11.000000,7.000000,4,1.00,AND2_X1,0.758621,7.000000,138,1535
2932,NODE,n2932,2,n2930,n2931,1,5.000000,12.000000,7.000000,5,1.00,NAND2_X1,0.758621,7.000000,2930,2931
2933,NODE,n2933,2,n2929,n2932,1,9.000000,13.000000,4.000000,9,1.00,NAND2_X1,0.862069,4.000000,2929,2932
2934,NODE,n2934,2,pi09,n2933,1,10.000000,14.000000,4.000000,10,1.00,NAND2_X1,0.862069,4.000000,10,2933
2935,NODE,n2935,2,n154,n597,1,4.000000,9.000000,5.000000,4,1.00,NAND2_X1,0.827586,5.000000,154,597
2936,NODE,n2936,2,pi02,n594,3,4.000000,9.000000,5.000000,4,1.00,NAND2_X1,0.827586,5.000000,3,594
2937,NODE,n2937,2,n2935,n2936,1,5.000000,10.000000,5.000000,5,1.00,NAND2_X1,0.827586,5.000000,2935,2936
2938,NODE,n2938,2,n62,n2937,1,6.000000,11.000000,5.000000,6,1.00,AND2_X1,0.827586,5.000000,62,2937
2939,NODE,n2939,2,pi07,n2938,1,7.000000,12.000000,5.000000,7,1.00,AND2_X1,0.827586,5.000000,8,2938
2940,NODE,n2940,2,n368,n2939,1,8.000000,13.000000,5.000000,8,1.00,AND2_X1,0.827586,5.000000,368,2939
2941,NODE,n2941,2,pi01,n2940,1,9.000000,14.000000,5.000000,9,1.00,NAND2_X1,0.827586,5.000000,2,2940
2942,NODE,n2942,2,n2934,n2941,1,11.000000,15.000000,4.000000,11,1.00,NAND2_X1,0.862069,4.000000,2934,2941
2943,NODE,n2943,2,pi15,n2942,1,12.000000,16.000000,4.000000,12,1.00,NAND2_X1,0.862069,4.000000,16,2942
2944,NODE,n2944,2,pi09,n2903,1,5.000000,12.000000,7.000000,5,1.00,AND2_X1,0.758621,7.000000,10,2903
2945,NODE,n2945,2,n61,n2944,1,6.000000,13.000000,7.000000,6,1.00,AND2_X1,0.758621,7.000000,61,2944
2946,NODE,n2946,2,pi05,n2945,1,7.000000,14.000000,7.000000,7,1.00,AND2_X1,0.758621,7.000000,6,2945
2947,NODE,n2947,2,n54,n2946,1,8.000000,15.000000,7.000000,8,1.00,AND2_X1,0.758621,7.000000,54,2946
2948,NODE,n2948,2,n138,n2947,1,9.000000,16.000000,7.000000,9,1.00,NAND2_X1,0.758621,7.000000,138,2947
2949,NODE,n2949,2,n2943,n2948,1,13.000000,17.000000,4.000000,13,1.00,NAND2_X1,0.862069,4.000000,2943,2948
2950,NODE,n2950,2,pi03,n2949,1,14.000000,18.000000,4.000000,14,1.00,NAND2_X1,0.862069,4.000000,4,2949
2951,NODE,n2951,2,n2922,n2950,1,17.000000,19.000000,2.000000,17,1.00,NAND2_X1,0.931035,2.000000,2922,2950
2952,NODE,n2952,2,pi08,n2951,1,18.000000,20.000000,2.000000,18,1.00,NAND2_X1,0.931035,2.000000,9,2951
2953,NODE,n2953,2,n594,n788,1,4.000000,9.000000,5.000000,4,1.00,NAND2_X1,0.827586,5.000000,594,788
2954,NODE,n2954,2,n597,n792,1,4.000000,9.000000,5.000000,4,1.00,NAND2_X1,0.827586,5.000000,597,792
2955,NODE,n2955,2,n2953,n2954,1,5.000000,10.000000,5.000000,5,1.00,NAND2_X1,0.827586,5.000000,2953,2954
2956,NODE,n2956,2,n90,n2955,1,6.000000,11.000000,5.000000,6,1.00,AND2_X1,0.827586,5.000000,90,2955
2957,NODE,n2957,2,pi02,n2956,1,7.000000,12.000000,5.000000,7,1.00,NAND2_X1,0.827586,5.000000,3,2956
2958,NODE,n2958,2,pi04,n1035,1,4.000000,7.000000,3.000000,4,1.00,NAND2_X1,0.896552,3.000000,5,1035
2959,NODE,n2959,2,n596,n2958,1,5.000000,8.000000,3.000000,5,1.00,NAND2_X1,0.896552,3.000000,596,2958
2960,NODE,n2960,2,pi09,n2959,1,6.000000,9.000000,3.000000,6,1.00,NAND2_X1,0.896552,3.000000,10,2959
2961,NODE,n2961,2,n116,n797,1,4.000000,9.000000,5.000000,4,1.00,NAND2_X1,0.827586,5.000000,116,797
2962,NODE,n2962,2,n2960,n2961,1,7.000000,10.000000,3.000000,7,1.00,NAND2_X1,0.896552,3.000000,2960,2961
2963,NODE,n2963,2,pi03,n2962,1,8.000000,11.000000,3.000000,8,1.00,AND2_X1,0.896552,3.000000,4,2962
2964,NODE,n2964,2,n154,n2963,1,9.000000,12.000000,3.000000,9,1.00,NAND2_X1,0.896552,3.000000,154,2963
2965,NODE,n2965,2,n2957,n2964,1,10.000000,13.000000,3.000000,10,1.00,NAND2_X1,0.896552,3.000000,2957,2964
2966,NODE,n2966,2,pi06,n2965,1,11.000000,14.000000,3.000000,11,1.00,NAND2_X1,0.896552,3.000000,7,2965
2967,NODE,n2967,2,pi03,n1670,1,4.000000,8.000000,4.000000,4,1.00,AND2_X1,0.862069,4.000000,4,1670
2968,NODE,n2968,2,pi02,n2967,1,5.000000,9.000000,4.000000,5,1.00,NAND2_X1,0.862069,4.000000,3,2967
2969,NODE,n2969,2,n274,n755,1,4.000000,9.000000,5.000000,4,1.00,NAND2_X1,0.827586,5.000000,274,755
2970,NODE,n2970,2,n2968,n2969,1,6.000000,10.000000,4.000000,6,1.00,NAND2_X1,0.862069,4.000000,2968,2969
2971,NODE,n2971,2,n790,n2970,1,7.000000,11.000000,4.000000,7,1.00,NAND2_X1,0.862069,4.000000,790,2970
2972,NODE,n2972,2,n54,n1183,2,3.000000,9.000000,6.000000,3,1.00,NAND2_X1,0.793103,6.000000,54,1183
2973,NODE,n2973,1,n2972,,1,4.000000,10.000000,6.000000,4,1.00,INV_X1,0.793103,6.000000,2972,-1
2974,NODE,n2974,2,n755,n2973,1,5.000000,11.000000,6.000000,5,1.00,NAND2_X1,0.793103,6.000000,755,2973
2975,NODE,n2975,2,n2971,n2974,1,8.000000,12.000000,4.000000,8,1.00,NAND2_X1,0.862069,4.000000,2971,2974
2976,NODE,n2976,2,pi09,n2975,1,9.000000,13.000000,4.000000,9,1.00,AND2_X1,0.862069,4.000000,10,2975
2977,NODE,n2977,2,n368,n2976,1,10.000000,14.000000,4.000000,10,1.00,NAND2_X1,0.862069,4.000000,368,2976
2978,NODE,n2978,2,n2966,n2977,1,12.000000,15.000000,3.000000,12,1.00,NAND2_X1,0.896552,3.000000,2966,2977
2979,NODE,n2979,2,n138,n2978,1,13.000000,16.000000,3.000000,13,1.00,NAND2_X1,0.896552,3.000000,138,2978
2980,NODE,n2980,2,n1685,n1954,1,4.000000,10.000000,6.000000,4,1.00,NAND2_X1,0.793103,6.000000,1685,1954
2981,NODE,n2981,1,n1652,,1,2.000000,9.000000,7.000000,2,1.00,INV_X1,0.758621,7.000000,1652,-1
2982,NODE,n2982,2,n1130,n2981,1,4.000000,10.000000,6.000000,4,1.00,NAND2_X1,0.793103,6.000000,1130,2981
2983,NODE,n2983,2,n2980,n2982,1,5.000000,11.000000,6.000000,5,1.00,AND2_X1,0.793103,6.000000,2980,2982
2984,NODE,n2984,2,pi05,n1126,2,4.000000,9.000000,5.000000,4,1.00,AND2_X1,0.827586,5.000000,6,1126
2985,NODE,n2985,2,n284,n2984,1,5.000000,11.000000,6.000000,5,1.00,NAND2_X1,0.793103,6.000000,284,2984
2986,NODE,n2986,2,n2983,n2985,1,6.000000,12.000000,6.000000,6,1.00,NAND2_X1,0.793103,6.000000,2983,2985
2987,NODE,n2987,2,pi03,n2986,1,7.000000,13.000000,6.000000,7,1.00,NAND2_X1,0.793103,6.000000,4,2986
2988,NODE,n2988,2,pi02,n379,2,3.000000,4.000000,1.000000,3,1.00,NAND2_X1,0.965517,1.000000,3,379
2989,NODE,n2989,2,n1126,n1685,1,4.000000,10.000000,6.000000,4,1.00,NAND2_X1,0.793103,6.000000,1126,1685
2990,NODE,n2990,2,n2988,n2989,1,5.000000,11.000000,6.000000,5,1.00,NAND2_X1,0.793103,6.000000,2988,2989
2991,NODE,n2991,2,pi04,n2990,1,6.000000,12.000000,6.000000,6,1.00,AND2_X1,0.793103,6.000000,5,2990
2992,NODE,n2992,2,n90,n2991,1,7.000000,13.000000,6.000000,7,1.00,NAND2_X1,0.793103,6.000000,90,2991
2993,NODE,n2993,2,n2987,n2992,1,8.000000,14.000000,6.000000,8,1.00,NAND2_X1,0.793103,6.000000,2987,2992
2994,NODE,n2994,2,pi09,n2993,1,9.000000,15.000000,6.000000,9,1.00,AND2_X1,0.793103,6.000000,10,2993
2995,NODE,n2995,2,pi01,n2994,1,10.000000,16.000000,6.000000,10,1.00,NAND2_X1,0.793103,6.000000,2,2994
2996,NODE,n2996,2,n2979,n2995,1,14.000000,17.000000,3.000000,14,1.00,NAND2_X1,0.896552,3.000000,2979,2995
2997,NODE,n2997,2,pi07,n2996,1,15.000000,18.000000,3.000000,15,1.00,NAND2_X1,0.896552,3.000000,8,2996
2998,NODE,n2998,2,n90,n1143,2,4.000000,8.000000,4.000000,4,1.00,NAND2_X1,0.862069,4.000000,90,1143
2999,NODE,n2999,2,pi03,n1150,1,4.000000,8.000000,4.000000,4,1.00,NAND2_X1,0.862069,4.000000,4,1150
3000,NODE,n3000,2,n2998,n2999,1,5.000000,9.000000,4.000000,5,1.00,NAND2_X1,0.862069,4.000000,2998,2999
3001,NODE,n3001,2,pi01,n3000,1,6.000000,10.000000,4.000000,6,1.00,NAND2_X1,0.862069,4.000000,2,3000
3002,NODE,n3002,2,n1150,n1909,1,4.000000,10.000000,6.000000,4,1.00,NAND2_X1,0.793103,6.000000,1150,1909
3003,NODE,n3003,2,n3001,n3002,1,7.000000,11.000000,4.000000,7,1.00,NAND2_X1,0.862069,4.000000,3001,3002
3004,NODE,n3004,2,pi15,n3003,1,8.000000,12.000000,4.000000,8,1.00,NAND2_X1,0.862069,4.000000,16,3003
3005,NODE,n3005,2,n344,n347,6,3.000000,4.000000,1.000000,3,1.00,NAND2_X1,0.965517,1.000000,344,347
3006,NODE,n3006,2,n790,n3005,1,4.000000,10.000000,6.000000,4,1.00,AND2_X1,0.793103,6.000000,790,3005
3007,NODE,n3007,2,pi06,n3006,1,5.000000,11.000000,6.000000,5,1.00,AND2_X1,0.793103,6.000000,7,3006
3008,NODE,n3008,2,n138,n3007,1,6.000000,12.000000,6.000000,6,1.00,NAND2_X1,0.793103,6.000000,138,3007
3009,NODE,n3009,2,n3004,n3008,1,9.000000,13.000000,4.000000,9,1.00,NAND2_X1,0.862069,4.000000,3004,3008
3010,NODE,n3010,2,n154,n3009,1,10.000000,14.000000,4.000000,10,1.00,NAND2_X1,0.862069,4.000000,154,3009
3011,NODE,n3011,2,pi03,n1557,4,4.000000,10.000000,6.000000,4,1.00,NAND2_X1,0.793103,6.000000,4,1557
3012,NODE,n3012,2,n347,n3011,1,5.000000,11.000000,6.000000,5,1.00,NAND2_X1,0.793103,6.000000,347,3011
3013,NODE,n3013,2,n368,n3012,1,6.000000,12.000000,6.000000,6,1.00,AND2_X1,0.793103,6.000000,368,3012
3014,NODE,n3014,2,pi02,n3013,1,7.000000,13.000000,6.000000,7,1.00,AND2_X1,0.793103,6.000000,3,3013
3015,NODE,n3015,2,pi01,n3014,1,8.000000,14.000000,6.000000,8,1.00,NAND2_X1,0.793103,6.000000,2,3014
3016,NODE,n3016,2,n3010,n3015,1,11.000000,15.000000,4.000000,11,1.00,NAND2_X1,0.862069,4.000000,3010,3015
3017,NODE,n3017,2,pi04,n3016,1,12.000000,16.000000,4.000000,12,1.00,NAND2_X1,0.862069,4.000000,5,3016
3018,NODE,n3018,2,pi02,n1954,1,3.000000,10.000000,7.000000,3,1.00,NAND2_X1,0.758621,7.000000,3,1954
3019,NODE,n3019,2,n154,n1130,1,4.000000,10.000000,6.000000,4,1.00,NAND2_X1,0.793103,6.000000,154,1130
3020,NODE,n3020,2,n3018,n3019,1,5.000000,11.000000,6.000000,5,1.00,NAND2_X1,0.793103,6.000000,3018,3019
3021,NODE,n3021,2,pi01,n3020,1,6.000000,12.000000,6.000000,6,1.00,NAND2_X1,0.793103,6.000000,2,3020
3022,NODE,n3022,2,pi15,n2902,2,4.000000,8.000000,4.000000,4,1.00,AND2_X1,0.862069,4.000000,16,2902
3023,NODE,n3023,2,n138,n3022,1,5.000000,12.000000,7.000000,5,1.00,NAND2_X1,0.758621,7.000000,138,3022
3024,NODE,n3024,2,n3021,n3023,1,7.000000,13.000000,6.000000,7,1.00,NAND2_X1,0.793103,6.000000,3021,3023
3025,NODE,n3025,2,pi05,n3024,1,8.000000,14.000000,6.000000,8,1.00,AND2_X1,0.793103,6.000000,6,3024
3026,NODE,n3026,2,n54,n3025,1,9.000000,15.000000,6.000000,9,1.00,AND2_X1,0.793103,6.000000,54,3025
3027,NODE,n3027,2,n90,n3026,1,10.000000,16.000000,6.000000,10,1.00,NAND2_X1,0.793103,6.000000,90,3026
3028,NODE,n3028,2,n3017,n3027,1,13.000000,17.000000,4.000000,13,1.00,NAND2_X1,0.862069,4.000000,3017,3027
3029,NODE,n3029,2,n312,n3028,1,14.000000,18.000000,4.000000,14,1.00,NAND2_X1,0.862069,4.000000,312,3028
3030,NODE,n3030,2,n2997,n3029,1,16.000000,19.000000,3.000000,16,1.00,NAND2_X1,0.896552,3.000000,2997,3029
3031,NODE,n3031,2,n35,n3030,1,17.000000,20.000000,3.000000,17,1.00,NAND2_X1,0.896552,3.000000,35,3030
3032,NODE,n3032,2,n2952,n3031,1,19.000000,21.000000,2.000000,19,1.00,AND2_X1,0.931035,2.000000,2952,3031
3033,NODE,n3033,2,n332,n337,1,3.000000,3.000000,0.000000,3,1.00,NAND2_X1,1.000000,0.000000,332,337
3034,NODE,n3034,2,pi02,n3033,1,4.000000,4.000000,0.000000,4,1.00,NAND2_X1,1.000000,0.000000,3,3033
3035,NODE,n3035,2,n351,n3034,1,5.000000,5.000000,0.000000,5,1.00,NAND2_X1,1.000000,0.000000,351,3034
3036,NODE,n3036,2,pi09,n3035,1,6.000000,6.000000,0.000000,6,1.00,NAND2_X1,1.000000,0.000000,10,3035
3037,NODE,n3037,2,n321,n1343,1,4.000000,6.000000,2.000000,4,1.00,NAND2_X1,0.931035,2.000000,321,1343
3038,NODE,n3038,2,n3036,n3037,1,7.000000,7.000000,0.000000,7,1.00,NAND2_X1,1.000000,0.000000,3036,3037
3039,NODE,n3039,2,n368,n3038,1,8.000000,8.000000,0.000000,8,1.00,NAND2_X1,1.000000,0.000000,368,3038
3040,NODE,n3040,2,pi03,n220,1,2.000000,5.000000,3.000000,2,1.00,NAND2_X1,0.896552,3.000000,4,220
3041,NODE,n3041,2,n90,n1301,1,3.000000,5.000000,2.000000,3,1.00,NAND2_X1,0.931035,2.000000,90,1301
3042,NODE,n3042,2,n3040,n3041,1,4.000000,6.000000,2.000000,4,1.00,NAND2_X1,0.931035,2.000000,3040,3041
3043,NODE,n3043,2,pi06,n3042,1,5.000000,7.000000,2.000000,5,1.00,AND2_X1,0.931035,2.000000,7,3042
3044,NODE,n3044,2,pi02,n3043,1,6.000000,8.000000,2.000000,6,1.00,NAND2_X1,0.931035,2.000000,3,3043
3045,NODE,n3045,2,n3039,n3044,1,9.000000,9.000000,0.000000,9,1.00,NAND2_X1,1.000000,0.000000,3039,3044
3046,NODE,n3046,2,pi15,n3045,1,10.000000,10.000000,0.000000,10,1.00,NAND2_X1,1.000000,0.000000,16,3045
3047,NODE,n3047,2,n790,n1646,1,4.000000,7.000000,3.000000,4,1.00,AND2_X1,0.896552,3.000000,790,1646
3048,NODE,n3048,2,pi09,n3047,1,5.000000,8.000000,3.000000,5,1.00,AND2_X1,0.896552,3.000000,10,3047
3049,NODE,n3049,2,pi06,n3048,1,6.000000,9.000000,3.000000,6,1.00,AND2_X1,0.896552,3.000000,7,3048
3050,NODE,n3050,2,pi03,n3049,1,7.000000,10.000000,3.000000,7,1.00,NAND2_X1,0.896552,3.000000,4,3049
3051,NODE,n3051,2,n3046,n3050,1,11.000000,11.000000,0.000000,11,1.00,NAND2_X1,1.000000,0.000000,3046,3050
3052,NODE,n3052,2,pi00,n3051,1,12.000000,12.000000,0.000000,12,1.00,NAND2_X1,1.000000,0.000000,1,3051
3053,NODE,n3053,2,pi03,n368,3,2.000000,4.000000,2.000000,2,1.00,NAND2_X1,0.931035,2.000000,4,368
3054,NODE,n3054,2,n90,n379,2,3.000000,4.000000,1.000000,3,1.00,NAND2_X1,0.965517,1.000000,90,379
3055,NODE,n3055,2,n3053,n3054,1,4.000000,5.000000,1.000000,4,1.00,NAND2_X1,0.965517,1.000000,3053,3054
3056,NODE,n3056,2,n154,n3055,1,5.000000,6.000000,1.000000,5,1.00,NAND2_X1,0.965517,1.000000,154,3055
3057,NODE,n3057,2,n224,n450,1,4.000000,6.000000,2.000000,4,1.00,NAND2_X1,0.931035,2.000000,224,450
3058,NODE,n3058,2,n3056,n3057,1,6.000000,7.000000,1.000000,6,1.00,NAND2_X1,0.965517,1.000000,3056,3057
3059,NODE,n3059,2,n790,n3058,1,7.000000,8.000000,1.000000,7,1.00,NAND2_X1,0.965517,1.000000,790,3058
3060,NODE,n3060,2,n90,n368,2,2.000000,4.000000,2.000000,2,1.00,NAND2_X1,0.931035,2.000000,90,368
3061,NODE,n3061,2,pi03,pi06,3,1.000000,2.000000,1.000000,1,1.00,NAND2_X1,0.965517,1.000000,4,7
3062,NODE,n3062,2,n3060,n3061,2,3.000000,5.000000,2.000000,3,1.00,NAND2_X1,0.931035,2.000000,3060,3061
3063,NODE,n3063,2,pi15,n3062,1,4.000000,6.000000,2.000000,4,1.00,AND2_X1,0.931035,2.000000,16,3062
3064,NODE,n3064,2,n34,n3063,1,5.000000,7.000000,2.000000,5,1.00,AND2_X1,0.931035,2.000000,34,3063
3065,NODE,n3065,2,pi02,n3064,1,6.000000,8.000000,2.000000,6,1.00,NAND2_X1,0.931035,2.000000,3,3064
3066,NODE,n3066,2,n3059,n3065,1,8.000000,9.000000,1.000000,8,1.00,NAND2_X1,0.965517,1.000000,3059,3065
3067,NODE,n3067,2,pi09,n3066,1,9.000000,10.000000,1.000000,9,1.00,NAND2_X1,0.965517,1.000000,10,3066
3068,NODE,n3068,1,n352,,1,4.000000,9.000000,5.000000,4,1.00,INV_X1,0.827586,5.000000,352,-1
3069,NODE,n3069,2,pi06,n797,1,4.000000,9.000000,5.000000,4,1.00,AND2_X1,0.827586,5.000000,7,797
3070,NODE,n3070,2,n3068,n3069,1,5.000000,10.000000,5.000000,5,1.00,NAND2_X1,0.827586,5.000000,3068,3069
3071,NODE,n3071,2,n3067,n3070,1,10.000000,11.000000,1.000000,10,1.00,NAND2_X1,0.965517,1.000000,3067,3070
3072,NODE,n3072,2,n78,n3071,1,11.000000,12.000000,1.000000,11,1.00,NAND2_X1,0.965517,1.000000,78,3071
3073,NODE,n3073,2,n3052,n3072,1,13.000000,13.000000,0.000000,13,1.00,NAND2_X1,1.000000,0.000000,3052,3072
3074,NODE,n3074,2,n54,n3073,1,14.000000,14.000000,0.000000,14,1.00,NAND2_X1,1.000000,0.000000,54,3073
3075,NODE,n3075,2,pi02,n3005,1,4.000000,5.000000,1.000000,4,1.00,NAND2_X1,0.965517,1.000000,3,3005
3076,NODE,n3076,2,n2349,n3075,1,5.000000,6.000000,1.000000,5,1.00,NAND2_X1,0.965517,1.000000,2349,3075
3077,NODE,n3077,2,pi15,n3076,1,6.000000,7.000000,1.000000,6,1.00,NAND2_X1,0.965517,1.000000,16,3076
3078,NODE,n3078,2,n755,n1291,1,4.000000,7.000000,3.000000,4,1.00,NAND2_X1,0.896552,3.000000,755,1291
3079,NODE,n3079,2,n3077,n3078,1,7.000000,8.000000,1.000000,7,1.00,NAND2_X1,0.965517,1.000000,3077,3078
3080,NODE,n3080,2,pi06,n3079,1,8.000000,9.000000,1.000000,8,1.00,NAND2_X1,0.965517,1.000000,7,3079
3081,NODE,n3081,2,pi03,n1130,1,4.000000,8.000000,4.000000,4,1.00,AND2_X1,0.862069,4.000000,4,1130
3082,NODE,n3082,2,pi02,n3081,1,5.000000,9.000000,4.000000,5,1.00,NAND2_X1,0.862069,4.000000,3,3081
3083,NODE,n3083,2,n3080,n3082,1,9.000000,10.000000,1.000000,9,1.00,NAND2_X1,0.965517,1.000000,3080,3082
3084,NODE,n3084,2,pi00,n3083,1,10.000000,11.000000,1.000000,10,1.00,NAND2_X1,0.965517,1.000000,1,3083
3085,NODE,n3085,2,n90,n1150,1,4.000000,7.000000,3.000000,4,1.00,NAND2_X1,0.896552,3.000000,90,1150
3086,NODE,n3086,2,n3061,n3085,1,5.000000,8.000000,3.000000,5,1.00,NAND2_X1,0.896552,3.000000,3061,3085
3087,NODE,n3087,2,n790,n3086,1,6.000000,9.000000,3.000000,6,1.00,AND2_X1,0.896552,3.000000,790,3086
3088,NODE,n3088,2,pi02,n3087,1,7.000000,10.000000,3.000000,7,1.00,AND2_X1,0.896552,3.000000,3,3087
3089,NODE,n3089,2,n78,n3088,1,8.000000,11.000000,3.000000,8,1.00,NAND2_X1,0.896552,3.000000,78,3088
3090,NODE,n3090,2,n3084,n3089,1,11.000000,12.000000,1.000000,11,1.00,NAND2_X1,0.965517,1.000000,3084,3089
3091,NODE,n3091,2,pi09,n3090,1,12.000000,13.000000,1.000000,12,1.00,AND2_X1,0.965517,1.000000,10,3090
3092,NODE,n3092,2,pi04,n3091,1,13.000000,14.000000,1.000000,13,1.00,NAND2_X1,0.965517,1.000000,5,3091
3093,NODE,n3093,2,n3074,n3092,1,15.000000,15.000000,0.000000,15,1.00,NAND2_X1,1.000000,0.000000,3074,3092
3094,NODE,n3094,2,pi07,n3093,1,16.000000,16.000000,0.000000,16,1.00,NAND2_X1,1.000000,0.000000,8,3093
3095,NODE,n3095,2,n154,pi06,3,2.000000,3.000000,1.000000,2,1.00,NAND2_X1,0.965517,1.000000,154,7
3096,NODE,n3096,2,pi02,n368,2,2.000000,3.000000,1.000000,2,1.00,NAND2_X1,0.965517,1.000000,3,368
3097,NODE,n3097,2,n3095,n3096,4,3.000000,4.000000,1.000000,3,1.00,NAND2_X1,0.965517,1.000000,3095,3096
3098,NODE,n3098,2,pi03,n3097,2,4.000000,5.000000,1.000000,4,1.00,AND2_X1,0.965517,1.000000,4,3097
3099,NODE,n3099,2,n78,n3098,1,5.000000,8.000000,3.000000,5,1.00,NAND2_X1,0.896552,3.000000,78,3098
3100,NODE,n3100,1,n3060,,5,3.000000,6.000000,3.000000,3,1.00,INV_X1,0.896552,3.000000,3060,-1
3101,NODE,n3101,2,n1046,n3100,1,4.000000,8.000000,4.000000,4,1.00,NAND2_X1,0.862069,4.000000,1046,3100
3102,NODE,n3102,2,n3099,n3101,1,6.000000,9.000000,3.000000,6,1.00,NAND2_X1,0.896552,3.000000,3099,3101
3103,NODE,n3103,2,n1114,n3102,1,7.000000,10.000000,3.000000,7,1.00,NAND2_X1,0.896552,3.000000,1114,3102
3104,NODE,n3104,2,pi00,n3098,1,5.000000,6.000000,1.000000,5,1.00,NAND2_X1,0.965517,1.000000,1,3098
3105,NODE,n3105,2,n90,pi06,2,2.000000,4.000000,2.000000,2,1.00,NAND2_X1,0.931035,2.000000,90,7
3106,NODE,n3106,1,n3105,,1,3.000000,5.000000,2.000000,3,1.00,INV_X1,0.931035,2.000000,3105,-1
3107,NODE,n3107,2,n860,n3106,1,4.000000,6.000000,2.000000,4,1.00,NAND2_X1,0.931035,2.000000,860,3106
3108,NODE,n3108,2,n3104,n3107,1,6.000000,7.000000,1.000000,6,1.00,NAND2_X1,0.965517,1.000000,3104,3107
3109,NODE,n3109,2,pi15,n3108,1,7.000000,8.000000,1.000000,7,1.00,AND2_X1,0.965517,1.000000,16,3108
3110,NODE,n3110,2,n34,n3109,1,8.000000,9.000000,1.000000,8,1.00,NAND2_X1,0.965517,1.000000,34,3109
3111,NODE,n3111,1,n1956,,2,5.000000,7.000000,2.000000,5,1.00,INV_X1,0.931035,2.000000,1956,-1
3112,NODE,n3112,2,n756,n3111,1,6.000000,9.000000,3.000000,6,1.00,NAND2_X1,0.896552,3.000000,756,3111
3113,NODE,n3113,2,n3110,n3112,1,9.000000,10.000000,1.000000,9,1.00,AND2_X1,0.965517,1.000000,3110,3112
3114,NODE,n3114,2,n3103,n3113,1,10.000000,11.000000,1.000000,10,1.00,NAND2_X1,0.965517,1.000000,3103,3113
3115,NODE,n3115,2,pi04,n3114,1,11.000000,12.000000,1.000000,11,1.00,NAND2_X1,0.965517,1.000000,5,3114
3116,NODE,n3116,2,n154,n450,1,4.000000,4.000000,0.000000,4,1.00,NAND2_X1,1.000000,0.000000,154,450
3117,NODE,n3117,2,n2988,n3116,1,5.000000,5.000000,0.000000,5,1.00,NAND2_X1,1.000000,0.000000,2988,3116
3118,NODE,n3118,2,pi00,n3117,1,6.000000,6.000000,0.000000,6,1.00,NAND2_X1,1.000000,0.000000,1,3117
3119,NODE,n3119,1,n3095,,1,3.000000,5.000000,2.000000,3,1.00,INV_X1,0.931035,2.000000,3095,-1
3120,NODE,n3120,2,n78,n3119,1,4.000000,6.000000,2.000000,4,1.00,NAND2_X1,0.931035,2.000000,78,3119
3121,NODE,n3121,2,n3118,n3120,1,7.000000,7.000000,0.000000,7,1.00,NAND2_X1,1.000000,0.000000,3118,3120
3122,NODE,n3122,2,n90,n3121,1,8.000000,8.000000,0.000000,8,1.00,NAND2_X1,1.000000,0.000000,90,3121
3123,NODE,n3123,2,pi03,n1143,1,4.000000,7.000000,3.000000,4,1.00,AND2_X1,0.896552,3.000000,4,1143
3124,NODE,n3124,2,n404,n3123,1,5.000000,8.000000,3.000000,5,1.00,NAND2_X1,0.896552,3.000000,404,3123
3125,NODE,n3125,2,n3122,n3124,1,9.000000,9.000000,0.000000,9,1.00,NAND2_X1,1.000000,0.000000,3122,3124
3126,NODE,n3126,2,n790,n3125,1,10.000000,10.000000,0.000000,10,1.00,NAND2_X1,1.000000,0.000000,790,3125
3127,NODE,n3127,2,n756,n2984,1,5.000000,10.000000,5.000000,5,1.00,NAND2_X1,0.827586,5.000000,756,2984
3128,NODE,n3128,2,n3126,n3127,1,11.000000,11.000000,0.000000,11,1.00,NAND2_X1,1.000000,0.000000,3126,3127
3129,NODE,n3129,2,n54,n3128,1,12.000000,12.000000,0.000000,12,1.00,NAND2_X1,1.000000,0.000000,54,3128
3130,NODE,n3130,2,n3115,n3129,1,13.000000,13.000000,0.000000,13,1.00,NAND2_X1,1.000000,0.000000,3115,3129
3131,NODE,n3131,2,pi09,n3130,1,14.000000,14.000000,0.000000,14,1.00,NAND2_X1,1.000000,0.000000,10,3130
3132,NODE,n3132,2,n379,n487,2,4.000000,10.000000,6.000000,4,1.00,NAND2_X1,0.793103,6.000000,379,487
3133,NODE,n3133,1,n3132,,1,5.000000,12.000000,7.000000,5,1.00,INV_X1,0.758621,7.000000,3132,-1
3134,NODE,n3134,2,n797,n3133,1,6.000000,13.000000,7.000000,6,1.00,AND2_X1,0.758621,7.000000,797,3133
3135,NODE,n3135,2,n125,n3134,1,7.000000,14.000000,7.000000,7,1.00,NAND2_X1,0.758621,7.000000,125,3134
3136,NODE,n3136,2,n3131,n3135,1,15.000000,15.000000,0.000000,15,1.00,NAND2_X1,1.000000,0.000000,3131,3135
3137,NODE,n3137,2,n61,n3136,1,16.000000,16.000000,0.000000,16,1.00,NAND2_X1,1.000000,0.000000,61,3136
3138,NODE,n3138,2,n3094,n3137,1,17.000000,17.000000,0.000000,17,1.00,NAND2_X1,1.000000,0.000000,3094,3137
3139,NODE,n3139,2,n138,n3138,1,18.000000,18.000000,0.000000,18,1.00,NAND2_X1,1.000000,0.000000,138,3138
3140,NODE,n3140,2,pi03,n792,1,4.000000,4.000000,0.000000,4,1.00,NAND2_X1,1.000000,0.000000,4,792
3141,NODE,n3141,2,n2410,n3140,1,5.000000,5.000000,0.000000,5,1.00,NAND2_X1,1.000000,0.000000,2410,3140
3142,NODE,n3142,2,pi02,n3141,1,6.000000,6.000000,0.000000,6,1.00,NAND2_X1,1.000000,0.000000,3,3141
3143,NODE,n3143,2,pi03,n62,1,2.000000,3.000000,1.000000,2,1.00,NAND2_X1,0.965517,1.000000,4,62
3144,NODE,n3144,2,n478,n3143,1,3.000000,4.000000,1.000000,3,1.00,NAND2_X1,0.965517,1.000000,478,3143
3145,NODE,n3145,2,n790,n3144,1,4.000000,5.000000,1.000000,4,1.00,AND2_X1,0.965517,1.000000,790,3144
3146,NODE,n3146,2,n154,n3145,1,5.000000,6.000000,1.000000,5,1.00,NAND2_X1,0.965517,1.000000,154,3145
3147,NODE,n3147,2,n3142,n3146,1,7.000000,7.000000,0.000000,7,1.00,NAND2_X1,1.000000,0.000000,3142,3146
3148,NODE,n3148,2,pi06,n3147,1,8.000000,8.000000,0.000000,8,1.00,NAND2_X1,1.000000,0.000000,7,3147
3149,NODE,n3149,2,n368,n1107,1,3.000000,7.000000,4.000000,3,1.00,AND2_X1,0.862069,4.000000,368,1107
3150,NODE,n3150,2,n755,n3149,1,4.000000,8.000000,4.000000,4,1.00,NAND2_X1,0.862069,4.000000,755,3149
3151,NODE,n3151,2,n3148,n3150,1,9.000000,9.000000,0.000000,9,1.00,NAND2_X1,1.000000,0.000000,3148,3150
3152,NODE,n3152,2,pi04,n3151,1,10.000000,10.000000,0.000000,10,1.00,NAND2_X1,1.000000,0.000000,5,3151
3153,NODE,n3153,2,n2529,n2615,1,5.000000,6.000000,1.000000,5,1.00,NAND2_X1,0.965517,1.000000,2529,2615
3154,NODE,n3154,2,n368,n3153,1,6.000000,7.000000,1.000000,6,1.00,NAND2_X1,0.965517,1.000000,368,3153
3155,NODE,n3155,2,n755,n1954,1,4.000000,7.000000,3.000000,4,1.00,NAND2_X1,0.896552,3.000000,755,1954
3156,NODE,n3156,2,n3154,n3155,1,7.000000,8.000000,1.000000,7,1.00,NAND2_X1,0.965517,1.000000,3154,3155
3157,NODE,n3157,2,pi09,n3156,1,8.000000,9.000000,1.000000,8,1.00,AND2_X1,0.965517,1.000000,10,3156
3158,NODE,n3158,2,n54,n3157,1,9.000000,10.000000,1.000000,9,1.00,NAND2_X1,0.965517,1.000000,54,3157
3159,NODE,n3159,2,n3152,n3158,1,11.000000,11.000000,0.000000,11,1.00,NAND2_X1,1.000000,0.000000,3152,3158
3160,NODE,n3160,2,pi05,n3159,1,12.000000,12.000000,0.000000,12,1.00,NAND2_X1,1.000000,0.000000,6,3159
3161,NODE,n3161,2,n154,n2696,1,2.000000,5.000000,3.000000,2,1.00,NAND2_X1,0.896552,3.000000,154,2696
3162,NODE,n3162,2,pi02,n435,1,4.000000,5.000000,1.000000,4,1.00,NAND2_X1,0.965517,1.000000,3,435
3163,NODE,n3163,2,n3161,n3162,1,5.000000,6.000000,1.000000,5,1.00,NAND2_X1,0.965517,1.000000,3161,3162
3164,NODE,n3164,2,pi03,n3163,1,6.000000,7.000000,1.000000,6,1.00,NAND2_X1,0.965517,1.000000,4,3163
3165,NODE,n3165,2,n154,n3100,1,4.000000,7.000000,3.000000,4,1.00,NAND2_X1,0.896552,3.000000,154,3100
3166,NODE,n3166,2,n3164,n3165,1,7.000000,8.000000,1.000000,7,1.00,NAND2_X1,0.965517,1.000000,3164,3165
3167,NODE,n3167,2,n790,n3166,1,8.000000,9.000000,1.000000,8,1.00,NAND2_X1,0.965517,1.000000,790,3166
3168,NODE,n3168,2,n755,n2915,1,4.000000,9.000000,5.000000,4,1.00,NAND2_X1,0.827586,5.000000,755,2915
3169,NODE,n3169,2,n3167,n3168,1,9.000000,10.000000,1.000000,9,1.00,NAND2_X1,0.965517,1.000000,3167,3168
3170,NODE,n3170,2,pi09,n3169,1,10.000000,11.000000,1.000000,10,1.00,AND2_X1,0.965517,1.000000,10,3169
3171,NODE,n3171,2,n34,n3170,1,11.000000,12.000000,1.000000,11,1.00,NAND2_X1,0.965517,1.000000,34,3170
3172,NODE,n3172,2,n3160,n3171,1,13.000000,13.000000,0.000000,13,1.00,NAND2_X1,1.000000,0.000000,3160,3171
3173,NODE,n3173,2,pi07,n3172,1,14.000000,14.000000,0.000000,14,1.00,NAND2_X1,1.000000,0.000000,8,3172
3174,NODE,n3174,2,n54,n1150,1,4.000000,5.000000,1.000000,4,1.00,NAND2_X1,0.965517,1.000000,54,1150
3175,NODE,n3175,2,n2012,n3174,1,5.000000,6.000000,1.000000,5,1.00,NAND2_X1,0.965517,1.000000,2012,3174
3176,NODE,n3176,2,pi02,n3175,1,6.000000,7.000000,1.000000,6,1.00,NAND2_X1,0.965517,1.000000,3,3175
3177,NODE,n3177,2,n450,n1535,1,4.000000,7.000000,3.000000,4,1.00,NAND2_X1,0.896552,3.000000,450,1535
3178,NODE,n3178,2,n3176,n3177,1,7.000000,8.000000,1.000000,7,1.00,NAND2_X1,0.965517,1.000000,3176,3177
3179,NODE,n3179,2,n790,n3178,1,8.000000,9.000000,1.000000,8,1.00,NAND2_X1,0.965517,1.000000,790,3178
3180,NODE,n3180,2,pi05,n1954,2,3.000000,8.000000,5.000000,3,1.00,AND2_X1,0.827586,5.000000,6,1954
3181,NODE,n3181,2,n258,n3180,1,4.000000,9.000000,5.000000,4,1.00,NAND2_X1,0.827586,5.000000,258,3180
3182,NODE,n3182,2,n3179,n3181,1,9.000000,10.000000,1.000000,9,1.00,NAND2_X1,0.965517,1.000000,3179,3181
3183,NODE,n3183,2,pi03,n3182,1,10.000000,11.000000,1.000000,10,1.00,NAND2_X1,0.965517,1.000000,4,3182
3184,NODE,n3184,2,pi15,n452,1,6.000000,8.000000,2.000000,6,1.00,AND2_X1,0.931035,2.000000,16,452
3185,NODE,n3185,2,pi02,n3184,1,7.000000,9.000000,2.000000,7,1.00,NAND2_X1,0.931035,2.000000,3,3184
3186,NODE,n3186,2,n1535,n1992,1,5.000000,9.000000,4.000000,5,1.00,NAND2_X1,0.862069,4.000000,1535,1992
3187,NODE,n3187,2,n3185,n3186,1,8.000000,10.000000,2.000000,8,1.00,NAND2_X1,0.931035,2.000000,3185,3186
3188,NODE,n3188,2,n90,n3187,1,9.000000,11.000000,2.000000,9,1.00,NAND2_X1,0.931035,2.000000,90,3187
3189,NODE,n3189,2,n3183,n3188,1,11.000000,12.000000,1.000000,11,1.00,NAND2_X1,0.965517,1.000000,3183,3188
3190,NODE,n3190,2,pi09,n3189,1,12.000000,13.000000,1.000000,12,1.00,AND2_X1,0.965517,1.000000,10,3189
3191,NODE,n3191,2,n61,n3190,1,13.000000,14.000000,1.000000,13,1.00,NAND2_X1,0.965517,1.000000,61,3190
3192,NODE,n3192,2,n3173,n3191,1,15.000000,15.000000,0.000000,15,1.00,NAND2_X1,1.000000,0.000000,3173,3191
3193,NODE,n3193,2,pi00,n3192,1,16.000000,16.000000,0.000000,16,1.00,NAND2_X1,1.000000,0.000000,1,3192
3194,NODE,n3194,2,n54,n771,2,3.000000,6.000000,3.000000,3,1.00,NAND2_X1,0.896552,3.000000,54,771
3195,NODE,n3195,2,pi04,n1068,1,4.000000,6.000000,2.000000,4,1.00,NAND2_X1,0.931035,2.000000,5,1068
3196,NODE,n3196,2,n3194,n3195,1,5.000000,7.000000,2.000000,5,1.00,NAND2_X1,0.931035,2.000000,3194,3195
3197,NODE,n3197,2,n90,n3196,1,6.000000,8.000000,2.000000,6,1.00,AND2_X1,0.931035,2.000000,90,3196
3198,NODE,n3198,2,pi02,n3197,1,7.000000,9.000000,2.000000,7,1.00,NAND2_X1,0.931035,2.000000,3,3197
3199,NODE,n3199,2,n54,n2689,1,4.000000,7.000000,3.000000,4,1.00,AND2_X1,0.896552,3.000000,54,2689
3200,NODE,n3200,2,pi03,n3199,1,5.000000,8.000000,3.000000,5,1.00,AND2_X1,0.896552,3.000000,4,3199
3201,NODE,n3201,2,n154,n3200,1,6.000000,9.000000,3.000000,6,1.00,NAND2_X1,0.896552,3.000000,154,3200
3202,NODE,n3202,2,n3198,n3201,1,8.000000,10.000000,2.000000,8,1.00,NAND2_X1,0.931035,2.000000,3198,3201
3203,NODE,n3203,2,n790,n3202,1,9.000000,11.000000,2.000000,9,1.00,NAND2_X1,0.931035,2.000000,790,3202
3204,NODE,n3204,2,n61,n3022,1,5.000000,9.000000,4.000000,5,1.00,AND2_X1,0.862069,4.000000,61,3022
3205,NODE,n3205,2,n54,n3204,1,6.000000,10.000000,4.000000,6,1.00,AND2_X1,0.862069,4.000000,54,3204
3206,NODE,n3206,2,pi03,n3205,1,7.000000,11.000000,4.000000,7,1.00,NAND2_X1,0.862069,4.000000,4,3205
3207,NODE,n3207,2,n3203,n3206,1,10.000000,12.000000,2.000000,10,1.00,NAND2_X1,0.931035,2.000000,3203,3206
3208,NODE,n3208,2,pi05,n3207,1,11.000000,13.000000,2.000000,11,1.00,NAND2_X1,0.931035,2.000000,6,3207
3209,NODE,n3209,2,pi04,n1255,2,4.000000,8.000000,4.000000,4,1.00,AND2_X1,0.862069,4.000000,5,1255
3210,NODE,n3210,2,pi15,n3209,1,5.000000,9.000000,4.000000,5,1.00,NAND2_X1,0.862069,4.000000,16,3209
3211,NODE,n3211,2,n435,n822,1,4.000000,9.000000,5.000000,4,1.00,NAND2_X1,0.827586,5.000000,435,822
3212,NODE,n3212,2,n3210,n3211,1,6.000000,10.000000,4.000000,6,1.00,NAND2_X1,0.862069,4.000000,3210,3211
3213,NODE,n3213,2,n34,n3212,1,7.000000,11.000000,4.000000,7,1.00,AND2_X1,0.862069,4.000000,34,3212
3214,NODE,n3214,2,pi03,n3213,1,8.000000,12.000000,4.000000,8,1.00,AND2_X1,0.862069,4.000000,4,3213
3215,NODE,n3215,2,n154,n3214,1,9.000000,13.000000,4.000000,9,1.00,NAND2_X1,0.862069,4.000000,154,3214
3216,NODE,n3216,2,n3208,n3215,1,12.000000,14.000000,2.000000,12,1.00,NAND2_X1,0.931035,2.000000,3208,3215
3217,NODE,n3217,2,pi09,n3216,1,13.000000,15.000000,2.000000,13,1.00,AND2_X1,0.931035,2.000000,10,3216
3218,NODE,n3218,2,n78,n3217,1,14.000000,16.000000,2.000000,14,1.00,NAND2_X1,0.931035,2.000000,78,3217
3219,NODE,n3219,2,n3193,n3218,1,17.000000,17.000000,0.000000,17,1.00,NAND2_X1,1.000000,0.000000,3193,3218
3220,NODE,n3220,2,pi01,n3219,1,18.000000,18.000000,0.000000,18,1.00,NAND2_X1,1.000000,0.000000,2,3219
3221,NODE,n3221,2,n3139,n3220,1,19.000000,19.000000,0.000000,19,1.00,NAND2_X1,1.000000,0.000000,3139,3220
3222,NODE,n3222,2,pi08,n3221,1,20.000000,20.000000,0.000000,20,1.00,NAND2_X1,1.000000,0.000000,9,3221
3223,NODE,n3223,2,n138,n2749,1,6.000000,10.000000,4.000000,6,1.00,AND2_X1,0.862069,4.000000,138,2749
3224,NODE,n3224,2,n78,n3223,1,7.000000,11.000000,4.000000,7,1.00,NAND2_X1,0.862069,4.000000,78,3223
3225,NODE,n3225,1,n448,,2,4.000000,7.000000,3.000000,4,1.00,INV_X1,0.896552,3.000000,448,-1
3226,NODE,n3226,2,pi00,n2152,2,3.000000,6.000000,3.000000,3,1.00,NAND2_X1,0.896552,3.000000,1,2152
3227,NODE,n3227,1,n3226,,2,4.000000,10.000000,6.000000,4,1.00,INV_X1,0.793103,6.000000,3226,-1
3228,NODE,n3228,2,n3225,n3227,1,5.000000,11.000000,6.000000,5,1.00,NAND2_X1,0.793103,6.000000,3225,3227
3229,NODE,n3229,2,n3224,n3228,1,8.000000,12.000000,4.000000,8,1.00,NAND2_X1,0.862069,4.000000,3224,3228
3230,NODE,n3230,2,n61,n3229,1,9.000000,13.000000,4.000000,9,1.00,NAND2_X1,0.862069,4.000000,61,3229
3231,NODE,n3231,2,pi06,n1670,2,4.000000,8.000000,4.000000,4,1.00,AND2_X1,0.862069,4.000000,7,1670
3232,NODE,n3232,2,n90,n3231,1,5.000000,9.000000,4.000000,5,1.00,NAND2_X1,0.862069,4.000000,90,3231
3233,NODE,n3233,2,n368,n596,1,3.000000,8.000000,5.000000,3,1.00,AND2_X1,0.827586,5.000000,368,596
3234,NODE,n3234,2,pi03,n3233,1,4.000000,9.000000,5.000000,4,1.00,NAND2_X1,0.827586,5.000000,4,3233
3235,NODE,n3235,2,n3232,n3234,1,6.000000,10.000000,4.000000,6,1.00,NAND2_X1,0.862069,4.000000,3232,3234
3236,NODE,n3236,2,pi07,n3235,1,7.000000,11.000000,4.000000,7,1.00,AND2_X1,0.862069,4.000000,8,3235
3237,NODE,n3237,2,pi01,n3236,1,8.000000,12.000000,4.000000,8,1.00,AND2_X1,0.862069,4.000000,2,3236
3238,NODE,n3238,2,pi00,n3237,1,9.000000,13.000000,4.000000,9,1.00,NAND2_X1,0.862069,4.000000,1,3237
3239,NODE,n3239,2,n3230,n3238,1,10.000000,14.000000,4.000000,10,1.00,NAND2_X1,0.862069,4.000000,3230,3238
3240,NODE,n3240,2,pi02,n3239,1,11.000000,15.000000,4.000000,11,1.00,NAND2_X1,0.862069,4.000000,3,3239
3241,NODE,n3241,2,n687,n1037,1,4.000000,8.000000,4.000000,4,1.00,NAND2_X1,0.862069,4.000000,687,1037
3242,NODE,n3242,2,n101,n1040,1,4.000000,8.000000,4.000000,4,1.00,NAND2_X1,0.862069,4.000000,101,1040
3243,NODE,n3243,2,n3241,n3242,1,5.000000,9.000000,4.000000,5,1.00,NAND2_X1,0.862069,4.000000,3241,3242
3244,NODE,n3244,2,n54,n3243,1,6.000000,10.000000,4.000000,6,1.00,AND2_X1,0.862069,4.000000,54,3243
3245,NODE,n3245,2,pi01,n3244,1,7.000000,11.000000,4.000000,7,1.00,NAND2_X1,0.862069,4.000000,2,3244
3246,NODE,n3246,2,pi07,n3062,1,4.000000,8.000000,4.000000,4,1.00,AND2_X1,0.862069,4.000000,8,3062
3247,NODE,n3247,2,pi04,n3246,1,5.000000,9.000000,4.000000,5,1.00,AND2_X1,0.862069,4.000000,5,3246
3248,NODE,n3248,2,n138,n3247,1,6.000000,10.000000,4.000000,6,1.00,AND2_X1,0.862069,4.000000,138,3247
3249,NODE,n3249,2,n78,n3248,1,7.000000,11.000000,4.000000,7,1.00,NAND2_X1,0.862069,4.000000,78,3248
3250,NODE,n3250,2,n3245,n3249,1,8.000000,12.000000,4.000000,8,1.00,NAND2_X1,0.862069,4.000000,3245,3249
3251,NODE,n3251,2,pi05,n3250,1,9.000000,13.000000,4.000000,9,1.00,NAND2_X1,0.862069,4.000000,6,3250
3252,NODE,n3252,2,n138,n3209,1,5.000000,9.000000,4.000000,5,1.00,NAND2_X1,0.862069,4.000000,138,3209
3253,NODE,n3253,2,n1037,n2890,1,4.000000,9.000000,5.000000,4,1.00,NAND2_X1,0.827586,5.000000,1037,2890
3254,NODE,n3254,2,n3252,n3253,1,6.000000,10.000000,4.000000,6,1.00,NAND2_X1,0.862069,4.000000,3252,3253
3255,NODE,n3255,2,n34,n3254,1,7.000000,11.000000,4.000000,7,1.00,AND2_X1,0.862069,4.000000,34,3254
3256,NODE,n3256,2,n90,n3255,1,8.000000,12.000000,4.000000,8,1.00,AND2_X1,0.862069,4.000000,90,3255
3257,NODE,n3257,2,pi00,n3256,1,9.000000,13.000000,4.000000,9,1.00,NAND2_X1,0.862069,4.000000,1,3256
3258,NODE,n3258,2,n3251,n3257,1,10.000000,14.000000,4.000000,10,1.00,NAND2_X1,0.862069,4.000000,3251,3257
3259,NODE,n3259,2,n154,n3258,1,11.000000,15.000000,4.000000,11,1.00,NAND2_X1,0.862069,4.000000,154,3258
3260,NODE,n3260,2,n3240,n3259,1,12.000000,16.000000,4.000000,12,1.00,NAND2_X1,0.862069,4.000000,3240,3259
3261,NODE,n3261,2,pi15,n3260,1,13.000000,17.000000,4.000000,13,1.00,NAND2_X1,0.862069,4.000000,16,3260
3262,NODE,n3262,2,n34,n1068,1,4.000000,7.000000,3.000000,4,1.00,NAND2_X1,0.896552,3.000000,34,1068
3263,NODE,n3263,2,n772,n3262,1,5.000000,8.000000,3.000000,5,1.00,NAND2_X1,0.896552,3.000000,772,3262
3264,NODE,n3264,2,pi04,n3263,1,6.000000,9.000000,3.000000,6,1.00,AND2_X1,0.896552,3.000000,5,3263
3265,NODE,n3265,2,n90,n3264,1,7.000000,10.000000,3.000000,7,1.00,AND2_X1,0.896552,3.000000,90,3264
3266,NODE,n3266,2,pi00,n3265,1,8.000000,11.000000,3.000000,8,1.00,NAND2_X1,0.896552,3.000000,1,3265
3267,NODE,n3267,2,n78,n159,2,4.000000,10.000000,6.000000,4,1.00,AND2_X1,0.793103,6.000000,78,159
3268,NODE,n3268,2,pi05,n1040,2,4.000000,10.000000,6.000000,4,1.00,AND2_X1,0.793103,6.000000,6,1040
3269,NODE,n3269,2,n3267,n3268,1,5.000000,11.000000,6.000000,5,1.00,NAND2_X1,0.793103,6.000000,3267,3268
3270,NODE,n3270,2,n3266,n3269,1,9.000000,12.000000,3.000000,9,1.00,NAND2_X1,0.896552,3.000000,3266,3269
3271,NODE,n3271,2,pi02,n3270,1,10.000000,13.000000,3.000000,10,1.00,NAND2_X1,0.896552,3.000000,3,3270
3272,NODE,n3272,2,n231,n1150,2,4.000000,9.000000,5.000000,4,1.00,NAND2_X1,0.827586,5.000000,231,1150
3273,NODE,n3273,2,n125,n1143,2,4.000000,9.000000,5.000000,4,1.00,NAND2_X1,0.827586,5.000000,125,1143
3274,NODE,n3274,2,n3272,n3273,1,5.000000,10.000000,5.000000,5,1.00,NAND2_X1,0.827586,5.000000,3272,3273
3275,NODE,n3275,2,pi07,n3274,1,6.000000,11.000000,5.000000,6,1.00,AND2_X1,0.827586,5.000000,8,3274
3276,NODE,n3276,2,n154,n3275,1,7.000000,12.000000,5.000000,7,1.00,AND2_X1,0.827586,5.000000,154,3275
3277,NODE,n3277,2,n78,n3276,1,8.000000,13.000000,5.000000,8,1.00,NAND2_X1,0.827586,5.000000,78,3276
3278,NODE,n3278,2,n3271,n3277,1,11.000000,14.000000,3.000000,11,1.00,NAND2_X1,0.896552,3.000000,3271,3277
3279,NODE,n3279,2,n138,n3278,1,12.000000,15.000000,3.000000,12,1.00,NAND2_X1,0.896552,3.000000,138,3278
3280,NODE,n3280,2,n34,n3097,1,4.000000,9.000000,5.000000,4,1.00,AND2_X1,0.827586,5.000000,34,3097
3281,NODE,n3281,2,pi00,n3280,1,5.000000,10.000000,5.000000,5,1.00,NAND2_X1,0.827586,5.000000,1,3280
3282,NODE,n3282,2,n3132,n3281,1,6.000000,11.000000,5.000000,6,1.00,NAND2_X1,0.827586,5.000000,3132,3281
3283,NODE,n3283,2,pi07,n3282,1,7.000000,12.000000,5.000000,7,1.00,AND2_X1,0.827586,5.000000,8,3282
3284,NODE,n3284,2,n54,n3283,1,8.000000,13.000000,5.000000,8,1.00,AND2_X1,0.827586,5.000000,54,3283
3285,NODE,n3285,2,n90,n3284,1,9.000000,14.000000,5.000000,9,1.00,AND2_X1,0.827586,5.000000,90,3284
3286,NODE,n3286,2,pi01,n3285,1,10.000000,15.000000,5.000000,10,1.00,NAND2_X1,0.827586,5.000000,2,3285
3287,NODE,n3287,2,n3279,n3286,1,13.000000,16.000000,3.000000,13,1.00,NAND2_X1,0.896552,3.000000,3279,3286
3288,NODE,n3288,2,n790,n3287,1,14.000000,17.000000,3.000000,14,1.00,NAND2_X1,0.896552,3.000000,790,3287
3289,NODE,n3289,2,n3261,n3288,1,15.000000,18.000000,3.000000,15,1.00,NAND2_X1,0.896552,3.000000,3261,3288
3290,NODE,n3290,2,pi09,n3289,1,16.000000,19.000000,3.000000,16,1.00,AND2_X1,0.896552,3.000000,10,3289
3291,NODE,n3291,2,n35,n3290,1,17.000000,20.000000,3.000000,17,1.00,NAND2_X1,0.896552,3.000000,35,3290
3292,NODE,n3292,2,n3222,n3291,1,21.000000,21.000000,0.000000,21,1.00,AND2_X1,1.000000,0.000000,3222,3291
3293,NODE,n3293,2,n3032,n3292,1,22.000000,22.000000,0.000000,22,1.00,NAND2_X1,1.000000,0.000000,3032,3292
3294,NODE,n3294,2,pi10,n3293,1,23.000000,23.000000,0.000000,23,1.00,NAND2_X1,1.000000,0.000000,11,3293
3295,NODE,n3295,2,n138,n274,2,3.000000,9.000000,6.000000,3,1.00,NAND2_X1,0.793103,6.000000,138,274
3296,NODE,n3296,1,n3295,,2,4.000000,21.000000,17.000000,4,1.00,INV_X1,0.413793,17.000000,3295,-1
3297,NODE,n3297,1,n508,,2,5.000000,18.000000,13.000000,5,1.00,INV_X1,0.551724,13.000000,508,-1
3298,NODE,n3298,2,n33,pi15,3,2.000000,6.000000,4.000000,2,1.00,NAND2_X1,0.862069,4.000000,33,16
3299,NODE,n3299,1,n3298,,10,3.000000,7.000000,4.000000,3,1.00,INV_X1,0.862069,4.000000,3298,-1
3300,NODE,n3300,2,pi09,n3299,3,4.000000,14.000000,10.000000,4,1.00,AND2_X1,0.655172,10.000000,10,3299
3301,NODE,n3301,2,pi06,n82,1,4.000000,19.000000,15.000000,4,1.00,AND2_X1,0.482759,15.000000,7,82
3302,NODE,n3302,2,n3300,n3301,1,5.000000,20.000000,15.000000,5,1.00,AND2_X1,0.482759,15.000000,3300,3301
3303,NODE,n3303,2,n3297,n3302,1,6.000000,21.000000,15.000000,6,1.00,AND2_X1,0.482759,15.000000,3297,3302
3304,NODE,n3304,2,n3296,n3303,2,7.000000,22.000000,15.000000,7,1.00,NAND2_X1,0.482759,15.000000,3296,3303
3305,NODE,n3305,2,n3294,n3304,1,24.000000,24.000000,0.000000,24,1.00,AND2_X1,1.000000,0.000000,3294,3304
3306,NODE,n3306,2,n2887,n3305,1,25.000000,25.000000,0.000000,25,1.00,NAND2_X1,1.000000,0.000000,2887,3305
3307,NODE,n3307,2,n44,n3306,1,26.000000,26.000000,0.000000,26,1.00,AND2_X1,1.000000,0.000000,44,3306
3308,NODE,n3308,2,pi13,n3307,1,27.000000,27.000000,0.000000,27,1.00,AND2_X1,1.000000,0.000000,14,3307
3309,NODE,n3309,2,pi12,n3308,1,28.000000,28.000000,0.000000,28,1.00,AND2_X1,1.000000,0.000000,13,3308
3310,NODE,n3310,2,pi11,n3309,1,29.000000,29.000000,0.000000,29,1.00,NAND2_X1,1.000000,0.000000,12,3309
3311,NODE,n3311,2,n2679,n3310,1,30.000000,30.000000,0.000000,30,1.00,NAND2_X1,1.000000,0.000000,2679,3310
3312,NODE,n3312,2,n138,pi06,1,2.000000,31.000000,29.000000,2,1.00,NAND2_X1,0.000000,29.000000,138,7
3313,NODE,n3313,2,pi01,n368,2,2.000000,7.000000,5.000000,2,1.00,NAND2_X1,0.827586,5.000000,2,368
3314,NODE,n3314,2,n3312,n3313,1,3.000000,32.000000,29.000000,3,1.00,NAND2_X1,0.000000,29.000000,3312,3313
3315,NODE,n3315,2,n90,n274,2,3.000000,6.000000,3.000000,3,1.00,NAND2_X1,0.896552,3.000000,90,274
3316,NODE,n3316,2,pi03,n116,2,4.000000,6.000000,2.000000,4,1.00,NAND2_X1,0.931035,2.000000,4,116
3317,NODE,n3317,2,n3315,n3316,3,5.000000,7.000000,2.000000,5,1.00,NAND2_X1,0.931035,2.000000,3315,3316
3318,NODE,n3318,2,n370,n715,2,4.000000,18.000000,14.000000,4,1.00,NAND2_X1,0.517241,14.000000,370,715
3319,NODE,n3319,2,n2097,n3318,2,5.000000,19.000000,14.000000,5,1.00,NAND2_X1,0.517241,14.000000,2097,3318
3320,NODE,n3320,2,n44,n3319,1,6.000000,23.000000,17.000000,6,1.00,AND2_X1,0.413793,17.000000,44,3319
3321,NODE,n3321,2,pi13,n3320,1,7.000000,24.000000,17.000000,7,1.00,AND2_X1,0.413793,17.000000,14,3320
3322,NODE,n3322,2,pi12,n3321,1,8.000000,25.000000,17.000000,8,1.00,AND2_X1,0.413793,17.000000,13,3321
3323,NODE,n3323,2,pi11,n3322,1,9.000000,26.000000,17.000000,9,1.00,NAND2_X1,0.413793,17.000000,12,3322
3324,NODE,n3324,2,pi14,n1341,1,4.000000,20.000000,16.000000,4,1.00,AND2_X1,0.448276,16.000000,15,1341
3325,NODE,n3325,2,n40,n3324,1,5.000000,21.000000,16.000000,5,1.00,AND2_X1,0.448276,16.000000,40,3324
3326,NODE,n3326,2,n39,n3325,1,6.000000,22.000000,16.000000,6,1.00,AND2_X1,0.448276,16.000000,39,3325
3327,NODE,n3327,2,n36,n3326,1,7.000000,23.000000,16.000000,7,1.00,AND2_X1,0.448276,16.000000,36,3326
3328,NODE,n3328,2,n33,n3327,1,8.000000,24.000000,16.000000,8,1.00,AND2_X1,0.448276,16.000000,33,3327
3329,NODE,n3329,2,n35,n3328,1,9.000000,25.000000,16.000000,9,1.00,AND2_X1,0.448276,16.000000,35,3328
3330,NODE,n3330,2,pi07,n3329,1,10.000000,26.000000,16.000000,10,1.00,NAND2_X1,0.448276,16.000000,8,3329
3331,NODE,n3331,2,n3323,n3330,1,11.000000,27.000000,16.000000,11,1.00,NAND2_X1,0.448276,16.000000,3323,3330
3332,NODE,n3332,2,pi15,n3331,1,12.000000,28.000000,16.000000,12,1.00,NAND2_X1,0.448276,16.000000,16,3331
3333,NODE,n3333,2,n35,n373,4,4.000000,14.000000,10.000000,4,1.00,AND2_X1,0.655172,10.000000,35,373
3334,NODE,n3334,2,n883,n3333,1,5.000000,27.000000,22.000000,5,1.00,AND2_X1,0.241379,22.000000,883,3333
3335,NODE,n3335,2,n948,n3334,1,6.000000,28.000000,22.000000,6,1.00,NAND2_X1,0.241379,22.000000,948,3334
3336,NODE,n3336,2,n3332,n3335,1,13.000000,29.000000,16.000000,13,1.00,AND2_X1,0.448276,16.000000,3332,3335
3337,NODE,n3337,2,n2070,n2073,3,3.000000,7.000000,4.000000,3,1.00,NAND2_X1,0.862069,4.000000,2070,2073
3338,NODE,n3338,2,pi00,n3337,2,4.000000,8.000000,4.000000,4,1.00,NAND2_X1,0.862069,4.000000,1,3337
3339,NODE,n3339,1,n1402,,4,3.000000,4.000000,1.000000,3,1.00,INV_X1,0.965517,1.000000,1402,-1
3340,NODE,n3340,2,n78,n3339,1,4.000000,18.000000,14.000000,4,1.00,NAND2_X1,0.517241,14.000000,78,3339
3341,NODE,n3341,2,n3338,n3340,1,5.000000,19.000000,14.000000,5,1.00,NAND2_X1,0.517241,14.000000,3338,3340
3342,NODE,n3342,2,pi08,n3341,1,6.000000,20.000000,14.000000,6,1.00,NAND2_X1,0.517241,14.000000,9,3341
3343,NODE,n3343,2,n487,n1075,1,4.000000,20.000000,16.000000,4,1.00,NAND2_X1,0.448276,16.000000,487,1075
3344,NODE,n3344,2,n3342,n3343,1,7.000000,21.000000,14.000000,7,1.00,NAND2_X1,0.517241,14.000000,3342,3343
3345,NODE,n3345,2,pi07,n3344,1,8.000000,22.000000,14.000000,8,1.00,NAND2_X1,0.517241,14.000000,8,3344
3346,NODE,n3346,1,n1076,,2,5.000000,12.000000,7.000000,5,1.00,INV_X1,0.758621,7.000000,1076,-1
3347,NODE,n3347,2,n860,n3346,1,6.000000,22.000000,16.000000,6,1.00,NAND2_X1,0.448276,16.000000,860,3346
3348,NODE,n3348,2,n3345,n3347,1,9.000000,23.000000,14.000000,9,1.00,NAND2_X1,0.517241,14.000000,3345,3347
3349,NODE,n3349,2,pi14,n3348,1,10.000000,24.000000,14.000000,10,1.00,AND2_X1,0.517241,14.000000,15,3348
3350,NODE,n3350,2,n40,n3349,1,11.000000,25.000000,14.000000,11,1.00,AND2_X1,0.517241,14.000000,40,3349
3351,NODE,n3351,2,n39,n3350,1,12.000000,26.000000,14.000000,12,1.00,AND2_X1,0.517241,14.000000,39,3350
3352,NODE,n3352,2,n36,n3351,1,13.000000,27.000000,14.000000,13,1.00,AND2_X1,0.517241,14.000000,36,3351
3353,NODE,n3353,2,n33,n3352,1,14.000000,28.000000,14.000000,14,1.00,AND2_X1,0.517241,14.000000,33,3352
3354,NODE,n3354,2,n62,n3353,1,15.000000,29.000000,14.000000,15,1.00,NAND2_X1,0.517241,14.000000,62,3353
3355,NODE,n3355,2,n3336,n3354,1,16.000000,30.000000,14.000000,16,1.00,NAND2_X1,0.517241,14.000000,3336,3354
3356,NODE,n3356,2,n3317,n3355,1,17.000000,31.000000,14.000000,17,1.00,NAND2_X1,0.517241,14.000000,3317,3355
3357,NODE,n3357,2,pi03,n597,2,4.000000,4.000000,0.000000,4,1.00,NAND2_X1,1.000000,0.000000,4,597
3358,NODE,n3358,2,n90,n594,2,4.000000,4.000000,0.000000,4,1.00,NAND2_X1,1.000000,0.000000,90,594
3359,NODE,n3359,2,n3357,n3358,3,5.000000,5.000000,0.000000,5,1.00,NAND2_X1,1.000000,0.000000,3357,3358
3360,NODE,n3360,2,pi02,n62,1,2.000000,16.000000,14.000000,2,1.00,AND2_X1,0.517241,14.000000,3,62
3361,NODE,n3361,2,n78,n3360,1,3.000000,17.000000,14.000000,3,1.00,NAND2_X1,0.517241,14.000000,78,3360
3362,NODE,n3362,2,n1339,n3361,1,4.000000,18.000000,14.000000,4,1.00,NAND2_X1,0.517241,14.000000,1339,3361
3363,NODE,n3363,2,n3359,n3362,1,6.000000,19.000000,13.000000,6,1.00,NAND2_X1,0.551724,13.000000,3359,3362
3364,NODE,n3364,2,n34,n478,1,3.000000,18.000000,15.000000,3,1.00,AND2_X1,0.482759,15.000000,34,478
3365,NODE,n3365,2,n859,n1339,1,3.000000,17.000000,14.000000,3,1.00,NAND2_X1,0.517241,14.000000,859,1339
3366,NODE,n3366,2,pi04,n320,1,3.000000,17.000000,14.000000,3,1.00,AND2_X1,0.517241,14.000000,5,320
3367,NODE,n3367,2,n3365,n3366,1,4.000000,18.000000,14.000000,4,1.00,AND2_X1,0.517241,14.000000,3365,3366
3368,NODE,n3368,2,n3364,n3367,1,5.000000,19.000000,14.000000,5,1.00,NAND2_X1,0.517241,14.000000,3364,3367
3369,NODE,n3369,2,n3363,n3368,1,7.000000,20.000000,13.000000,7,1.00,NAND2_X1,0.551724,13.000000,3363,3368
3370,NODE,n3370,2,n3369,n42,1,8.000000,21.000000,13.000000,8,1.00,AND2_X1,0.551724,13.000000,3369,42
3371,NODE,n3371,2,n36,n3370,1,9.000000,22.000000,13.000000,9,1.00,AND2_X1,0.551724,13.000000,36,3370
3372,NODE,n3372,2,n33,n3371,1,10.000000,23.000000,13.000000,10,1.00,NAND2_X1,0.551724,13.000000,33,3371
3373,NODE,n3373,1,n620,,6,5.000000,7.000000,2.000000,5,1.00,INV_X1,0.931035,2.000000,620,-1
3374,NODE,n3374,2,n3373,n860,1,6.000000,22.000000,16.000000,6,1.00,AND2_X1,0.448276,16.000000,3373,860
3375,NODE,n3375,2,n114,n3374,1,7.000000,23.000000,16.000000,7,1.00,NAND2_X1,0.448276,16.000000,114,3374
3376,NODE,n3376,2,n3372,n3375,1,11.000000,24.000000,13.000000,11,1.00,AND2_X1,0.551724,13.000000,3372,3375
3377,NODE,n3377,2,pi03,n267,2,3.000000,8.000000,5.000000,3,1.00,AND2_X1,0.827586,5.000000,4,267
3378,NODE,n3378,2,n263,n3377,1,6.000000,24.000000,18.000000,6,1.00,NAND2_X1,0.379310,18.000000,263,3377
3379,NODE,n3379,2,n3376,n3378,1,12.000000,25.000000,13.000000,12,1.00,AND2_X1,0.551724,13.000000,3376,3378
3380,NODE,n3380,2,n1411,n755,1,4.000000,19.000000,15.000000,4,1.00,NAND2_X1,0.482759,15.000000,1411,755
3381,NODE,n3381,2,pi02,n231,2,4.000000,8.000000,4.000000,4,1.00,NAND2_X1,0.862069,4.000000,3,231
3382,NODE,n3382,2,n229,n3381,5,5.000000,12.000000,7.000000,5,1.00,NAND2_X1,0.758621,7.000000,229,3381
3383,NODE,n3383,1,n3382,,1,6.000000,19.000000,13.000000,6,1.00,INV_X1,0.551724,13.000000,3382,-1
3384,NODE,n3384,2,n3380,n3383,1,7.000000,20.000000,13.000000,7,1.00,NAND2_X1,0.551724,13.000000,3380,3383
3385,NODE,n3385,2,pi14,n3384,1,8.000000,21.000000,13.000000,8,1.00,AND2_X1,0.551724,13.000000,15,3384
3386,NODE,n3386,2,n40,n3385,1,9.000000,22.000000,13.000000,9,1.00,AND2_X1,0.551724,13.000000,40,3385
3387,NODE,n3387,2,n39,n3386,1,10.000000,23.000000,13.000000,10,1.00,AND2_X1,0.551724,13.000000,39,3386
3388,NODE,n3388,2,n91,n3387,1,11.000000,24.000000,13.000000,11,1.00,AND2_X1,0.551724,13.000000,91,3387
3389,NODE,n3389,2,pi00,n3388,1,12.000000,25.000000,13.000000,12,1.00,NAND2_X1,0.551724,13.000000,1,3388
3390,NODE,n3390,2,n3379,n3389,1,13.000000,26.000000,13.000000,13,1.00,NAND2_X1,0.551724,13.000000,3379,3389
3391,NODE,n3391,2,pi07,n3390,1,14.000000,27.000000,13.000000,14,1.00,NAND2_X1,0.551724,13.000000,8,3390
3392,NODE,n3392,2,n34,n754,1,3.000000,18.000000,15.000000,3,1.00,AND2_X1,0.482759,15.000000,34,754
3393,NODE,n3393,2,pi04,n3392,1,4.000000,19.000000,15.000000,4,1.00,NAND2_X1,0.482759,15.000000,5,3392
3394,NODE,n3394,2,n597,n755,4,4.000000,5.000000,1.000000,4,1.00,NAND2_X1,0.965517,1.000000,597,755
3395,NODE,n3395,2,n3393,n3394,1,5.000000,20.000000,15.000000,5,1.00,NAND2_X1,0.482759,15.000000,3393,3394
3396,NODE,n3396,2,n44,n3395,1,6.000000,21.000000,15.000000,6,1.00,AND2_X1,0.482759,15.000000,44,3395
3397,NODE,n3397,2,pi13,n3396,1,7.000000,22.000000,15.000000,7,1.00,AND2_X1,0.482759,15.000000,14,3396
3398,NODE,n3398,2,pi12,n3397,1,8.000000,23.000000,15.000000,8,1.00,AND2_X1,0.482759,15.000000,13,3397
3399,NODE,n3399,2,pi11,n3398,1,9.000000,24.000000,15.000000,9,1.00,AND2_X1,0.482759,15.000000,12,3398
3400,NODE,n3400,2,pi10,n3399,1,10.000000,25.000000,15.000000,10,1.00,AND2_X1,0.482759,15.000000,11,3399
3401,NODE,n3401,2,pi09,n3400,1,11.000000,26.000000,15.000000,11,1.00,AND2_X1,0.482759,15.000000,10,3400
3402,NODE,n3402,2,n61,n3401,1,12.000000,27.000000,15.000000,12,1.00,NAND2_X1,0.482759,15.000000,61,3401
3403,NODE,n3403,2,n3391,n3402,1,15.000000,28.000000,13.000000,15,1.00,NAND2_X1,0.551724,13.000000,3391,3402
3404,NODE,n3404,2,n35,n3403,1,16.000000,29.000000,13.000000,16,1.00,NAND2_X1,0.551724,13.000000,35,3403
3405,NODE,n3405,2,n44,n1726,1,6.000000,19.000000,13.000000,6,1.00,AND2_X1,0.551724,13.000000,44,1726
3406,NODE,n3406,2,pi13,n3405,1,7.000000,20.000000,13.000000,7,1.00,AND2_X1,0.551724,13.000000,14,3405
3407,NODE,n3407,2,pi12,n3406,1,8.000000,21.000000,13.000000,8,1.00,AND2_X1,0.551724,13.000000,13,3406
3408,NODE,n3408,2,pi11,n3407,1,9.000000,22.000000,13.000000,9,1.00,AND2_X1,0.551724,13.000000,12,3407
3409,NODE,n3409,2,pi10,n3408,1,10.000000,23.000000,13.000000,10,1.00,AND2_X1,0.551724,13.000000,11,3408
3410,NODE,n3410,2,pi09,n3409,1,11.000000,24.000000,13.000000,11,1.00,AND2_X1,0.551724,13.000000,10,3409
3411,NODE,n3411,2,pi07,n3410,1,12.000000,25.000000,13.000000,12,1.00,NAND2_X1,0.551724,13.000000,8,3410
3412,NODE,n3412,2,n223,n320,7,3.000000,7.000000,4.000000,3,1.00,NAND2_X1,0.862069,4.000000,223,320
3413,NODE,n3413,2,n41,n3412,1,4.000000,20.000000,16.000000,4,1.00,AND2_X1,0.448276,16.000000,41,3412
3414,NODE,n3414,2,n39,n3413,1,5.000000,21.000000,16.000000,5,1.00,AND2_X1,0.448276,16.000000,39,3413
3415,NODE,n3415,2,n36,n3414,1,6.000000,22.000000,16.000000,6,1.00,AND2_X1,0.448276,16.000000,36,3414
3416,NODE,n3416,2,n33,n3415,1,7.000000,23.000000,16.000000,7,1.00,AND2_X1,0.448276,16.000000,33,3415
3417,NODE,n3417,2,n62,n3416,1,8.000000,24.000000,16.000000,8,1.00,AND2_X1,0.448276,16.000000,62,3416
3418,NODE,n3418,2,n61,n3417,1,9.000000,25.000000,16.000000,9,1.00,NAND2_X1,0.448276,16.000000,61,3417
3419,NODE,n3419,2,n3411,n3418,1,13.000000,26.000000,13.000000,13,1.00,NAND2_X1,0.551724,13.000000,3411,3418
3420,NODE,n3420,2,pi00,n3419,1,14.000000,27.000000,13.000000,14,1.00,NAND2_X1,0.551724,13.000000,1,3419
3421,NODE,n3421,2,pi03,n209,1,6.000000,23.000000,17.000000,6,1.00,NAND2_X1,0.413793,17.000000,4,209
3422,NODE,n3422,2,n70,n220,1,5.000000,22.000000,17.000000,5,1.00,AND2_X1,0.413793,17.000000,70,220
3423,NODE,n3423,2,n156,n3422,1,6.000000,23.000000,17.000000,6,1.00,NAND2_X1,0.413793,17.000000,156,3422
3424,NODE,n3424,2,n3421,n3423,1,7.000000,24.000000,17.000000,7,1.00,NAND2_X1,0.413793,17.000000,3421,3423
3425,NODE,n3425,2,n61,n3424,1,8.000000,25.000000,17.000000,8,1.00,AND2_X1,0.413793,17.000000,61,3424
3426,NODE,n3426,2,n154,n3425,1,9.000000,26.000000,17.000000,9,1.00,AND2_X1,0.413793,17.000000,154,3425
3427,NODE,n3427,2,n78,n3426,1,10.000000,27.000000,17.000000,10,1.00,NAND2_X1,0.413793,17.000000,78,3426
3428,NODE,n3428,2,n3420,n3427,1,15.000000,28.000000,13.000000,15,1.00,NAND2_X1,0.551724,13.000000,3420,3427
3429,NODE,n3429,2,pi08,n3428,1,16.000000,29.000000,13.000000,16,1.00,NAND2_X1,0.551724,13.000000,9,3428
3430,NODE,n3430,2,n3404,n3429,1,17.000000,30.000000,13.000000,17,1.00,AND2_X1,0.551724,13.000000,3404,3429
3431,NODE,n3431,2,pi07,n114,2,5.000000,11.000000,6.000000,5,1.00,NAND2_X1,0.793103,6.000000,8,114
3432,NODE,n3432,1,n3431,,2,6.000000,16.000000,10.000000,6,1.00,INV_X1,0.655172,10.000000,3431,-1
3433,NODE,n3433,2,n35,n3432,1,7.000000,17.000000,10.000000,7,1.00,NAND2_X1,0.655172,10.000000,35,3432
3434,NODE,n3434,2,n82,n209,1,6.000000,17.000000,11.000000,6,1.00,NAND2_X1,0.620690,11.000000,82,209
3435,NODE,n3435,2,n3433,n3434,1,8.000000,18.000000,10.000000,8,1.00,NAND2_X1,0.655172,10.000000,3433,3434
3436,NODE,n3436,2,n78,n3435,1,9.000000,19.000000,10.000000,9,1.00,NAND2_X1,0.655172,10.000000,78,3435
3437,NODE,n3437,2,n883,n920,1,4.000000,18.000000,14.000000,4,1.00,AND2_X1,0.517241,14.000000,883,920
3438,NODE,n3438,2,n70,n3437,1,5.000000,19.000000,14.000000,5,1.00,NAND2_X1,0.517241,14.000000,70,3437
3439,NODE,n3439,2,n3436,n3438,1,10.000000,20.000000,10.000000,10,1.00,NAND2_X1,0.655172,10.000000,3436,3438
3440,NODE,n3440,2,pi02,n3439,1,11.000000,21.000000,10.000000,11,1.00,NAND2_X1,0.655172,10.000000,3,3439
3441,NODE,n3441,2,n154,n3432,1,7.000000,20.000000,13.000000,7,1.00,AND2_X1,0.551724,13.000000,154,3432
3442,NODE,n3442,2,pi00,n3441,1,8.000000,21.000000,13.000000,8,1.00,NAND2_X1,0.551724,13.000000,1,3441
3443,NODE,n3443,2,n3440,n3442,1,12.000000,22.000000,10.000000,12,1.00,NAND2_X1,0.655172,10.000000,3440,3442
3444,NODE,n3444,2,n54,n3443,1,13.000000,23.000000,10.000000,13,1.00,NAND2_X1,0.655172,10.000000,54,3443
3445,NODE,n3445,1,n1680,,1,5.000000,21.000000,16.000000,5,1.00,INV_X1,0.448276,16.000000,1680,-1
3446,NODE,n3446,2,n487,n3445,1,6.000000,22.000000,16.000000,6,1.00,AND2_X1,0.448276,16.000000,487,3445
3447,NODE,n3447,2,n209,n3446,1,7.000000,23.000000,16.000000,7,1.00,NAND2_X1,0.448276,16.000000,209,3446
3448,NODE,n3448,2,n3444,n3447,1,14.000000,24.000000,10.000000,14,1.00,NAND2_X1,0.655172,10.000000,3444,3447
3449,NODE,n3449,2,n90,n3448,1,15.000000,25.000000,10.000000,15,1.00,NAND2_X1,0.655172,10.000000,90,3448
3450,NODE,n3450,2,n78,n1052,5,3.000000,12.000000,9.000000,3,1.00,AND2_X1,0.689655,9.000000,78,1052
3451,NODE,n3451,2,n2137,n3450,1,6.000000,24.000000,18.000000,6,1.00,AND2_X1,0.379310,18.000000,2137,3450
3452,NODE,n3452,2,n209,n3451,1,7.000000,25.000000,18.000000,7,1.00,NAND2_X1,0.379310,18.000000,209,3451
3453,NODE,n3453,2,n3449,n3452,1,16.000000,26.000000,10.000000,16,1.00,NAND2_X1,0.655172,10.000000,3449,3452
3454,NODE,n3454,2,pi15,n3453,1,17.000000,27.000000,10.000000,17,1.00,NAND2_X1,0.655172,10.000000,16,3453
3455,NODE,n3455,2,pi04,n127,2,3.000000,11.000000,8.000000,3,1.00,AND2_X1,0.724138,8.000000,5,127
3456,NODE,n3456,2,n2090,n3455,1,6.000000,26.000000,20.000000,6,1.00,AND2_X1,0.310345,20.000000,2090,3455
3457,NODE,n3457,2,n1053,n3456,1,7.000000,27.000000,20.000000,7,1.00,NAND2_X1,0.310345,20.000000,1053,3456
3458,NODE,n3458,2,n3454,n3457,1,18.000000,28.000000,10.000000,18,1.00,AND2_X1,0.655172,10.000000,3454,3457
3459,NODE,n3459,2,n486,n1045,2,3.000000,19.000000,16.000000,3,1.00,NAND2_X1,0.448276,16.000000,486,1045
3460,NODE,n3460,2,n33,n954,1,8.000000,22.000000,14.000000,8,1.00,AND2_X1,0.517241,14.000000,33,954
3461,NODE,n3461,2,pi08,n3460,1,9.000000,23.000000,14.000000,9,1.00,AND2_X1,0.517241,14.000000,9,3460
3462,NODE,n3462,2,pi07,n3461,1,10.000000,24.000000,14.000000,10,1.00,NAND2_X1,0.517241,14.000000,8,3461
3463,NODE,n3463,1,n3318,,1,5.000000,23.000000,18.000000,5,1.00,INV_X1,0.379310,18.000000,3318,-1
3464,NODE,n3464,2,n952,n3463,1,6.000000,24.000000,18.000000,6,1.00,NAND2_X1,0.379310,18.000000,952,3463
3465,NODE,n3465,2,n3462,n3464,1,11.000000,25.000000,14.000000,11,1.00,NAND2_X1,0.517241,14.000000,3462,3464
3466,NODE,n3466,2,n3459,n3465,1,12.000000,26.000000,14.000000,12,1.00,NAND2_X1,0.517241,14.000000,3459,3465
3467,NODE,n3467,2,n403,n859,3,3.000000,14.000000,11.000000,3,1.00,NAND2_X1,0.620690,11.000000,403,859
3468,NODE,n3468,2,n3319,n3467,1,6.000000,20.000000,14.000000,6,1.00,AND2_X1,0.517241,14.000000,3319,3467
3469,NODE,n3469,2,n44,n3468,1,7.000000,21.000000,14.000000,7,1.00,AND2_X1,0.517241,14.000000,44,3468
3470,NODE,n3470,2,pi13,n3469,1,8.000000,22.000000,14.000000,8,1.00,AND2_X1,0.517241,14.000000,14,3469
3471,NODE,n3471,2,pi12,n3470,1,9.000000,23.000000,14.000000,9,1.00,AND2_X1,0.517241,14.000000,13,3470
3472,NODE,n3472,2,pi11,n3471,1,10.000000,24.000000,14.000000,10,1.00,NAND2_X1,0.517241,14.000000,12,3471
3473,NODE,n3473,2,n404,n676,1,6.000000,23.000000,17.000000,6,1.00,AND2_X1,0.413793,17.000000,404,676
3474,NODE,n3474,2,n255,n3473,1,7.000000,24.000000,17.000000,7,1.00,NAND2_X1,0.413793,17.000000,255,3473
3475,NODE,n3475,2,n3472,n3474,1,11.000000,25.000000,14.000000,11,1.00,NAND2_X1,0.517241,14.000000,3472,3474
3476,NODE,n3476,2,pi15,n3475,1,12.000000,26.000000,14.000000,12,1.00,NAND2_X1,0.517241,14.000000,16,3475
3477,NODE,n3477,2,n3466,n3476,2,13.000000,27.000000,14.000000,13,1.00,NAND2_X1,0.517241,14.000000,3466,3476
3478,NODE,n3478,2,n1919,n3477,1,14.000000,28.000000,14.000000,14,1.00,NAND2_X1,0.517241,14.000000,1919,3477
3479,NODE,n3479,2,n3458,n3478,1,19.000000,29.000000,10.000000,19,1.00,AND2_X1,0.655172,10.000000,3458,3478
3480,NODE,n3480,2,n3359,n3477,1,14.000000,28.000000,14.000000,14,1.00,NAND2_X1,0.517241,14.000000,3359,3477
3481,NODE,n3481,2,n1795,n1798,3,3.000000,12.000000,9.000000,3,1.00,NAND2_X1,0.689655,9.000000,1795,1798
3482,NODE,n3482,1,n1206,,5,3.000000,5.000000,2.000000,3,1.00,INV_X1,0.931035,2.000000,1206,-1
3483,NODE,n3483,2,pi15,n275,2,5.000000,14.000000,9.000000,5,1.00,AND2_X1,0.689655,9.000000,16,275
3484,NODE,n3484,2,n3482,n3483,1,6.000000,18.000000,12.000000,6,1.00,AND2_X1,0.586207,12.000000,3482,3483
3485,NODE,n3485,2,n2205,n3484,1,7.000000,19.000000,12.000000,7,1.00,NAND2_X1,0.586207,12.000000,2205,3484
3486,NODE,n3486,2,pi04,n1333,2,3.000000,18.000000,15.000000,3,1.00,AND2_X1,0.482759,15.000000,5,1333
3487,NODE,n3487,2,n1466,n3486,1,4.000000,19.000000,15.000000,4,1.00,NAND2_X1,0.482759,15.000000,1466,3486
3488,NODE,n3488,2,n3485,n3487,1,8.000000,20.000000,12.000000,8,1.00,NAND2_X1,0.586207,12.000000,3485,3487
3489,NODE,n3489,2,n3481,n3488,1,9.000000,21.000000,12.000000,9,1.00,NAND2_X1,0.586207,12.000000,3481,3488
3490,NODE,n3490,2,n1175,n1535,1,4.000000,11.000000,7.000000,4,1.00,NAND2_X1,0.758621,7.000000,1175,1535
3491,NODE,n3491,2,n284,n1178,1,4.000000,11.000000,7.000000,4,1.00,NAND2_X1,0.758621,7.000000,284,1178
3492,NODE,n3492,2,n3490,n3491,1,5.000000,12.000000,7.000000,5,1.00,NAND2_X1,0.758621,7.000000,3490,3491
3493,NODE,n3493,2,pi09,n3492,1,6.000000,13.000000,7.000000,6,1.00,AND2_X1,0.758621,7.000000,10,3492
3494,NODE,n3494,2,pi07,n3493,1,7.000000,14.000000,7.000000,7,1.00,NAND2_X1,0.758621,7.000000,8,3493
3495,NODE,n3495,2,n61,n2504,1,6.000000,14.000000,8.000000,6,1.00,NAND2_X1,0.724138,8.000000,61,2504
3496,NODE,n3496,2,n3494,n3495,1,8.000000,15.000000,7.000000,8,1.00,NAND2_X1,0.758621,7.000000,3494,3495
3497,NODE,n3497,2,pi10,n3496,1,9.000000,16.000000,7.000000,9,1.00,NAND2_X1,0.758621,7.000000,11,3496
3498,NODE,n3498,2,n82,n3300,3,5.000000,15.000000,10.000000,5,1.00,AND2_X1,0.655172,10.000000,82,3300
3499,NODE,n3499,2,pi04,n3498,1,6.000000,16.000000,10.000000,6,1.00,NAND2_X1,0.655172,10.000000,5,3498
3500,NODE,n3500,2,n3497,n3499,1,10.000000,17.000000,7.000000,10,1.00,NAND2_X1,0.758621,7.000000,3497,3499
3501,NODE,n3501,2,n44,n3500,1,11.000000,18.000000,7.000000,11,1.00,AND2_X1,0.758621,7.000000,44,3500
3502,NODE,n3502,2,pi13,n3501,1,12.000000,19.000000,7.000000,12,1.00,AND2_X1,0.758621,7.000000,14,3501
3503,NODE,n3503,2,pi12,n3502,1,13.000000,20.000000,7.000000,13,1.00,AND2_X1,0.758621,7.000000,13,3502
3504,NODE,n3504,2,pi11,n3503,1,14.000000,21.000000,7.000000,14,1.00,NAND2_X1,0.758621,7.000000,12,3503
3505,NODE,n3505,2,n3489,n3504,1,15.000000,22.000000,7.000000,15,1.00,NAND2_X1,0.758621,7.000000,3489,3504
3506,NODE,n3506,2,n78,n3505,1,16.000000,23.000000,7.000000,16,1.00,NAND2_X1,0.758621,7.000000,78,3505
3507,NODE,n3507,2,pi10,n790,3,2.000000,6.000000,4.000000,2,1.00,NAND2_X1,0.862069,4.000000,11,790
3508,NODE,n3508,2,n3298,n3507,1,3.000000,8.000000,5.000000,3,1.00,NAND2_X1,0.827586,5.000000,3298,3507
3509,NODE,n3509,2,pi02,n3508,1,4.000000,9.000000,5.000000,4,1.00,NAND2_X1,0.827586,5.000000,3,3508
3510,NODE,n3510,2,n154,n3299,1,4.000000,9.000000,5.000000,4,1.00,NAND2_X1,0.827586,5.000000,154,3299
3511,NODE,n3511,2,n3509,n3510,1,5.000000,10.000000,5.000000,5,1.00,NAND2_X1,0.827586,5.000000,3509,3510
3512,NODE,n3512,2,pi08,n3511,1,6.000000,11.000000,5.000000,6,1.00,AND2_X1,0.827586,5.000000,9,3511
3513,NODE,n3513,2,n61,n3512,1,7.000000,12.000000,5.000000,7,1.00,NAND2_X1,0.827586,5.000000,61,3512
3514,NODE,n3514,2,pi10,pi15,4,1.000000,10.000000,9.000000,1,1.00,AND2_X1,0.689655,9.000000,11,16
3515,NODE,n3515,2,n35,n3514,1,2.000000,11.000000,9.000000,2,1.00,AND2_X1,0.689655,9.000000,35,3514
3516,NODE,n3516,2,n1796,n3515,1,4.000000,12.000000,8.000000,4,1.00,NAND2_X1,0.724138,8.000000,1796,3515
3517,NODE,n3517,2,n3513,n3516,1,8.000000,13.000000,5.000000,8,1.00,NAND2_X1,0.827586,5.000000,3513,3516
3518,NODE,n3518,2,n44,n3517,1,9.000000,14.000000,5.000000,9,1.00,AND2_X1,0.827586,5.000000,44,3517
3519,NODE,n3519,2,pi13,n3518,1,10.000000,15.000000,5.000000,10,1.00,AND2_X1,0.827586,5.000000,14,3518
3520,NODE,n3520,2,pi12,n3519,1,11.000000,16.000000,5.000000,11,1.00,AND2_X1,0.827586,5.000000,13,3519
3521,NODE,n3521,2,pi11,n3520,1,12.000000,17.000000,5.000000,12,1.00,NAND2_X1,0.827586,5.000000,12,3520
3522,NODE,n3522,2,pi02,pi07,3,1.000000,4.000000,3.000000,1,1.00,NAND2_X1,0.896552,3.000000,3,8
3523,NODE,n3523,1,n3522,,4,2.000000,5.000000,3.000000,2,1.00,INV_X1,0.896552,3.000000,3522,-1
3524,NODE,n3524,2,n878,n948,5,6.000000,15.000000,9.000000,6,1.00,AND2_X1,0.689655,9.000000,878,948
3525,NODE,n3525,2,n3523,n3524,1,7.000000,17.000000,10.000000,7,1.00,NAND2_X1,0.655172,10.000000,3523,3524
3526,NODE,n3526,2,n3521,n3525,1,13.000000,18.000000,5.000000,13,1.00,NAND2_X1,0.827586,5.000000,3521,3525
3527,NODE,n3527,2,pi09,n3526,1,14.000000,19.000000,5.000000,14,1.00,NAND2_X1,0.827586,5.000000,10,3526
3528,NODE,n3528,2,n62,n925,1,5.000000,17.000000,12.000000,5,1.00,AND2_X1,0.586207,12.000000,62,925
3529,NODE,n3529,2,pi08,n3528,1,6.000000,18.000000,12.000000,6,1.00,AND2_X1,0.586207,12.000000,9,3528
3530,NODE,n3530,2,n61,n3529,1,7.000000,19.000000,12.000000,7,1.00,NAND2_X1,0.586207,12.000000,61,3529
3531,NODE,n3531,2,n3527,n3530,1,15.000000,20.000000,5.000000,15,1.00,NAND2_X1,0.827586,5.000000,3527,3530
3532,NODE,n3532,2,pi04,n3531,1,16.000000,21.000000,5.000000,16,1.00,NAND2_X1,0.827586,5.000000,5,3531
3533,NODE,n3533,2,n796,n1106,3,3.000000,10.000000,7.000000,3,1.00,NAND2_X1,0.758621,7.000000,796,1106
3534,NODE,n3534,2,pi02,n3533,1,4.000000,11.000000,7.000000,4,1.00,NAND2_X1,0.758621,7.000000,3,3533
3535,NODE,n3535,2,n154,n797,1,4.000000,11.000000,7.000000,4,1.00,NAND2_X1,0.758621,7.000000,154,797
3536,NODE,n3536,2,n3534,n3535,1,5.000000,12.000000,7.000000,5,1.00,NAND2_X1,0.758621,7.000000,3534,3535
3537,NODE,n3537,2,n44,n3536,2,6.000000,13.000000,7.000000,6,1.00,NAND2_X1,0.758621,7.000000,44,3536
3538,NODE,n3538,1,n3537,,1,7.000000,14.000000,7.000000,7,1.00,INV_X1,0.758621,7.000000,3537,-1
3539,NODE,n3539,2,pi13,n3538,1,8.000000,15.000000,7.000000,8,1.00,AND2_X1,0.758621,7.000000,14,3538
3540,NODE,n3540,2,pi12,n3539,1,9.000000,16.000000,7.000000,9,1.00,AND2_X1,0.758621,7.000000,13,3539
3541,NODE,n3541,2,pi11,n3540,1,10.000000,17.000000,7.000000,10,1.00,AND2_X1,0.758621,7.000000,12,3540
3542,NODE,n3542,2,pi10,n3541,1,11.000000,18.000000,7.000000,11,1.00,AND2_X1,0.758621,7.000000,11,3541
3543,NODE,n3543,2,pi08,n3542,1,12.000000,19.000000,7.000000,12,1.00,AND2_X1,0.758621,7.000000,9,3542
3544,NODE,n3544,2,n61,n3543,1,13.000000,20.000000,7.000000,13,1.00,AND2_X1,0.758621,7.000000,61,3543
3545,NODE,n3545,2,n54,n3544,1,14.000000,21.000000,7.000000,14,1.00,NAND2_X1,0.758621,7.000000,54,3544
3546,NODE,n3546,2,n3532,n3545,1,17.000000,22.000000,5.000000,17,1.00,NAND2_X1,0.827586,5.000000,3532,3545
3547,NODE,n3547,2,pi00,n3546,1,18.000000,23.000000,5.000000,18,1.00,NAND2_X1,0.827586,5.000000,1,3546
3548,NODE,n3548,2,n3506,n3547,1,19.000000,24.000000,5.000000,19,1.00,NAND2_X1,0.827586,5.000000,3506,3547
3549,NODE,n3549,2,pi03,n3548,1,20.000000,25.000000,5.000000,20,1.00,NAND2_X1,0.827586,5.000000,4,3548
3550,NODE,n3550,2,n1448,n1535,1,4.000000,16.000000,12.000000,4,1.00,AND2_X1,0.586207,12.000000,1448,1535
3551,NODE,n3551,2,n255,n3550,1,6.000000,17.000000,11.000000,6,1.00,NAND2_X1,0.620690,11.000000,255,3550
3552,NODE,n3552,2,n284,n2370,1,5.000000,17.000000,12.000000,5,1.00,NAND2_X1,0.586207,12.000000,284,2370
3553,NODE,n3553,2,n3551,n3552,1,7.000000,18.000000,11.000000,7,1.00,NAND2_X1,0.620690,11.000000,3551,3552
3554,NODE,n3554,2,pi07,n3553,1,8.000000,19.000000,11.000000,8,1.00,NAND2_X1,0.620690,11.000000,8,3553
3555,NODE,n3555,2,n284,n920,1,4.000000,12.000000,8.000000,4,1.00,NAND2_X1,0.724138,8.000000,284,920
3556,NODE,n3556,2,n63,n3555,1,5.000000,13.000000,8.000000,5,1.00,NAND2_X1,0.724138,8.000000,63,3555
3557,NODE,n3557,2,n44,n3556,1,6.000000,14.000000,8.000000,6,1.00,AND2_X1,0.724138,8.000000,44,3556
3558,NODE,n3558,2,pi13,n3557,1,7.000000,15.000000,8.000000,7,1.00,AND2_X1,0.724138,8.000000,14,3557
3559,NODE,n3559,2,pi12,n3558,1,8.000000,16.000000,8.000000,8,1.00,AND2_X1,0.724138,8.000000,13,3558
3560,NODE,n3560,2,pi11,n3559,1,9.000000,17.000000,8.000000,9,1.00,AND2_X1,0.724138,8.000000,12,3559
3561,NODE,n3561,2,pi10,n3560,1,10.000000,18.000000,8.000000,10,1.00,AND2_X1,0.724138,8.000000,11,3560
3562,NODE,n3562,2,n61,n3561,2,11.000000,19.000000,8.000000,11,1.00,NAND2_X1,0.724138,8.000000,61,3561
3563,NODE,n3563,2,n3554,n3562,1,12.000000,20.000000,8.000000,12,1.00,NAND2_X1,0.724138,8.000000,3554,3562
3564,NODE,n3564,2,n78,n3563,1,13.000000,21.000000,8.000000,13,1.00,NAND2_X1,0.724138,8.000000,78,3563
3565,NODE,n3565,1,n3562,,1,12.000000,20.000000,8.000000,12,1.00,INV_X1,0.724138,8.000000,3562,-1
3566,NODE,n3566,2,pi00,n3565,1,13.000000,21.000000,8.000000,13,1.00,NAND2_X1,0.724138,8.000000,1,3565
3567,NODE,n3567,2,n3564,n3566,1,14.000000,22.000000,8.000000,14,1.00,NAND2_X1,0.724138,8.000000,3564,3566
3568,NODE,n3568,2,n790,n3567,1,15.000000,23.000000,8.000000,15,1.00,NAND2_X1,0.724138,8.000000,790,3567
3569,NODE,n3569,2,pi04,n859,1,3.000000,13.000000,10.000000,3,1.00,NAND2_X1,0.655172,10.000000,5,859
3570,NODE,n3570,2,n1198,n3569,1,5.000000,14.000000,9.000000,5,1.00,NAND2_X1,0.689655,9.000000,1198,3569
3571,NODE,n3571,2,pi15,n3570,1,6.000000,15.000000,9.000000,6,1.00,AND2_X1,0.689655,9.000000,16,3570
3572,NODE,n3572,2,n44,n3571,1,7.000000,16.000000,9.000000,7,1.00,AND2_X1,0.689655,9.000000,44,3571
3573,NODE,n3573,2,pi13,n3572,1,8.000000,17.000000,9.000000,8,1.00,AND2_X1,0.689655,9.000000,14,3572
3574,NODE,n3574,2,pi12,n3573,1,9.000000,18.000000,9.000000,9,1.00,AND2_X1,0.689655,9.000000,13,3573
3575,NODE,n3575,2,pi11,n3574,1,10.000000,19.000000,9.000000,10,1.00,AND2_X1,0.689655,9.000000,12,3574
3576,NODE,n3576,2,pi10,n3575,1,11.000000,20.000000,9.000000,11,1.00,AND2_X1,0.689655,9.000000,11,3575
3577,NODE,n3577,2,pi09,n3576,1,12.000000,21.000000,9.000000,12,1.00,AND2_X1,0.689655,9.000000,10,3576
3578,NODE,n3578,2,pi08,n3577,1,13.000000,22.000000,9.000000,13,1.00,AND2_X1,0.689655,9.000000,9,3577
3579,NODE,n3579,2,n61,n3578,1,14.000000,23.000000,9.000000,14,1.00,NAND2_X1,0.689655,9.000000,61,3578
3580,NODE,n3580,2,n3568,n3579,1,16.000000,24.000000,8.000000,16,1.00,NAND2_X1,0.724138,8.000000,3568,3579
3581,NODE,n3581,2,n90,n3580,1,17.000000,25.000000,8.000000,17,1.00,NAND2_X1,0.724138,8.000000,90,3580
3582,NODE,n3582,2,n3549,n3581,1,21.000000,26.000000,5.000000,21,1.00,NAND2_X1,0.827586,5.000000,3549,3581
3583,NODE,n3583,2,pi05,n3582,1,22.000000,27.000000,5.000000,22,1.00,NAND2_X1,0.827586,5.000000,6,3582
3584,NODE,n3584,2,n283,n1534,2,3.000000,9.000000,6.000000,3,1.00,NAND2_X1,0.793103,6.000000,283,1534
3585,NODE,n3585,2,pi00,n3584,1,4.000000,10.000000,6.000000,4,1.00,NAND2_X1,0.793103,6.000000,1,3584
3586,NODE,n3586,2,n78,n1535,1,4.000000,10.000000,6.000000,4,1.00,NAND2_X1,0.793103,6.000000,78,1535
3587,NODE,n3587,2,n3585,n3586,1,5.000000,11.000000,6.000000,5,1.00,NAND2_X1,0.793103,6.000000,3585,3586
3588,NODE,n3588,2,n62,n3587,1,6.000000,12.000000,6.000000,6,1.00,NAND2_X1,0.793103,6.000000,62,3587
3589,NODE,n3589,2,n1411,n860,1,4.000000,12.000000,8.000000,4,1.00,NAND2_X1,0.724138,8.000000,1411,860
3590,NODE,n3590,2,n3588,n3589,1,7.000000,13.000000,6.000000,7,1.00,NAND2_X1,0.793103,6.000000,3588,3589
3591,NODE,n3591,2,pi15,n3590,1,8.000000,14.000000,6.000000,8,1.00,NAND2_X1,0.793103,6.000000,16,3590
3592,NODE,n3592,2,n860,n1101,1,5.000000,14.000000,9.000000,5,1.00,NAND2_X1,0.689655,9.000000,860,1101
3593,NODE,n3593,2,n3591,n3592,1,9.000000,15.000000,6.000000,9,1.00,NAND2_X1,0.793103,6.000000,3591,3592
3594,NODE,n3594,2,pi07,n3593,1,10.000000,16.000000,6.000000,10,1.00,NAND2_X1,0.793103,6.000000,8,3593
3595,NODE,n3595,2,n61,n792,2,4.000000,9.000000,5.000000,4,1.00,AND2_X1,0.827586,5.000000,61,792
3596,NODE,n3596,2,n1199,n3595,1,6.000000,16.000000,10.000000,6,1.00,NAND2_X1,0.655172,10.000000,1199,3595
3597,NODE,n3597,2,n3594,n3596,1,11.000000,17.000000,6.000000,11,1.00,NAND2_X1,0.793103,6.000000,3594,3596
3598,NODE,n3598,2,n90,n3597,1,12.000000,18.000000,6.000000,12,1.00,NAND2_X1,0.793103,6.000000,90,3597
3599,NODE,n3599,2,n78,n3481,1,4.000000,14.000000,10.000000,4,1.00,NAND2_X1,0.655172,10.000000,78,3481
3600,NODE,n3600,2,pi00,n1799,1,4.000000,14.000000,10.000000,4,1.00,NAND2_X1,0.655172,10.000000,1,1799
3601,NODE,n3601,2,n3599,n3600,1,5.000000,15.000000,10.000000,5,1.00,NAND2_X1,0.655172,10.000000,3599,3600
3602,NODE,n3602,2,pi09,n1095,1,4.000000,15.000000,11.000000,4,1.00,AND2_X1,0.620690,11.000000,10,1095
3603,NODE,n3603,2,n3601,n3602,1,6.000000,16.000000,10.000000,6,1.00,NAND2_X1,0.655172,10.000000,3601,3602
3604,NODE,n3604,2,n570,n788,1,4.000000,16.000000,12.000000,4,1.00,NAND2_X1,0.586207,12.000000,570,788
3605,NODE,n3605,2,n3603,n3604,1,7.000000,17.000000,10.000000,7,1.00,NAND2_X1,0.655172,10.000000,3603,3604
3606,NODE,n3606,2,pi03,n3605,1,8.000000,18.000000,10.000000,8,1.00,NAND2_X1,0.655172,10.000000,4,3605
3607,NODE,n3607,2,n3598,n3606,1,13.000000,19.000000,6.000000,13,1.00,NAND2_X1,0.793103,6.000000,3598,3606
3608,NODE,n3608,2,pi08,n3607,1,14.000000,20.000000,6.000000,14,1.00,NAND2_X1,0.793103,6.000000,9,3607
3609,NODE,n3609,2,n687,n1574,1,4.000000,13.000000,9.000000,4,1.00,NAND2_X1,0.689655,9.000000,687,1574
3610,NODE,n3610,2,n101,n1426,1,4.000000,13.000000,9.000000,4,1.00,NAND2_X1,0.689655,9.000000,101,1426
3611,NODE,n3611,2,n3609,n3610,1,5.000000,14.000000,9.000000,5,1.00,NAND2_X1,0.689655,9.000000,3609,3610
3612,NODE,n3612,2,pi09,n3611,1,6.000000,15.000000,9.000000,6,1.00,NAND2_X1,0.689655,9.000000,10,3611
3613,NODE,n3613,2,pi15,n124,2,2.000000,11.000000,9.000000,2,1.00,AND2_X1,0.689655,9.000000,16,124
3614,NODE,n3614,2,n62,n3613,1,3.000000,15.000000,12.000000,3,1.00,NAND2_X1,0.586207,12.000000,62,3613
3615,NODE,n3615,2,n3612,n3614,1,7.000000,16.000000,9.000000,7,1.00,NAND2_X1,0.689655,9.000000,3612,3614
3616,NODE,n3616,2,n154,n3615,1,8.000000,17.000000,9.000000,8,1.00,NAND2_X1,0.689655,9.000000,154,3615
3617,NODE,n3617,2,n54,n788,2,4.000000,8.000000,4.000000,4,1.00,AND2_X1,0.862069,4.000000,54,788
3618,NODE,n3618,2,pi02,n3617,1,5.000000,17.000000,12.000000,5,1.00,NAND2_X1,0.586207,12.000000,3,3617
3619,NODE,n3619,2,n3616,n3618,1,9.000000,18.000000,9.000000,9,1.00,NAND2_X1,0.689655,9.000000,3616,3618
3620,NODE,n3620,2,n35,n3619,1,10.000000,19.000000,9.000000,10,1.00,AND2_X1,0.689655,9.000000,35,3619
3621,NODE,n3621,2,pi07,n3620,1,11.000000,20.000000,9.000000,11,1.00,NAND2_X1,0.689655,9.000000,8,3620
3622,NODE,n3622,2,n3608,n3621,1,15.000000,21.000000,6.000000,15,1.00,NAND2_X1,0.793103,6.000000,3608,3621
3623,NODE,n3623,2,n44,n3622,1,16.000000,22.000000,6.000000,16,1.00,AND2_X1,0.793103,6.000000,44,3622
3624,NODE,n3624,2,pi13,n3623,1,17.000000,23.000000,6.000000,17,1.00,AND2_X1,0.793103,6.000000,14,3623
3625,NODE,n3625,2,pi12,n3624,1,18.000000,24.000000,6.000000,18,1.00,AND2_X1,0.793103,6.000000,13,3624
3626,NODE,n3626,2,pi11,n3625,1,19.000000,25.000000,6.000000,19,1.00,AND2_X1,0.793103,6.000000,12,3625
3627,NODE,n3627,2,pi10,n3626,1,20.000000,26.000000,6.000000,20,1.00,AND2_X1,0.793103,6.000000,11,3626
3628,NODE,n3628,2,n34,n3627,1,21.000000,27.000000,6.000000,21,1.00,NAND2_X1,0.793103,6.000000,34,3627
3629,NODE,n3629,2,n3583,n3628,1,23.000000,28.000000,5.000000,23,1.00,AND2_X1,0.827586,5.000000,3583,3628
3630,NODE,n3630,2,n3480,n3629,1,24.000000,29.000000,5.000000,24,1.00,AND2_X1,0.827586,5.000000,3480,3629
3631,NODE,n3631,2,n3479,n3630,1,25.000000,30.000000,5.000000,25,1.00,AND2_X1,0.827586,5.000000,3479,3630
3632,NODE,n3632,2,n3430,n3631,1,26.000000,31.000000,5.000000,26,1.00,AND2_X1,0.827586,5.000000,3430,3631
3633,NODE,n3633,2,n3356,n3632,1,27.000000,32.000000,5.000000,27,1.00,NAND2_X1,0.827586,5.000000,3356,3632
3634,NODE,n3634,2,n3314,n3633,1,28.000000,33.000000,5.000000,28,1.00,NAND2_X1,0.827586,5.000000,3314,3633
3635,NODE,n3635,2,n597,n860,1,4.000000,21.000000,17.000000,4,1.00,NAND2_X1,0.413793,17.000000,597,860
3636,NODE,n3636,2,n404,n594,1,4.000000,21.000000,17.000000,4,1.00,NAND2_X1,0.413793,17.000000,404,594
3637,NODE,n3637,2,n3635,n3636,1,5.000000,22.000000,17.000000,5,1.00,NAND2_X1,0.413793,17.000000,3635,3636
3638,NODE,n3638,2,n44,n3637,1,6.000000,23.000000,17.000000,6,1.00,AND2_X1,0.413793,17.000000,44,3637
3639,NODE,n3639,2,pi13,n3638,1,7.000000,24.000000,17.000000,7,1.00,AND2_X1,0.413793,17.000000,14,3638
3640,NODE,n3640,2,pi12,n3639,1,8.000000,25.000000,17.000000,8,1.00,AND2_X1,0.413793,17.000000,13,3639
3641,NODE,n3641,2,pi11,n3640,1,9.000000,26.000000,17.000000,9,1.00,AND2_X1,0.413793,17.000000,12,3640
3642,NODE,n3642,2,pi10,n3641,1,10.000000,27.000000,17.000000,10,1.00,AND2_X1,0.413793,17.000000,11,3641
3643,NODE,n3643,2,n61,n3642,1,11.000000,28.000000,17.000000,11,1.00,NAND2_X1,0.413793,17.000000,61,3642
3644,NODE,n3644,2,n154,n890,1,6.000000,27.000000,21.000000,6,1.00,AND2_X1,0.275862,21.000000,154,890
3645,NODE,n3645,2,pi00,n3644,1,7.000000,28.000000,21.000000,7,1.00,NAND2_X1,0.275862,21.000000,1,3644
3646,NODE,n3646,2,n3643,n3645,1,12.000000,29.000000,17.000000,12,1.00,NAND2_X1,0.413793,17.000000,3643,3645
3647,NODE,n3647,2,n138,n368,2,2.000000,3.000000,1.000000,2,1.00,NAND2_X1,0.965517,1.000000,138,368
3648,NODE,n3648,1,n3647,,1,3.000000,27.000000,24.000000,3,1.00,INV_X1,0.172414,24.000000,3647,-1
3649,NODE,n3649,2,n920,n3648,1,4.000000,28.000000,24.000000,4,1.00,NAND2_X1,0.172414,24.000000,920,3648
3650,NODE,n3650,2,pi01,pi06,3,1.000000,3.000000,2.000000,1,1.00,NAND2_X1,0.931035,2.000000,2,7
3651,NODE,n3651,1,n3650,,2,2.000000,19.000000,17.000000,2,1.00,INV_X1,0.413793,17.000000,3650,-1
3652,NODE,n3652,2,n64,n3651,1,4.000000,28.000000,24.000000,4,1.00,NAND2_X1,0.172414,24.000000,64,3651
3653,NODE,n3653,2,n3649,n3652,1,5.000000,29.000000,24.000000,5,1.00,NAND2_X1,0.172414,24.000000,3649,3652
3654,NODE,n3654,2,n3646,n3653,1,13.000000,30.000000,17.000000,13,1.00,NAND2_X1,0.413793,17.000000,3646,3653
3655,NODE,n3655,2,n34,n920,1,4.000000,15.000000,11.000000,4,1.00,NAND2_X1,0.620690,11.000000,34,920
3656,NODE,n3656,2,pi05,n64,1,4.000000,15.000000,11.000000,4,1.00,NAND2_X1,0.620690,11.000000,6,64
3657,NODE,n3657,2,n3655,n3656,1,5.000000,16.000000,11.000000,5,1.00,NAND2_X1,0.620690,11.000000,3655,3656
3658,NODE,n3658,2,pi01,n3657,1,6.000000,17.000000,11.000000,6,1.00,NAND2_X1,0.620690,11.000000,2,3657
3659,NODE,n3659,2,n64,n704,1,4.000000,17.000000,13.000000,4,1.00,NAND2_X1,0.551724,13.000000,64,704
3660,NODE,n3660,2,n3658,n3659,1,7.000000,18.000000,11.000000,7,1.00,NAND2_X1,0.620690,11.000000,3658,3659
3661,NODE,n3661,2,n61,n3660,1,8.000000,19.000000,11.000000,8,1.00,AND2_X1,0.620690,11.000000,61,3660
3662,NODE,n3662,2,pi06,n3661,1,9.000000,20.000000,11.000000,9,1.00,AND2_X1,0.620690,11.000000,7,3661
3663,NODE,n3663,2,pi04,n3662,1,10.000000,21.000000,11.000000,10,1.00,NAND2_X1,0.620690,11.000000,5,3662
3664,NODE,n3664,2,n138,n116,1,4.000000,20.000000,16.000000,4,1.00,AND2_X1,0.448276,16.000000,138,116
3665,NODE,n3665,2,n64,n1037,2,4.000000,11.000000,7.000000,4,1.00,NAND2_X1,0.758621,7.000000,64,1037
3666,NODE,n3666,1,n3665,,1,5.000000,20.000000,15.000000,5,1.00,INV_X1,0.482759,15.000000,3665,-1
3667,NODE,n3667,2,n3664,n3666,1,6.000000,21.000000,15.000000,6,1.00,NAND2_X1,0.482759,15.000000,3664,3666
3668,NODE,n3668,2,n3663,n3667,1,11.000000,22.000000,11.000000,11,1.00,AND2_X1,0.620690,11.000000,3663,3667
3669,NODE,n3669,2,pi00,n597,1,4.000000,16.000000,12.000000,4,1.00,NAND2_X1,0.586207,12.000000,1,597
3670,NODE,n3670,2,n78,n594,1,4.000000,16.000000,12.000000,4,1.00,NAND2_X1,0.586207,12.000000,78,594
3671,NODE,n3671,2,n3669,n3670,1,5.000000,17.000000,12.000000,5,1.00,NAND2_X1,0.586207,12.000000,3669,3670
3672,NODE,n3672,2,n62,n3671,1,6.000000,18.000000,12.000000,6,1.00,AND2_X1,0.586207,12.000000,62,3671
3673,NODE,n3673,2,pi08,n3672,1,7.000000,19.000000,12.000000,7,1.00,AND2_X1,0.586207,12.000000,9,3672
3674,NODE,n3674,2,n61,n3673,1,8.000000,20.000000,12.000000,8,1.00,AND2_X1,0.586207,12.000000,61,3673
3675,NODE,n3675,2,pi06,n3674,1,9.000000,21.000000,12.000000,9,1.00,AND2_X1,0.586207,12.000000,7,3674
3676,NODE,n3676,2,pi01,n3675,1,10.000000,22.000000,12.000000,10,1.00,NAND2_X1,0.586207,12.000000,2,3675
3677,NODE,n3677,2,n3668,n3676,1,12.000000,23.000000,11.000000,12,1.00,NAND2_X1,0.620690,11.000000,3668,3676
3678,NODE,n3678,2,n44,n3677,1,13.000000,24.000000,11.000000,13,1.00,AND2_X1,0.620690,11.000000,44,3677
3679,NODE,n3679,2,pi13,n3678,1,14.000000,25.000000,11.000000,14,1.00,AND2_X1,0.620690,11.000000,14,3678
3680,NODE,n3680,2,pi12,n3679,1,15.000000,26.000000,11.000000,15,1.00,AND2_X1,0.620690,11.000000,13,3679
3681,NODE,n3681,2,pi11,n3680,1,16.000000,27.000000,11.000000,16,1.00,AND2_X1,0.620690,11.000000,12,3680
3682,NODE,n3682,2,pi10,n3681,1,17.000000,28.000000,11.000000,17,1.00,NAND2_X1,0.620690,11.000000,11,3681
3683,NODE,n3683,2,n771,n1133,1,4.000000,17.000000,13.000000,4,1.00,NAND2_X1,0.551724,13.000000,771,1133
3684,NODE,n3684,2,n661,n3683,1,5.000000,18.000000,13.000000,5,1.00,AND2_X1,0.551724,13.000000,661,3683
3685,NODE,n3685,2,n1374,n2930,1,5.000000,18.000000,13.000000,5,1.00,NAND2_X1,0.551724,13.000000,1374,2930
3686,NODE,n3686,2,n3684,n3685,1,6.000000,19.000000,13.000000,6,1.00,NAND2_X1,0.551724,13.000000,3684,3685
3687,NODE,n3687,2,pi09,n3686,1,7.000000,20.000000,13.000000,7,1.00,AND2_X1,0.551724,13.000000,10,3686
3688,NODE,n3688,2,pi01,n3687,1,8.000000,21.000000,13.000000,8,1.00,NAND2_X1,0.551724,13.000000,2,3687
3689,NODE,n3689,1,n2009,,1,5.000000,20.000000,15.000000,5,1.00,INV_X1,0.482759,15.000000,2009,-1
3690,NODE,n3690,2,n78,n260,1,4.000000,20.000000,16.000000,4,1.00,AND2_X1,0.448276,16.000000,78,260
3691,NODE,n3691,2,n3689,n3690,1,6.000000,21.000000,15.000000,6,1.00,NAND2_X1,0.482759,15.000000,3689,3690
3692,NODE,n3692,2,n3688,n3691,1,9.000000,22.000000,13.000000,9,1.00,NAND2_X1,0.551724,13.000000,3688,3691
3693,NODE,n3693,2,pi14,n3692,1,10.000000,23.000000,13.000000,10,1.00,AND2_X1,0.551724,13.000000,15,3692
3694,NODE,n3694,2,n40,n3693,1,11.000000,24.000000,13.000000,11,1.00,AND2_X1,0.551724,13.000000,40,3693
3695,NODE,n3695,2,n39,n3694,1,12.000000,25.000000,13.000000,12,1.00,AND2_X1,0.551724,13.000000,39,3694
3696,NODE,n3696,2,n36,n3695,1,13.000000,26.000000,13.000000,13,1.00,AND2_X1,0.551724,13.000000,36,3695
3697,NODE,n3697,2,n33,n3696,1,14.000000,27.000000,13.000000,14,1.00,AND2_X1,0.551724,13.000000,33,3696
3698,NODE,n3698,2,n35,n3697,1,15.000000,28.000000,13.000000,15,1.00,NAND2_X1,0.551724,13.000000,35,3697
3699,NODE,n3699,2,n3682,n3698,1,18.000000,29.000000,11.000000,18,1.00,AND2_X1,0.620690,11.000000,3682,3698
3700,NODE,n3700,2,n430,n614,1,4.000000,13.000000,9.000000,4,1.00,NAND2_X1,0.689655,9.000000,430,614
3701,NODE,n3701,2,n619,n1060,1,4.000000,13.000000,9.000000,4,1.00,NAND2_X1,0.689655,9.000000,619,1060
3702,NODE,n3702,2,n3700,n3701,1,5.000000,14.000000,9.000000,5,1.00,NAND2_X1,0.689655,9.000000,3700,3701
3703,NODE,n3703,2,n44,n3702,1,6.000000,15.000000,9.000000,6,1.00,AND2_X1,0.689655,9.000000,44,3702
3704,NODE,n3704,2,pi13,n3703,1,7.000000,16.000000,9.000000,7,1.00,AND2_X1,0.689655,9.000000,14,3703
3705,NODE,n3705,2,pi12,n3704,1,8.000000,17.000000,9.000000,8,1.00,AND2_X1,0.689655,9.000000,13,3704
3706,NODE,n3706,2,pi11,n3705,1,9.000000,18.000000,9.000000,9,1.00,AND2_X1,0.689655,9.000000,12,3705
3707,NODE,n3707,2,pi10,n3706,1,10.000000,19.000000,9.000000,10,1.00,AND2_X1,0.689655,9.000000,11,3706
3708,NODE,n3708,2,pi09,n3707,1,11.000000,20.000000,9.000000,11,1.00,NAND2_X1,0.689655,9.000000,10,3707
3709,NODE,n3709,2,n368,n209,2,6.000000,19.000000,13.000000,6,1.00,AND2_X1,0.551724,13.000000,368,209
3710,NODE,n3710,2,n138,n3709,1,7.000000,20.000000,13.000000,7,1.00,NAND2_X1,0.551724,13.000000,138,3709
3711,NODE,n3711,2,n3708,n3710,1,12.000000,21.000000,9.000000,12,1.00,NAND2_X1,0.689655,9.000000,3708,3710
3712,NODE,n3712,2,n34,n3711,1,13.000000,22.000000,9.000000,13,1.00,NAND2_X1,0.689655,9.000000,34,3711
3713,NODE,n3713,2,pi05,n3709,1,7.000000,21.000000,14.000000,7,1.00,AND2_X1,0.517241,14.000000,6,3709
3714,NODE,n3714,2,n138,n3713,1,8.000000,22.000000,14.000000,8,1.00,NAND2_X1,0.517241,14.000000,138,3713
3715,NODE,n3715,2,n3712,n3714,1,14.000000,23.000000,9.000000,14,1.00,NAND2_X1,0.689655,9.000000,3712,3714
3716,NODE,n3716,2,pi07,n3715,1,15.000000,24.000000,9.000000,15,1.00,NAND2_X1,0.689655,9.000000,8,3715
3717,NODE,n3717,2,pi00,n255,1,6.000000,19.000000,13.000000,6,1.00,NAND2_X1,0.551724,13.000000,1,255
3718,NODE,n3718,2,pi10,n574,1,3.000000,18.000000,15.000000,3,1.00,AND2_X1,0.482759,15.000000,11,574
3719,NODE,n3719,2,pi05,n113,1,4.000000,18.000000,14.000000,4,1.00,AND2_X1,0.517241,14.000000,6,113
3720,NODE,n3720,2,n3718,n3719,1,5.000000,19.000000,14.000000,5,1.00,NAND2_X1,0.517241,14.000000,3718,3719
3721,NODE,n3721,2,n3717,n3720,1,7.000000,20.000000,13.000000,7,1.00,NAND2_X1,0.551724,13.000000,3717,3720
3722,NODE,n3722,2,n62,n3721,1,8.000000,21.000000,13.000000,8,1.00,AND2_X1,0.551724,13.000000,62,3721
3723,NODE,n3723,2,n61,n3722,1,9.000000,22.000000,13.000000,9,1.00,AND2_X1,0.551724,13.000000,61,3722
3724,NODE,n3724,2,pi06,n3723,1,10.000000,23.000000,13.000000,10,1.00,AND2_X1,0.551724,13.000000,7,3723
3725,NODE,n3725,2,pi01,n3724,1,11.000000,24.000000,13.000000,11,1.00,NAND2_X1,0.551724,13.000000,2,3724
3726,NODE,n3726,2,n3716,n3725,1,16.000000,25.000000,9.000000,16,1.00,NAND2_X1,0.689655,9.000000,3716,3725
3727,NODE,n3727,2,pi08,n3726,1,17.000000,26.000000,9.000000,17,1.00,NAND2_X1,0.689655,9.000000,9,3726
3728,NODE,n3728,2,n388,n1833,3,4.000000,11.000000,7.000000,4,1.00,NAND2_X1,0.758621,7.000000,388,1833
3729,NODE,n3729,2,pi04,n391,1,4.000000,18.000000,14.000000,4,1.00,AND2_X1,0.517241,14.000000,5,391
3730,NODE,n3730,2,n653,n3729,1,5.000000,19.000000,14.000000,5,1.00,NAND2_X1,0.517241,14.000000,653,3729
3731,NODE,n3731,2,n3728,n3730,1,6.000000,20.000000,14.000000,6,1.00,NAND2_X1,0.517241,14.000000,3728,3730
3732,NODE,n3732,2,pi07,n3731,1,7.000000,21.000000,14.000000,7,1.00,NAND2_X1,0.517241,14.000000,8,3731
3733,NODE,n3733,2,n34,n260,1,4.000000,19.000000,15.000000,4,1.00,AND2_X1,0.482759,15.000000,34,260
3734,NODE,n3734,2,n138,pi04,2,2.000000,3.000000,1.000000,2,1.00,NAND2_X1,0.965517,1.000000,138,5
3735,NODE,n3735,1,n3734,,6,3.000000,4.000000,1.000000,3,1.00,INV_X1,0.965517,1.000000,3734,-1
3736,NODE,n3736,2,n3733,n3735,1,5.000000,20.000000,15.000000,5,1.00,AND2_X1,0.482759,15.000000,3733,3735
3737,NODE,n3737,2,n78,n3736,1,6.000000,21.000000,15.000000,6,1.00,NAND2_X1,0.482759,15.000000,78,3736
3738,NODE,n3738,2,n3732,n3737,1,8.000000,22.000000,14.000000,8,1.00,NAND2_X1,0.517241,14.000000,3732,3737
3739,NODE,n3739,2,pi14,n3738,1,9.000000,23.000000,14.000000,9,1.00,AND2_X1,0.517241,14.000000,15,3738
3740,NODE,n3740,2,n35,n3739,1,10.000000,24.000000,14.000000,10,1.00,AND2_X1,0.517241,14.000000,35,3739
3741,NODE,n3741,2,n33,n3740,1,11.000000,25.000000,14.000000,11,1.00,AND2_X1,0.517241,14.000000,33,3740
3742,NODE,n3742,2,n36,n40,1,2.000000,6.000000,4.000000,2,1.00,AND2_X1,0.862069,4.000000,36,40
3743,NODE,n3743,2,n39,n3742,9,3.000000,7.000000,4.000000,3,1.00,AND2_X1,0.862069,4.000000,39,3742
3744,NODE,n3744,2,n3741,n3743,1,12.000000,26.000000,14.000000,12,1.00,NAND2_X1,0.517241,14.000000,3741,3743
3745,NODE,n3745,2,n3727,n3744,1,18.000000,27.000000,9.000000,18,1.00,NAND2_X1,0.689655,9.000000,3727,3744
3746,NODE,n3746,2,pi02,n3745,1,19.000000,28.000000,9.000000,19,1.00,NAND2_X1,0.689655,9.000000,3,3745
3747,NODE,n3747,2,n524,n920,1,4.000000,18.000000,14.000000,4,1.00,AND2_X1,0.517241,14.000000,524,920
3748,NODE,n3748,2,n255,n3747,1,6.000000,19.000000,13.000000,6,1.00,NAND2_X1,0.551724,13.000000,255,3747
3749,NODE,n3749,2,n73,n3748,1,8.000000,20.000000,12.000000,8,1.00,NAND2_X1,0.586207,12.000000,73,3748
3750,NODE,n3750,2,pi06,n3749,1,9.000000,21.000000,12.000000,9,1.00,AND2_X1,0.586207,12.000000,7,3749
3751,NODE,n3751,2,pi01,n3750,1,10.000000,22.000000,12.000000,10,1.00,NAND2_X1,0.586207,12.000000,2,3750
3752,NODE,n3752,2,n61,n2205,2,3.000000,10.000000,7.000000,3,1.00,AND2_X1,0.758621,7.000000,61,2205
3753,NODE,n3753,2,n275,n3752,1,5.000000,11.000000,6.000000,5,1.00,NAND2_X1,0.793103,6.000000,275,3752
3754,NODE,n3754,2,n3431,n3753,2,6.000000,12.000000,6.000000,6,1.00,NAND2_X1,0.793103,6.000000,3431,3753
3755,NODE,n3755,2,pi05,n3754,1,7.000000,18.000000,11.000000,7,1.00,NAND2_X1,0.620690,11.000000,6,3754
3756,NODE,n3756,2,n209,n527,1,6.000000,18.000000,12.000000,6,1.00,NAND2_X1,0.586207,12.000000,209,527
3757,NODE,n3757,2,n3755,n3756,1,8.000000,19.000000,11.000000,8,1.00,NAND2_X1,0.620690,11.000000,3755,3756
3758,NODE,n3758,2,pi08,n3757,1,9.000000,20.000000,11.000000,9,1.00,AND2_X1,0.620690,11.000000,9,3757
3759,NODE,n3759,2,n368,n3758,1,10.000000,21.000000,11.000000,10,1.00,AND2_X1,0.620690,11.000000,368,3758
3760,NODE,n3760,2,n138,n3759,1,11.000000,22.000000,11.000000,11,1.00,NAND2_X1,0.620690,11.000000,138,3759
3761,NODE,n3761,2,n3751,n3760,1,12.000000,23.000000,11.000000,12,1.00,NAND2_X1,0.620690,11.000000,3751,3760
3762,NODE,n3762,2,pi04,n3761,1,13.000000,24.000000,11.000000,13,1.00,NAND2_X1,0.620690,11.000000,5,3761
3763,NODE,n3763,2,n61,n216,1,7.000000,21.000000,14.000000,7,1.00,AND2_X1,0.517241,14.000000,61,216
3764,NODE,n3764,2,n368,n3763,1,8.000000,22.000000,14.000000,8,1.00,AND2_X1,0.517241,14.000000,368,3763
3765,NODE,n3765,2,n54,n3764,1,9.000000,23.000000,14.000000,9,1.00,AND2_X1,0.517241,14.000000,54,3764
3766,NODE,n3766,2,n138,n3765,1,10.000000,24.000000,14.000000,10,1.00,NAND2_X1,0.517241,14.000000,138,3765
3767,NODE,n3767,2,n3762,n3766,1,14.000000,25.000000,11.000000,14,1.00,NAND2_X1,0.620690,11.000000,3762,3766
3768,NODE,n3768,2,pi00,n3767,1,15.000000,26.000000,11.000000,15,1.00,NAND2_X1,0.620690,11.000000,1,3767
3769,NODE,n3769,2,n138,n534,3,4.000000,5.000000,1.000000,4,1.00,NAND2_X1,0.965517,1.000000,138,534
3770,NODE,n3770,2,n1625,n3769,1,5.000000,15.000000,10.000000,5,1.00,NAND2_X1,0.655172,10.000000,1625,3769
3771,NODE,n3771,2,pi14,n3770,1,6.000000,16.000000,10.000000,6,1.00,AND2_X1,0.655172,10.000000,15,3770
3772,NODE,n3772,2,n40,n3771,1,7.000000,17.000000,10.000000,7,1.00,AND2_X1,0.655172,10.000000,40,3771
3773,NODE,n3773,2,n39,n3772,1,8.000000,18.000000,10.000000,8,1.00,AND2_X1,0.655172,10.000000,39,3772
3774,NODE,n3774,2,n36,n3773,1,9.000000,19.000000,10.000000,9,1.00,AND2_X1,0.655172,10.000000,36,3773
3775,NODE,n3775,2,n33,n3774,1,10.000000,20.000000,10.000000,10,1.00,AND2_X1,0.655172,10.000000,33,3774
3776,NODE,n3776,2,n62,n3775,1,11.000000,21.000000,10.000000,11,1.00,AND2_X1,0.655172,10.000000,62,3775
3777,NODE,n3777,2,n35,n3776,1,12.000000,22.000000,10.000000,12,1.00,AND2_X1,0.655172,10.000000,35,3776
3778,NODE,n3778,2,pi06,n3777,1,13.000000,23.000000,10.000000,13,1.00,AND2_X1,0.655172,10.000000,7,3777
3779,NODE,n3779,2,n54,n3778,1,14.000000,24.000000,10.000000,14,1.00,NAND2_X1,0.655172,10.000000,54,3778
3780,NODE,n3780,2,n368,n127,3,3.000000,13.000000,10.000000,3,1.00,AND2_X1,0.655172,10.000000,368,127
3781,NODE,n3781,2,n3296,n3780,1,5.000000,23.000000,18.000000,5,1.00,AND2_X1,0.379310,18.000000,3296,3780
3782,NODE,n3782,2,n114,n3781,1,6.000000,24.000000,18.000000,6,1.00,NAND2_X1,0.379310,18.000000,114,3781
3783,NODE,n3783,2,n3779,n3782,1,15.000000,25.000000,10.000000,15,1.00,NAND2_X1,0.655172,10.000000,3779,3782
3784,NODE,n3784,2,n78,n3783,1,16.000000,26.000000,10.000000,16,1.00,NAND2_X1,0.655172,10.000000,78,3783
3785,NODE,n3785,2,n3768,n3784,1,17.000000,27.000000,10.000000,17,1.00,NAND2_X1,0.655172,10.000000,3768,3784
3786,NODE,n3786,2,n154,n3785,1,18.000000,28.000000,10.000000,18,1.00,NAND2_X1,0.655172,10.000000,154,3785
3787,NODE,n3787,2,n3746,n3786,1,20.000000,29.000000,9.000000,20,1.00,AND2_X1,0.689655,9.000000,3746,3786
3788,NODE,n3788,2,n3699,n3787,1,21.000000,30.000000,9.000000,21,1.00,AND2_X1,0.689655,9.000000,3699,3787
3789,NODE,n3789,2,n3654,n3788,1,22.000000,31.000000,9.000000,22,1.00,AND2_X1,0.689655,9.000000,3654,3788
3790,NODE,n3790,2,pi02,n156,1,4.000000,11.000000,7.000000,4,1.00,NAND2_X1,0.758621,7.000000,3,156
3791,NODE,n3791,2,n2103,n3790,2,5.000000,12.000000,7.000000,5,1.00,NAND2_X1,0.758621,7.000000,2103,3790
3792,NODE,n3792,2,pi00,n1946,1,4.000000,16.000000,12.000000,4,1.00,NAND2_X1,0.586207,12.000000,1,1946
3793,NODE,n3793,2,n78,n527,1,4.000000,16.000000,12.000000,4,1.00,NAND2_X1,0.586207,12.000000,78,527
3794,NODE,n3794,2,n3792,n3793,1,5.000000,17.000000,12.000000,5,1.00,NAND2_X1,0.586207,12.000000,3792,3793
3795,NODE,n3795,2,n44,n3794,1,6.000000,18.000000,12.000000,6,1.00,AND2_X1,0.586207,12.000000,44,3794
3796,NODE,n3796,2,pi13,n3795,1,7.000000,19.000000,12.000000,7,1.00,AND2_X1,0.586207,12.000000,14,3795
3797,NODE,n3797,2,pi12,n3796,1,8.000000,20.000000,12.000000,8,1.00,AND2_X1,0.586207,12.000000,13,3796
3798,NODE,n3798,2,pi11,n3797,1,9.000000,21.000000,12.000000,9,1.00,AND2_X1,0.586207,12.000000,12,3797
3799,NODE,n3799,2,pi10,n3798,1,10.000000,22.000000,12.000000,10,1.00,AND2_X1,0.586207,12.000000,11,3798
3800,NODE,n3800,2,pi09,n3799,1,11.000000,23.000000,12.000000,11,1.00,NAND2_X1,0.586207,12.000000,10,3799
3801,NODE,n3801,2,n61,n209,1,6.000000,22.000000,16.000000,6,1.00,AND2_X1,0.448276,16.000000,61,209
3802,NODE,n3802,2,n78,n3801,1,7.000000,23.000000,16.000000,7,1.00,NAND2_X1,0.448276,16.000000,78,3801
3803,NODE,n3803,2,n3800,n3802,1,12.000000,24.000000,12.000000,12,1.00,NAND2_X1,0.586207,12.000000,3800,3802
3804,NODE,n3804,2,pi06,n3803,1,13.000000,25.000000,12.000000,13,1.00,AND2_X1,0.586207,12.000000,7,3803
3805,NODE,n3805,2,pi01,n3804,1,14.000000,26.000000,12.000000,14,1.00,NAND2_X1,0.586207,12.000000,2,3804
3806,NODE,n3806,2,n1833,n2755,1,5.000000,25.000000,20.000000,5,1.00,AND2_X1,0.310345,20.000000,1833,2755
3807,NODE,n3807,2,n114,n3806,1,6.000000,26.000000,20.000000,6,1.00,NAND2_X1,0.310345,20.000000,114,3806
3808,NODE,n3808,2,n3805,n3807,1,15.000000,27.000000,12.000000,15,1.00,NAND2_X1,0.586207,12.000000,3805,3807
3809,NODE,n3809,2,n3791,n3808,1,16.000000,28.000000,12.000000,16,1.00,NAND2_X1,0.586207,12.000000,3791,3808
3810,NODE,n3810,2,n115,n273,6,3.000000,6.000000,3.000000,3,1.00,NAND2_X1,0.896552,3.000000,115,273
3811,NODE,n3811,2,n368,n114,2,5.000000,15.000000,10.000000,5,1.00,NAND2_X1,0.655172,10.000000,368,114
3812,NODE,n3812,2,pi06,n209,1,6.000000,15.000000,9.000000,6,1.00,NAND2_X1,0.689655,9.000000,7,209
3813,NODE,n3813,2,n3811,n3812,1,7.000000,16.000000,9.000000,7,1.00,NAND2_X1,0.689655,9.000000,3811,3812
3814,NODE,n3814,2,pi00,n3813,1,8.000000,17.000000,9.000000,8,1.00,NAND2_X1,0.689655,9.000000,1,3813
3815,NODE,n3815,1,n3811,,1,6.000000,16.000000,10.000000,6,1.00,INV_X1,0.655172,10.000000,3811,-1
3816,NODE,n3816,2,n78,n3815,1,7.000000,17.000000,10.000000,7,1.00,NAND2_X1,0.655172,10.000000,78,3815
3817,NODE,n3817,2,n3814,n3816,1,9.000000,18.000000,9.000000,9,1.00,NAND2_X1,0.689655,9.000000,3814,3816
3818,NODE,n3818,2,n90,n3817,1,10.000000,19.000000,9.000000,10,1.00,NAND2_X1,0.689655,9.000000,90,3817
3819,NODE,n3819,2,n118,n1081,1,4.000000,18.000000,14.000000,4,1.00,AND2_X1,0.517241,14.000000,118,1081
3820,NODE,n3820,2,n255,n3819,1,6.000000,19.000000,13.000000,6,1.00,NAND2_X1,0.551724,13.000000,255,3819
3821,NODE,n3821,2,n3818,n3820,1,11.000000,20.000000,9.000000,11,1.00,NAND2_X1,0.689655,9.000000,3818,3820
3822,NODE,n3822,2,n154,n3821,1,12.000000,21.000000,9.000000,12,1.00,NAND2_X1,0.689655,9.000000,154,3821
3823,NODE,n3823,2,n90,n1081,1,3.000000,19.000000,16.000000,3,1.00,AND2_X1,0.448276,16.000000,90,1081
3824,NODE,n3824,2,n404,n3823,1,4.000000,20.000000,16.000000,4,1.00,AND2_X1,0.448276,16.000000,404,3823
3825,NODE,n3825,2,n255,n3824,1,6.000000,21.000000,15.000000,6,1.00,NAND2_X1,0.482759,15.000000,255,3824
3826,NODE,n3826,2,n3822,n3825,1,13.000000,22.000000,9.000000,13,1.00,NAND2_X1,0.689655,9.000000,3822,3825
3827,NODE,n3827,2,n138,n3826,1,14.000000,23.000000,9.000000,14,1.00,NAND2_X1,0.689655,9.000000,138,3826
3828,NODE,n3828,2,pi14,n3097,1,4.000000,15.000000,11.000000,4,1.00,AND2_X1,0.620690,11.000000,15,3097
3829,NODE,n3829,2,n40,n3828,1,5.000000,16.000000,11.000000,5,1.00,AND2_X1,0.620690,11.000000,40,3828
3830,NODE,n3830,2,n39,n3829,1,6.000000,17.000000,11.000000,6,1.00,AND2_X1,0.620690,11.000000,39,3829
3831,NODE,n3831,2,n36,n3830,1,7.000000,18.000000,11.000000,7,1.00,AND2_X1,0.620690,11.000000,36,3830
3832,NODE,n3832,2,n33,n3831,1,8.000000,19.000000,11.000000,8,1.00,AND2_X1,0.620690,11.000000,33,3831
3833,NODE,n3833,2,n62,n3832,1,9.000000,20.000000,11.000000,9,1.00,AND2_X1,0.620690,11.000000,62,3832
3834,NODE,n3834,2,pi03,n3833,1,10.000000,21.000000,11.000000,10,1.00,AND2_X1,0.620690,11.000000,4,3833
3835,NODE,n3835,2,pi01,n3834,1,11.000000,22.000000,11.000000,11,1.00,AND2_X1,0.620690,11.000000,2,3834
3836,NODE,n3836,2,pi00,n3835,1,12.000000,23.000000,11.000000,12,1.00,NAND2_X1,0.620690,11.000000,1,3835
3837,NODE,n3837,2,n3827,n3836,1,15.000000,24.000000,9.000000,15,1.00,NAND2_X1,0.689655,9.000000,3827,3836
3838,NODE,n3838,2,n61,n3837,1,16.000000,25.000000,9.000000,16,1.00,NAND2_X1,0.689655,9.000000,61,3837
3839,NODE,n3839,2,n335,n3100,1,4.000000,16.000000,12.000000,4,1.00,NAND2_X1,0.586207,12.000000,335,3100
3840,NODE,n3840,1,n3061,,2,2.000000,3.000000,1.000000,2,1.00,INV_X1,0.965517,1.000000,3061,-1
3841,NODE,n3841,2,n340,n3840,2,4.000000,4.000000,0.000000,4,1.00,NAND2_X1,1.000000,0.000000,340,3840
3842,NODE,n3842,2,n3839,n3841,1,5.000000,17.000000,12.000000,5,1.00,NAND2_X1,0.586207,12.000000,3839,3841
3843,NODE,n3843,2,n44,n3842,1,6.000000,18.000000,12.000000,6,1.00,AND2_X1,0.586207,12.000000,44,3842
3844,NODE,n3844,2,pi13,n3843,1,7.000000,19.000000,12.000000,7,1.00,AND2_X1,0.586207,12.000000,14,3843
3845,NODE,n3845,2,pi12,n3844,1,8.000000,20.000000,12.000000,8,1.00,AND2_X1,0.586207,12.000000,13,3844
3846,NODE,n3846,2,pi11,n3845,1,9.000000,21.000000,12.000000,9,1.00,AND2_X1,0.586207,12.000000,12,3845
3847,NODE,n3847,2,pi10,n3846,1,10.000000,22.000000,12.000000,10,1.00,AND2_X1,0.586207,12.000000,11,3846
3848,NODE,n3848,2,pi09,n3847,1,11.000000,23.000000,12.000000,11,1.00,AND2_X1,0.586207,12.000000,10,3847
3849,NODE,n3849,2,pi07,n3848,1,12.000000,24.000000,12.000000,12,1.00,AND2_X1,0.586207,12.000000,8,3848
3850,NODE,n3850,2,pi00,n3849,1,13.000000,25.000000,12.000000,13,1.00,NAND2_X1,0.586207,12.000000,1,3849
3851,NODE,n3851,2,n3838,n3850,1,17.000000,26.000000,9.000000,17,1.00,NAND2_X1,0.689655,9.000000,3838,3850
3852,NODE,n3852,2,n3810,n3851,1,18.000000,27.000000,9.000000,18,1.00,NAND2_X1,0.689655,9.000000,3810,3851
3853,NODE,n3853,2,n2889,n3734,1,3.000000,9.000000,6.000000,3,1.00,NAND2_X1,0.793103,6.000000,2889,3734
3854,NODE,n3854,2,pi00,n3853,1,4.000000,10.000000,6.000000,4,1.00,NAND2_X1,0.793103,6.000000,1,3853
3855,NODE,n3855,2,n78,n3735,1,4.000000,10.000000,6.000000,4,1.00,NAND2_X1,0.793103,6.000000,78,3735
3856,NODE,n3856,2,n3854,n3855,2,5.000000,11.000000,6.000000,5,1.00,NAND2_X1,0.793103,6.000000,3854,3855
3857,NODE,n3857,2,n809,n3856,1,6.000000,12.000000,6.000000,6,1.00,NAND2_X1,0.793103,6.000000,809,3856
3858,NODE,n3858,2,pi04,n312,1,4.000000,10.000000,6.000000,4,1.00,NAND2_X1,0.793103,6.000000,5,312
3859,NODE,n3859,2,n3858,n575,1,5.000000,11.000000,6.000000,5,1.00,NAND2_X1,0.793103,6.000000,3858,575
3860,NODE,n3860,2,pi01,n3859,1,6.000000,12.000000,6.000000,6,1.00,NAND2_X1,0.793103,6.000000,2,3859
3861,NODE,n3861,2,n3857,n3860,1,7.000000,13.000000,6.000000,7,1.00,NAND2_X1,0.793103,6.000000,3857,3860
3862,NODE,n3862,2,n90,n3861,1,8.000000,14.000000,6.000000,8,1.00,NAND2_X1,0.793103,6.000000,90,3861
3863,NODE,n3863,2,n78,n1909,1,3.000000,13.000000,10.000000,3,1.00,AND2_X1,0.655172,10.000000,78,1909
3864,NODE,n3864,2,n54,n318,1,3.000000,13.000000,10.000000,3,1.00,AND2_X1,0.655172,10.000000,54,318
3865,NODE,n3865,2,n3863,n3864,1,4.000000,14.000000,10.000000,4,1.00,NAND2_X1,0.655172,10.000000,3863,3864
3866,NODE,n3866,2,n3862,n3865,1,9.000000,15.000000,6.000000,9,1.00,NAND2_X1,0.793103,6.000000,3862,3865
3867,NODE,n3867,2,n368,n3866,1,10.000000,16.000000,6.000000,10,1.00,NAND2_X1,0.793103,6.000000,368,3866
3868,NODE,n3868,2,n266,n1360,1,3.000000,11.000000,8.000000,3,1.00,NAND2_X1,0.724138,8.000000,266,1360
3869,NODE,n3869,2,n613,n3868,1,4.000000,12.000000,8.000000,4,1.00,NAND2_X1,0.724138,8.000000,613,3868
3870,NODE,n3870,2,n138,pi09,2,2.000000,8.000000,6.000000,2,1.00,NAND2_X1,0.793103,6.000000,138,10
3871,NODE,n3871,2,pi01,n62,1,2.000000,8.000000,6.000000,2,1.00,NAND2_X1,0.793103,6.000000,2,62
3872,NODE,n3872,2,n3870,n3871,1,3.000000,9.000000,6.000000,3,1.00,NAND2_X1,0.793103,6.000000,3870,3871
3873,NODE,n3873,2,pi00,n3872,1,4.000000,10.000000,6.000000,4,1.00,NAND2_X1,0.793103,6.000000,1,3872
3874,NODE,n3874,1,n3870,,1,3.000000,9.000000,6.000000,3,1.00,INV_X1,0.793103,6.000000,3870,-1
3875,NODE,n3875,2,n78,n3874,1,4.000000,10.000000,6.000000,4,1.00,NAND2_X1,0.793103,6.000000,78,3874
3876,NODE,n3876,2,n3873,n3875,1,5.000000,11.000000,6.000000,5,1.00,NAND2_X1,0.793103,6.000000,3873,3875
3877,NODE,n3877,2,n54,n3876,1,6.000000,12.000000,6.000000,6,1.00,NAND2_X1,0.793103,6.000000,54,3876
3878,NODE,n3878,2,n3869,n3877,1,7.000000,13.000000,6.000000,7,1.00,NAND2_X1,0.793103,6.000000,3869,3877
3879,NODE,n3879,2,n61,n3878,1,8.000000,14.000000,6.000000,8,1.00,AND2_X1,0.793103,6.000000,61,3878
3880,NODE,n3880,2,pi06,n3879,1,9.000000,15.000000,6.000000,9,1.00,AND2_X1,0.793103,6.000000,7,3879
3881,NODE,n3881,2,pi03,n3880,1,10.000000,16.000000,6.000000,10,1.00,NAND2_X1,0.793103,6.000000,4,3880
3882,NODE,n3882,2,n3867,n3881,1,11.000000,17.000000,6.000000,11,1.00,NAND2_X1,0.793103,6.000000,3867,3881
3883,NODE,n3883,2,n154,n3882,1,12.000000,18.000000,6.000000,12,1.00,NAND2_X1,0.793103,6.000000,154,3882
3884,NODE,n3884,2,n390,n3728,1,5.000000,12.000000,7.000000,5,1.00,NAND2_X1,0.758621,7.000000,390,3728
3885,NODE,n3885,2,n54,n3884,1,6.000000,13.000000,7.000000,6,1.00,NAND2_X1,0.758621,7.000000,54,3884
3886,NODE,n3886,1,n3728,,1,5.000000,12.000000,7.000000,5,1.00,INV_X1,0.758621,7.000000,3728,-1
3887,NODE,n3887,2,pi04,n3886,1,6.000000,13.000000,7.000000,6,1.00,NAND2_X1,0.758621,7.000000,5,3886
3888,NODE,n3888,2,n3885,n3887,1,7.000000,14.000000,7.000000,7,1.00,NAND2_X1,0.758621,7.000000,3885,3887
3889,NODE,n3889,2,n61,n3888,1,8.000000,15.000000,7.000000,8,1.00,AND2_X1,0.758621,7.000000,61,3888
3890,NODE,n3890,2,pi03,n3889,1,9.000000,16.000000,7.000000,9,1.00,NAND2_X1,0.758621,7.000000,4,3889
3891,NODE,n3891,2,n78,n713,3,4.000000,8.000000,4.000000,4,1.00,AND2_X1,0.862069,4.000000,78,713
3892,NODE,n3892,2,n435,n545,1,4.000000,15.000000,11.000000,4,1.00,AND2_X1,0.620690,11.000000,435,545
3893,NODE,n3893,2,n3891,n3892,1,5.000000,16.000000,11.000000,5,1.00,NAND2_X1,0.620690,11.000000,3891,3892
3894,NODE,n3894,2,n3890,n3893,1,10.000000,17.000000,7.000000,10,1.00,NAND2_X1,0.758621,7.000000,3890,3893
3895,NODE,n3895,2,pi02,n3894,1,11.000000,18.000000,7.000000,11,1.00,NAND2_X1,0.758621,7.000000,3,3894
3896,NODE,n3896,2,n3883,n3895,1,13.000000,19.000000,6.000000,13,1.00,NAND2_X1,0.793103,6.000000,3883,3895
3897,NODE,n3897,2,n34,n3896,1,14.000000,20.000000,6.000000,14,1.00,NAND2_X1,0.793103,6.000000,34,3896
3898,NODE,n3898,2,pi06,n161,1,6.000000,14.000000,8.000000,6,1.00,AND2_X1,0.724138,8.000000,7,161
3899,NODE,n3899,2,pi01,n3898,1,7.000000,15.000000,8.000000,7,1.00,NAND2_X1,0.724138,8.000000,2,3898
3900,NODE,n3900,1,n2698,,1,5.000000,14.000000,9.000000,5,1.00,INV_X1,0.689655,9.000000,2698,-1
3901,NODE,n3901,2,pi00,n1701,2,4.000000,7.000000,3.000000,4,1.00,NAND2_X1,0.896552,3.000000,1,1701
3902,NODE,n3902,2,n339,n3901,1,5.000000,14.000000,9.000000,5,1.00,NAND2_X1,0.689655,9.000000,339,3901
3903,NODE,n3903,2,n3900,n3902,1,6.000000,15.000000,9.000000,6,1.00,NAND2_X1,0.689655,9.000000,3900,3902
3904,NODE,n3904,2,n3899,n3903,1,8.000000,16.000000,8.000000,8,1.00,NAND2_X1,0.724138,8.000000,3899,3903
3905,NODE,n3905,2,n61,n3904,1,9.000000,17.000000,8.000000,9,1.00,NAND2_X1,0.724138,8.000000,61,3904
3906,NODE,n3906,2,n159,n1037,1,4.000000,16.000000,12.000000,4,1.00,AND2_X1,0.586207,12.000000,159,1037
3907,NODE,n3907,2,n1926,n3906,1,5.000000,17.000000,12.000000,5,1.00,NAND2_X1,0.586207,12.000000,1926,3906
3908,NODE,n3908,2,n3905,n3907,1,10.000000,18.000000,8.000000,10,1.00,NAND2_X1,0.724138,8.000000,3905,3907
3909,NODE,n3909,2,pi09,n3908,1,11.000000,19.000000,8.000000,11,1.00,AND2_X1,0.724138,8.000000,10,3908
3910,NODE,n3910,2,pi05,n3909,1,12.000000,20.000000,8.000000,12,1.00,NAND2_X1,0.724138,8.000000,6,3909
3911,NODE,n3911,2,n3897,n3910,1,15.000000,21.000000,6.000000,15,1.00,NAND2_X1,0.793103,6.000000,3897,3910
3912,NODE,n3912,2,n44,n3911,1,16.000000,22.000000,6.000000,16,1.00,AND2_X1,0.793103,6.000000,44,3911
3913,NODE,n3913,2,pi13,n3912,1,17.000000,23.000000,6.000000,17,1.00,AND2_X1,0.793103,6.000000,14,3912
3914,NODE,n3914,2,pi12,n3913,1,18.000000,24.000000,6.000000,18,1.00,AND2_X1,0.793103,6.000000,13,3913
3915,NODE,n3915,2,pi11,n3914,1,19.000000,25.000000,6.000000,19,1.00,AND2_X1,0.793103,6.000000,12,3914
3916,NODE,n3916,2,pi10,n3915,1,20.000000,26.000000,6.000000,20,1.00,NAND2_X1,0.793103,6.000000,11,3915
3917,NODE,n3917,2,n186,n2151,2,3.000000,5.000000,2.000000,3,1.00,NAND2_X1,0.931035,2.000000,186,2151
3918,NODE,n3918,2,n3097,n3917,1,4.000000,19.000000,15.000000,4,1.00,AND2_X1,0.482759,15.000000,3097,3917
3919,NODE,n3919,2,pi00,n3918,1,5.000000,20.000000,15.000000,5,1.00,NAND2_X1,0.482759,15.000000,1,3918
3920,NODE,n3920,1,n3053,,1,3.000000,18.000000,15.000000,3,1.00,INV_X1,0.482759,15.000000,3053,-1
3921,NODE,n3921,2,n154,n3920,1,4.000000,19.000000,15.000000,4,1.00,AND2_X1,0.482759,15.000000,154,3920
3922,NODE,n3922,2,n619,n3921,1,5.000000,20.000000,15.000000,5,1.00,NAND2_X1,0.482759,15.000000,619,3921
3923,NODE,n3923,2,n3919,n3922,1,6.000000,21.000000,15.000000,6,1.00,NAND2_X1,0.482759,15.000000,3919,3922
3924,NODE,n3924,2,n1670,n3923,1,7.000000,22.000000,15.000000,7,1.00,NAND2_X1,0.482759,15.000000,1670,3923
3925,NODE,n3925,2,pi06,n3382,1,6.000000,20.000000,14.000000,6,1.00,AND2_X1,0.517241,14.000000,7,3382
3926,NODE,n3926,2,pi01,n3925,1,7.000000,21.000000,14.000000,7,1.00,AND2_X1,0.517241,14.000000,2,3925
3927,NODE,n3927,2,n78,n3926,1,8.000000,22.000000,14.000000,8,1.00,NAND2_X1,0.517241,14.000000,78,3926
3928,NODE,n3928,2,n3924,n3927,1,9.000000,23.000000,14.000000,9,1.00,NAND2_X1,0.517241,14.000000,3924,3927
3929,NODE,n3929,2,n42,n3928,1,10.000000,24.000000,14.000000,10,1.00,AND2_X1,0.517241,14.000000,42,3928
3930,NODE,n3930,2,n91,n3929,1,11.000000,25.000000,14.000000,11,1.00,AND2_X1,0.517241,14.000000,91,3929
3931,NODE,n3931,2,n260,n3930,1,12.000000,26.000000,14.000000,12,1.00,NAND2_X1,0.517241,14.000000,260,3930
3932,NODE,n3932,2,n3916,n3931,1,21.000000,27.000000,6.000000,21,1.00,AND2_X1,0.793103,6.000000,3916,3931
3933,NODE,n3933,2,n3852,n3932,1,22.000000,28.000000,6.000000,22,1.00,AND2_X1,0.793103,6.000000,3852,3932
3934,NODE,n3934,2,n3809,n3933,1,23.000000,29.000000,6.000000,23,1.00,NAND2_X1,0.793103,6.000000,3809,3933
3935,NODE,n3935,2,pi08,n3934,1,24.000000,30.000000,6.000000,24,1.00,NAND2_X1,0.793103,6.000000,9,3934
3936,NODE,n3936,2,n54,n534,2,4.000000,11.000000,7.000000,4,1.00,AND2_X1,0.758621,7.000000,54,534
3937,NODE,n3937,2,n755,n3936,1,5.000000,18.000000,13.000000,5,1.00,NAND2_X1,0.551724,13.000000,755,3936
3938,NODE,n3938,2,pi07,n233,1,6.000000,18.000000,12.000000,6,1.00,NAND2_X1,0.586207,12.000000,8,233
3939,NODE,n3939,2,n3937,n3938,1,7.000000,19.000000,12.000000,7,1.00,NAND2_X1,0.586207,12.000000,3937,3938
3940,NODE,n3940,2,n3651,n3939,1,8.000000,20.000000,12.000000,8,1.00,NAND2_X1,0.586207,12.000000,3651,3939
3941,NODE,n3941,2,pi03,n2159,2,3.000000,11.000000,8.000000,3,1.00,NAND2_X1,0.724138,8.000000,4,2159
3942,NODE,n3942,2,n2094,n3941,1,5.000000,12.000000,7.000000,5,1.00,NAND2_X1,0.758621,7.000000,2094,3941
3943,NODE,n3943,2,pi05,n3942,1,6.000000,13.000000,7.000000,6,1.00,AND2_X1,0.758621,7.000000,6,3942
3944,NODE,n3944,2,n154,n3943,1,7.000000,14.000000,7.000000,7,1.00,AND2_X1,0.758621,7.000000,154,3943
3945,NODE,n3945,2,pi00,n3944,1,8.000000,15.000000,7.000000,8,1.00,NAND2_X1,0.758621,7.000000,1,3944
3946,NODE,n3946,2,pi04,n527,1,4.000000,14.000000,10.000000,4,1.00,AND2_X1,0.655172,10.000000,5,527
3947,NODE,n3947,2,n3450,n3946,1,5.000000,15.000000,10.000000,5,1.00,NAND2_X1,0.655172,10.000000,3450,3946
3948,NODE,n3948,2,n3945,n3947,1,9.000000,16.000000,7.000000,9,1.00,NAND2_X1,0.758621,7.000000,3945,3947
3949,NODE,n3949,2,n368,n3948,1,10.000000,17.000000,7.000000,10,1.00,AND2_X1,0.758621,7.000000,368,3948
3950,NODE,n3950,2,n138,n3949,1,11.000000,18.000000,7.000000,11,1.00,NAND2_X1,0.758621,7.000000,138,3949
3951,NODE,n3951,1,n3194,,1,4.000000,14.000000,10.000000,4,1.00,INV_X1,0.655172,10.000000,3194,-1
3952,NODE,n3952,2,n90,n3951,1,5.000000,15.000000,10.000000,5,1.00,AND2_X1,0.655172,10.000000,90,3951
3953,NODE,n3953,2,pi02,n3952,1,6.000000,16.000000,10.000000,6,1.00,AND2_X1,0.655172,10.000000,3,3952
3954,NODE,n3954,2,pi01,n3953,1,7.000000,17.000000,10.000000,7,1.00,AND2_X1,0.655172,10.000000,2,3953
3955,NODE,n3955,2,n78,n3954,1,8.000000,18.000000,10.000000,8,1.00,NAND2_X1,0.655172,10.000000,78,3954
3956,NODE,n3956,2,n3950,n3955,1,12.000000,19.000000,7.000000,12,1.00,AND2_X1,0.758621,7.000000,3950,3955
3957,NODE,n3957,2,n231,n524,2,4.000000,9.000000,5.000000,4,1.00,NAND2_X1,0.827586,5.000000,231,524
3958,NODE,n3958,2,pi03,n527,2,4.000000,4.000000,0.000000,4,1.00,NAND2_X1,1.000000,0.000000,4,527
3959,NODE,n3959,1,n3958,,1,5.000000,5.000000,0.000000,5,1.00,INV_X1,1.000000,0.000000,3958,-1
3960,NODE,n3960,2,pi04,n3959,2,6.000000,6.000000,0.000000,6,1.00,NAND2_X1,1.000000,0.000000,5,3959
3961,NODE,n3961,2,n3957,n3960,1,7.000000,15.000000,8.000000,7,1.00,NAND2_X1,0.724138,8.000000,3957,3960
3962,NODE,n3962,2,n154,n3961,1,8.000000,16.000000,8.000000,8,1.00,NAND2_X1,0.724138,8.000000,154,3961
3963,NODE,n3963,2,n231,n534,1,4.000000,14.000000,10.000000,4,1.00,NAND2_X1,0.655172,10.000000,231,534
3964,NODE,n3964,2,n3941,n3963,1,5.000000,15.000000,10.000000,5,1.00,NAND2_X1,0.655172,10.000000,3941,3963
3965,NODE,n3965,2,pi02,n3964,1,6.000000,16.000000,10.000000,6,1.00,NAND2_X1,0.655172,10.000000,3,3964
3966,NODE,n3966,2,n3962,n3965,1,9.000000,17.000000,8.000000,9,1.00,NAND2_X1,0.724138,8.000000,3962,3965
3967,NODE,n3967,2,n368,n3966,1,10.000000,18.000000,8.000000,10,1.00,AND2_X1,0.724138,8.000000,368,3966
3968,NODE,n3968,2,n138,n3967,1,11.000000,19.000000,8.000000,11,1.00,NAND2_X1,0.724138,8.000000,138,3967
3969,NODE,n3969,2,n3956,n3968,1,13.000000,20.000000,7.000000,13,1.00,AND2_X1,0.758621,7.000000,3956,3968
3970,NODE,n3970,2,n3940,n3969,1,14.000000,21.000000,7.000000,14,1.00,NAND2_X1,0.758621,7.000000,3940,3969
3971,NODE,n3971,2,n44,n3970,1,15.000000,22.000000,7.000000,15,1.00,AND2_X1,0.758621,7.000000,44,3970
3972,NODE,n3972,2,pi13,n3971,1,16.000000,23.000000,7.000000,16,1.00,AND2_X1,0.758621,7.000000,14,3971
3973,NODE,n3973,2,pi12,n3972,1,17.000000,24.000000,7.000000,17,1.00,AND2_X1,0.758621,7.000000,13,3972
3974,NODE,n3974,2,pi11,n3973,1,18.000000,25.000000,7.000000,18,1.00,AND2_X1,0.758621,7.000000,12,3973
3975,NODE,n3975,2,pi10,n3974,1,19.000000,26.000000,7.000000,19,1.00,NAND2_X1,0.758621,7.000000,11,3974
3976,NODE,n3976,1,n3315,,3,4.000000,9.000000,5.000000,4,1.00,INV_X1,0.827586,5.000000,3315,-1
3977,NODE,n3977,2,n561,n3976,1,5.000000,24.000000,19.000000,5,1.00,AND2_X1,0.344828,19.000000,561,3976
3978,NODE,n3978,2,pi06,n3977,1,6.000000,25.000000,19.000000,6,1.00,AND2_X1,0.344828,19.000000,7,3977
3979,NODE,n3979,2,n890,n3978,1,7.000000,26.000000,19.000000,7,1.00,NAND2_X1,0.344828,19.000000,890,3978
3980,NODE,n3980,2,n3975,n3979,1,20.000000,27.000000,7.000000,20,1.00,NAND2_X1,0.758621,7.000000,3975,3979
3981,NODE,n3981,2,pi09,n3980,1,21.000000,28.000000,7.000000,21,1.00,NAND2_X1,0.758621,7.000000,10,3980
3982,NODE,n3982,2,pi00,n3382,1,6.000000,16.000000,10.000000,6,1.00,NAND2_X1,0.655172,10.000000,1,3382
3983,NODE,n3983,2,n78,n161,1,6.000000,16.000000,10.000000,6,1.00,NAND2_X1,0.655172,10.000000,78,161
3984,NODE,n3984,2,n3982,n3983,1,7.000000,17.000000,10.000000,7,1.00,NAND2_X1,0.655172,10.000000,3982,3983
3985,NODE,n3985,2,n3647,n3650,4,3.000000,4.000000,1.000000,3,1.00,NAND2_X1,0.965517,1.000000,3647,3650
3986,NODE,n3986,2,n3984,n3985,1,8.000000,18.000000,10.000000,8,1.00,NAND2_X1,0.655172,10.000000,3984,3985
3987,NODE,n3987,2,n138,n1192,2,3.000000,14.000000,11.000000,3,1.00,NAND2_X1,0.620690,11.000000,138,1192
3988,NODE,n3988,2,pi01,n258,1,4.000000,14.000000,10.000000,4,1.00,NAND2_X1,0.655172,10.000000,2,258
3989,NODE,n3989,2,n3987,n3988,1,5.000000,15.000000,10.000000,5,1.00,NAND2_X1,0.655172,10.000000,3987,3988
3990,NODE,n3990,2,n368,n3989,1,6.000000,16.000000,10.000000,6,1.00,AND2_X1,0.655172,10.000000,368,3989
3991,NODE,n3991,2,n90,n3990,1,7.000000,17.000000,10.000000,7,1.00,AND2_X1,0.655172,10.000000,90,3990
3992,NODE,n3992,2,n78,n3991,1,8.000000,18.000000,10.000000,8,1.00,NAND2_X1,0.655172,10.000000,78,3991
3993,NODE,n3993,2,n3986,n3992,1,9.000000,19.000000,10.000000,9,1.00,NAND2_X1,0.655172,10.000000,3986,3992
3994,NODE,n3994,2,pi07,n3993,1,10.000000,20.000000,10.000000,10,1.00,NAND2_X1,0.655172,10.000000,8,3993
3995,NODE,n3995,2,n231,n1040,2,4.000000,16.000000,12.000000,4,1.00,AND2_X1,0.586207,12.000000,231,1040
3996,NODE,n3996,2,n2019,n3995,1,6.000000,20.000000,14.000000,6,1.00,NAND2_X1,0.517241,14.000000,2019,3995
3997,NODE,n3997,2,n3994,n3996,1,11.000000,21.000000,10.000000,11,1.00,AND2_X1,0.655172,10.000000,3994,3996
3998,NODE,n3998,2,n2901,n3317,1,6.000000,17.000000,11.000000,6,1.00,AND2_X1,0.620690,11.000000,2901,3317
3999,NODE,n3999,2,pi01,n3998,1,7.000000,18.000000,11.000000,7,1.00,NAND2_X1,0.620690,11.000000,2,3998
4000,NODE,n4000,2,pi04,n1654,1,4.000000,5.000000,1.000000,4,1.00,AND2_X1,0.965517,1.000000,5,1654
4001,NODE,n4001,2,pi03,n4000,2,5.000000,6.000000,1.000000,5,1.00,NAND2_X1,0.965517,1.000000,4,4000
4002,NODE,n4002,2,n224,n2023,1,6.000000,16.000000,10.000000,6,1.00,NAND2_X1,0.655172,10.000000,224,2023
4003,NODE,n4003,2,n4001,n4002,1,7.000000,17.000000,10.000000,7,1.00,NAND2_X1,0.655172,10.000000,4001,4002
4004,NODE,n4004,2,n138,n4003,1,8.000000,18.000000,10.000000,8,1.00,NAND2_X1,0.655172,10.000000,138,4003
4005,NODE,n4005,2,n3999,n4004,1,9.000000,19.000000,10.000000,9,1.00,NAND2_X1,0.655172,10.000000,3999,4004
4006,NODE,n4006,2,n61,n4005,1,10.000000,20.000000,10.000000,10,1.00,AND2_X1,0.655172,10.000000,61,4005
4007,NODE,n4007,2,n78,n4006,1,11.000000,21.000000,10.000000,11,1.00,NAND2_X1,0.655172,10.000000,78,4006
4008,NODE,n4008,2,n3997,n4007,1,12.000000,22.000000,10.000000,12,1.00,NAND2_X1,0.655172,10.000000,3997,4007
4009,NODE,n4009,2,pi14,n4008,1,13.000000,23.000000,10.000000,13,1.00,AND2_X1,0.655172,10.000000,15,4008
4010,NODE,n4010,2,n40,n4009,1,14.000000,24.000000,10.000000,14,1.00,AND2_X1,0.655172,10.000000,40,4009
4011,NODE,n4011,2,n39,n4010,1,15.000000,25.000000,10.000000,15,1.00,AND2_X1,0.655172,10.000000,39,4010
4012,NODE,n4012,2,n36,n4011,1,16.000000,26.000000,10.000000,16,1.00,AND2_X1,0.655172,10.000000,36,4011
4013,NODE,n4013,2,n33,n4012,1,17.000000,27.000000,10.000000,17,1.00,AND2_X1,0.655172,10.000000,33,4012
4014,NODE,n4014,2,n62,n4013,1,18.000000,28.000000,10.000000,18,1.00,NAND2_X1,0.655172,10.000000,62,4013
4015,NODE,n4015,2,n3981,n4014,1,22.000000,29.000000,7.000000,22,1.00,NAND2_X1,0.758621,7.000000,3981,4014
4016,NODE,n4016,2,n35,n4015,1,23.000000,30.000000,7.000000,23,1.00,NAND2_X1,0.758621,7.000000,35,4015
4017,NODE,n4017,2,n3935,n4016,1,25.000000,31.000000,6.000000,25,1.00,AND2_X1,0.793103,6.000000,3935,4016
4018,NODE,n4018,2,n3789,n4017,1,26.000000,32.000000,6.000000,26,1.00,AND2_X1,0.793103,6.000000,3789,4017
4019,NODE,n4019,2,n1125,n1990,3,3.000000,9.000000,6.000000,3,1.00,NAND2_X1,0.793103,6.000000,1125,1990
4020,NODE,n4020,2,pi08,n70,1,5.000000,15.000000,10.000000,5,1.00,NAND2_X1,0.655172,10.000000,9,70
4021,NODE,n4021,2,n1458,n4020,1,6.000000,16.000000,10.000000,6,1.00,NAND2_X1,0.655172,10.000000,1458,4020
4022,NODE,n4022,2,pi07,n4021,1,7.000000,17.000000,10.000000,7,1.00,AND2_X1,0.655172,10.000000,8,4021
4023,NODE,n4023,2,pi04,n4022,1,8.000000,18.000000,10.000000,8,1.00,AND2_X1,0.655172,10.000000,5,4022
4024,NODE,n4024,2,pi03,n4023,1,9.000000,19.000000,10.000000,9,1.00,NAND2_X1,0.655172,10.000000,4,4023
4025,NODE,n4025,2,n231,n715,1,4.000000,18.000000,14.000000,4,1.00,AND2_X1,0.517241,14.000000,231,715
4026,NODE,n4026,2,n70,n4025,1,5.000000,19.000000,14.000000,5,1.00,NAND2_X1,0.517241,14.000000,70,4025
4027,NODE,n4027,2,n4024,n4026,1,10.000000,20.000000,10.000000,10,1.00,NAND2_X1,0.655172,10.000000,4024,4026
4028,NODE,n4028,2,pi01,n4027,1,11.000000,21.000000,10.000000,11,1.00,NAND2_X1,0.655172,10.000000,2,4027
4029,NODE,n4029,2,n90,n895,1,4.000000,13.000000,9.000000,4,1.00,NAND2_X1,0.689655,9.000000,90,895
4030,NODE,n4030,2,pi03,n715,1,4.000000,13.000000,9.000000,4,1.00,NAND2_X1,0.689655,9.000000,4,715
4031,NODE,n4031,2,n4029,n4030,1,5.000000,14.000000,9.000000,5,1.00,NAND2_X1,0.689655,9.000000,4029,4030
4032,NODE,n4032,2,n44,n4031,1,6.000000,15.000000,9.000000,6,1.00,AND2_X1,0.689655,9.000000,44,4031
4033,NODE,n4033,2,pi13,n4032,1,7.000000,16.000000,9.000000,7,1.00,AND2_X1,0.689655,9.000000,14,4032
4034,NODE,n4034,2,pi12,n4033,1,8.000000,17.000000,9.000000,8,1.00,AND2_X1,0.689655,9.000000,13,4033
4035,NODE,n4035,2,pi11,n4034,1,9.000000,18.000000,9.000000,9,1.00,AND2_X1,0.689655,9.000000,12,4034
4036,NODE,n4036,2,pi10,n4035,1,10.000000,19.000000,9.000000,10,1.00,AND2_X1,0.689655,9.000000,11,4035
4037,NODE,n4037,2,n54,n4036,1,11.000000,20.000000,9.000000,11,1.00,AND2_X1,0.689655,9.000000,54,4036
4038,NODE,n4038,2,n138,n4037,1,12.000000,21.000000,9.000000,12,1.00,NAND2_X1,0.689655,9.000000,138,4037
4039,NODE,n4039,2,n4028,n4038,1,13.000000,22.000000,9.000000,13,1.00,NAND2_X1,0.689655,9.000000,4028,4038
4040,NODE,n4040,2,pi00,n4039,1,14.000000,23.000000,9.000000,14,1.00,NAND2_X1,0.689655,9.000000,1,4039
4041,NODE,n4041,2,n2089,n2152,1,3.000000,14.000000,11.000000,3,1.00,NAND2_X1,0.620690,11.000000,2089,2152
4042,NODE,n4042,2,n189,n3482,1,4.000000,14.000000,10.000000,4,1.00,NAND2_X1,0.655172,10.000000,189,3482
4043,NODE,n4043,2,n4041,n4042,1,5.000000,15.000000,10.000000,5,1.00,NAND2_X1,0.655172,10.000000,4041,4042
4044,NODE,n4044,2,pi07,n4043,1,6.000000,16.000000,10.000000,6,1.00,NAND2_X1,0.655172,10.000000,8,4043
4045,NODE,n4045,2,n35,n186,1,3.000000,13.000000,10.000000,3,1.00,NAND2_X1,0.655172,10.000000,35,186
4046,NODE,n4046,2,n138,n2799,1,4.000000,13.000000,9.000000,4,1.00,NAND2_X1,0.689655,9.000000,138,2799
4047,NODE,n4047,2,n4045,n4046,1,5.000000,14.000000,9.000000,5,1.00,NAND2_X1,0.689655,9.000000,4045,4046
4048,NODE,n4048,2,n61,n4047,1,6.000000,15.000000,9.000000,6,1.00,AND2_X1,0.689655,9.000000,61,4047
4049,NODE,n4049,2,n54,n4048,1,7.000000,16.000000,9.000000,7,1.00,NAND2_X1,0.689655,9.000000,54,4048
4050,NODE,n4050,2,n4044,n4049,1,8.000000,17.000000,9.000000,8,1.00,NAND2_X1,0.689655,9.000000,4044,4049
4051,NODE,n4051,2,n44,n4050,1,9.000000,18.000000,9.000000,9,1.00,AND2_X1,0.689655,9.000000,44,4050
4052,NODE,n4052,2,pi13,n4051,1,10.000000,19.000000,9.000000,10,1.00,AND2_X1,0.689655,9.000000,14,4051
4053,NODE,n4053,2,pi12,n4052,1,11.000000,20.000000,9.000000,11,1.00,AND2_X1,0.689655,9.000000,13,4052
4054,NODE,n4054,2,pi11,n4053,1,12.000000,21.000000,9.000000,12,1.00,AND2_X1,0.689655,9.000000,12,4053
4055,NODE,n4055,2,pi10,n4054,1,13.000000,22.000000,9.000000,13,1.00,AND2_X1,0.689655,9.000000,11,4054
4056,NODE,n4056,2,n78,n4055,1,14.000000,23.000000,9.000000,14,1.00,NAND2_X1,0.689655,9.000000,78,4055
4057,NODE,n4057,2,n4040,n4056,1,15.000000,24.000000,9.000000,15,1.00,NAND2_X1,0.689655,9.000000,4040,4056
4058,NODE,n4058,2,pi02,n4057,1,16.000000,25.000000,9.000000,16,1.00,NAND2_X1,0.689655,9.000000,3,4057
4059,NODE,n4059,1,n1626,,3,3.000000,6.000000,3.000000,3,1.00,INV_X1,0.896552,3.000000,1626,-1
4060,NODE,n4060,2,pi00,n4059,1,4.000000,14.000000,10.000000,4,1.00,NAND2_X1,0.655172,10.000000,1,4059
4061,NODE,n4061,2,n1627,n4060,1,5.000000,15.000000,10.000000,5,1.00,NAND2_X1,0.655172,10.000000,1627,4060
4062,NODE,n4062,2,n35,n4061,1,6.000000,16.000000,10.000000,6,1.00,AND2_X1,0.655172,10.000000,35,4061
4063,NODE,n4063,2,pi03,n4062,1,7.000000,17.000000,10.000000,7,1.00,NAND2_X1,0.655172,10.000000,4,4062
4064,NODE,n4064,2,n90,n127,3,3.000000,7.000000,4.000000,3,1.00,AND2_X1,0.862069,4.000000,90,127
4065,NODE,n4065,2,n619,n4064,1,4.000000,17.000000,13.000000,4,1.00,NAND2_X1,0.551724,13.000000,619,4064
4066,NODE,n4066,2,n4063,n4065,1,8.000000,18.000000,10.000000,8,1.00,NAND2_X1,0.655172,10.000000,4063,4065
4067,NODE,n4067,2,n44,n4066,1,9.000000,19.000000,10.000000,9,1.00,AND2_X1,0.655172,10.000000,44,4066
4068,NODE,n4068,2,pi13,n4067,1,10.000000,20.000000,10.000000,10,1.00,AND2_X1,0.655172,10.000000,14,4067
4069,NODE,n4069,2,pi12,n4068,1,11.000000,21.000000,10.000000,11,1.00,AND2_X1,0.655172,10.000000,13,4068
4070,NODE,n4070,2,pi11,n4069,1,12.000000,22.000000,10.000000,12,1.00,AND2_X1,0.655172,10.000000,12,4069
4071,NODE,n4071,2,pi10,n4070,1,13.000000,23.000000,10.000000,13,1.00,AND2_X1,0.655172,10.000000,11,4070
4072,NODE,n4072,2,n54,n4071,1,14.000000,24.000000,10.000000,14,1.00,AND2_X1,0.655172,10.000000,54,4071
4073,NODE,n4073,2,n154,n4072,1,15.000000,25.000000,10.000000,15,1.00,NAND2_X1,0.655172,10.000000,154,4072
4074,NODE,n4074,2,n4058,n4073,1,17.000000,26.000000,9.000000,17,1.00,NAND2_X1,0.689655,9.000000,4058,4073
4075,NODE,n4075,2,pi05,n4074,1,18.000000,27.000000,9.000000,18,1.00,NAND2_X1,0.689655,9.000000,6,4074
4076,NODE,n4076,1,n1845,,3,3.000000,9.000000,6.000000,3,1.00,INV_X1,0.793103,6.000000,1845,-1
4077,NODE,n4077,2,pi00,n4076,1,4.000000,20.000000,16.000000,4,1.00,NAND2_X1,0.448276,16.000000,1,4076
4078,NODE,n4078,2,pi08,n4077,1,5.000000,21.000000,16.000000,5,1.00,NAND2_X1,0.448276,16.000000,9,4077
4079,NODE,n4079,2,n66,n4078,1,6.000000,22.000000,16.000000,6,1.00,AND2_X1,0.448276,16.000000,66,4078
4080,NODE,n4080,2,pi07,pi12,1,1.000000,21.000000,20.000000,1,1.00,AND2_X1,0.310345,20.000000,8,13
4081,NODE,n4081,2,n68,n4080,1,3.000000,22.000000,19.000000,3,1.00,AND2_X1,0.344828,19.000000,68,4080
4082,NODE,n4082,2,n4079,n4081,1,7.000000,23.000000,16.000000,7,1.00,AND2_X1,0.448276,16.000000,4079,4081
4083,NODE,n4083,2,n34,n4082,1,8.000000,24.000000,16.000000,8,1.00,AND2_X1,0.448276,16.000000,34,4082
4084,NODE,n4084,2,n54,n4083,1,9.000000,25.000000,16.000000,9,1.00,AND2_X1,0.448276,16.000000,54,4083
4085,NODE,n4085,2,n90,n4084,1,10.000000,26.000000,16.000000,10,1.00,AND2_X1,0.448276,16.000000,90,4084
4086,NODE,n4086,2,n138,n4085,1,11.000000,27.000000,16.000000,11,1.00,NAND2_X1,0.448276,16.000000,138,4085
4087,NODE,n4087,2,n4075,n4086,1,19.000000,28.000000,9.000000,19,1.00,NAND2_X1,0.689655,9.000000,4075,4086
4088,NODE,n4088,2,n4019,n4087,1,20.000000,29.000000,9.000000,20,1.00,NAND2_X1,0.689655,9.000000,4019,4087
4089,NODE,n4089,2,n90,n1183,1,3.000000,12.000000,9.000000,3,1.00,NAND2_X1,0.689655,9.000000,90,1183
4090,NODE,n4090,2,n2513,n4089,1,5.000000,13.000000,8.000000,5,1.00,NAND2_X1,0.724138,8.000000,2513,4089
4091,NODE,n4091,2,n44,n4090,1,6.000000,14.000000,8.000000,6,1.00,AND2_X1,0.724138,8.000000,44,4090
4092,NODE,n4092,2,pi13,n4091,1,7.000000,15.000000,8.000000,7,1.00,AND2_X1,0.724138,8.000000,14,4091
4093,NODE,n4093,2,pi12,n4092,1,8.000000,16.000000,8.000000,8,1.00,AND2_X1,0.724138,8.000000,13,4092
4094,NODE,n4094,2,pi11,n4093,1,9.000000,17.000000,8.000000,9,1.00,AND2_X1,0.724138,8.000000,12,4093
4095,NODE,n4095,2,pi10,n4094,1,10.000000,18.000000,8.000000,10,1.00,AND2_X1,0.724138,8.000000,11,4094
4096,NODE,n4096,2,pi08,n4095,1,11.000000,19.000000,8.000000,11,1.00,AND2_X1,0.724138,8.000000,9,4095
4097,NODE,n4097,2,pi07,n4096,1,12.000000,20.000000,8.000000,12,1.00,AND2_X1,0.724138,8.000000,8,4096
4098,NODE,n4098,2,n78,n4097,1,13.000000,21.000000,8.000000,13,1.00,NAND2_X1,0.724138,8.000000,78,4097
4099,NODE,n4099,2,n61,n3524,2,7.000000,20.000000,13.000000,7,1.00,AND2_X1,0.551724,13.000000,61,3524
4100,NODE,n4100,2,pi00,n4099,1,8.000000,21.000000,13.000000,8,1.00,NAND2_X1,0.551724,13.000000,1,4099
4101,NODE,n4101,2,n4098,n4100,1,14.000000,22.000000,8.000000,14,1.00,NAND2_X1,0.724138,8.000000,4098,4100
4102,NODE,n4102,2,pi02,n4101,1,15.000000,23.000000,8.000000,15,1.00,NAND2_X1,0.724138,8.000000,3,4101
4103,NODE,n4103,2,pi00,n1462,1,7.000000,19.000000,12.000000,7,1.00,NAND2_X1,0.586207,12.000000,1,1462
4104,NODE,n4104,2,n118,n243,1,4.000000,18.000000,14.000000,4,1.00,AND2_X1,0.517241,14.000000,118,243
4105,NODE,n4105,2,n70,n4104,1,5.000000,19.000000,14.000000,5,1.00,NAND2_X1,0.517241,14.000000,70,4104
4106,NODE,n4106,2,n4103,n4105,1,8.000000,20.000000,12.000000,8,1.00,NAND2_X1,0.586207,12.000000,4103,4105
4107,NODE,n4107,2,n790,n4106,1,9.000000,21.000000,12.000000,9,1.00,AND2_X1,0.586207,12.000000,790,4106
4108,NODE,n4108,2,n61,n4107,1,10.000000,22.000000,12.000000,10,1.00,AND2_X1,0.586207,12.000000,61,4107
4109,NODE,n4109,2,n154,n4108,1,11.000000,23.000000,12.000000,11,1.00,NAND2_X1,0.586207,12.000000,154,4108
4110,NODE,n4110,2,n4102,n4109,1,16.000000,24.000000,8.000000,16,1.00,NAND2_X1,0.724138,8.000000,4102,4109
4111,NODE,n4111,2,pi04,n4110,1,17.000000,25.000000,8.000000,17,1.00,NAND2_X1,0.724138,8.000000,5,4110
4112,NODE,n4112,2,n1770,n1460,1,5.000000,15.000000,10.000000,5,1.00,NAND2_X1,0.655172,10.000000,1770,1460
4113,NODE,n4113,2,n880,n4112,1,7.000000,16.000000,9.000000,7,1.00,NAND2_X1,0.689655,9.000000,880,4112
4114,NODE,n4114,2,n790,n4113,1,8.000000,17.000000,9.000000,8,1.00,NAND2_X1,0.689655,9.000000,790,4113
4115,NODE,n4115,2,n1335,n1459,1,5.000000,17.000000,12.000000,5,1.00,NAND2_X1,0.586207,12.000000,1335,1459
4116,NODE,n4116,2,n4114,n4115,1,9.000000,18.000000,9.000000,9,1.00,NAND2_X1,0.689655,9.000000,4114,4115
4117,NODE,n4117,2,n90,n4116,1,10.000000,19.000000,9.000000,10,1.00,NAND2_X1,0.689655,9.000000,90,4116
4118,NODE,n4118,2,pi03,n3524,1,7.000000,18.000000,11.000000,7,1.00,AND2_X1,0.620690,11.000000,4,3524
4119,NODE,n4119,2,pi00,n4118,1,8.000000,19.000000,11.000000,8,1.00,NAND2_X1,0.620690,11.000000,1,4118
4120,NODE,n4120,2,n4117,n4119,1,11.000000,20.000000,9.000000,11,1.00,NAND2_X1,0.689655,9.000000,4117,4119
4121,NODE,n4121,2,n61,n4120,1,12.000000,21.000000,9.000000,12,1.00,NAND2_X1,0.689655,9.000000,61,4120
4122,NODE,n4122,2,n128,n687,1,4.000000,20.000000,16.000000,4,1.00,AND2_X1,0.448276,16.000000,128,687
4123,NODE,n4123,2,n1414,n4122,1,6.000000,21.000000,15.000000,6,1.00,NAND2_X1,0.482759,15.000000,1414,4122
4124,NODE,n4124,2,n4121,n4123,1,13.000000,22.000000,9.000000,13,1.00,NAND2_X1,0.689655,9.000000,4121,4123
4125,NODE,n4125,2,n154,n4124,1,14.000000,23.000000,9.000000,14,1.00,NAND2_X1,0.689655,9.000000,154,4124
4126,NODE,n4126,2,pi02,n4099,1,8.000000,22.000000,14.000000,8,1.00,AND2_X1,0.517241,14.000000,3,4099
4127,NODE,n4127,2,pi00,n4126,1,9.000000,23.000000,14.000000,9,1.00,NAND2_X1,0.517241,14.000000,1,4126
4128,NODE,n4128,2,n4125,n4127,1,15.000000,24.000000,9.000000,15,1.00,NAND2_X1,0.689655,9.000000,4125,4127
4129,NODE,n4129,2,n54,n4128,1,16.000000,25.000000,9.000000,16,1.00,NAND2_X1,0.689655,9.000000,54,4128
4130,NODE,n4130,2,n4111,n4129,1,18.000000,26.000000,8.000000,18,1.00,NAND2_X1,0.724138,8.000000,4111,4129
4131,NODE,n4131,2,pi01,n4130,1,19.000000,27.000000,8.000000,19,1.00,NAND2_X1,0.724138,8.000000,2,4130
4132,NODE,n4132,2,n138,n1512,1,9.000000,26.000000,17.000000,9,1.00,AND2_X1,0.413793,17.000000,138,1512
4133,NODE,n4133,2,pi00,n4132,1,10.000000,27.000000,17.000000,10,1.00,NAND2_X1,0.413793,17.000000,1,4132
4134,NODE,n4134,2,n4131,n4133,1,20.000000,28.000000,8.000000,20,1.00,AND2_X1,0.724138,8.000000,4131,4133
4135,NODE,n4135,2,pi08,n3299,2,4.000000,16.000000,12.000000,4,1.00,AND2_X1,0.586207,12.000000,9,3299
4136,NODE,n4136,2,n78,n4135,1,5.000000,17.000000,12.000000,5,1.00,NAND2_X1,0.586207,12.000000,78,4135
4137,NODE,n4137,2,pi10,n596,1,3.000000,14.000000,11.000000,3,1.00,NAND2_X1,0.620690,11.000000,11,596
4138,NODE,n4138,2,n1078,n4137,1,4.000000,15.000000,11.000000,4,1.00,NAND2_X1,0.620690,11.000000,1078,4137
4139,NODE,n4139,2,n154,n4138,1,5.000000,16.000000,11.000000,5,1.00,NAND2_X1,0.620690,11.000000,154,4138
4140,NODE,n4140,2,n884,n1611,2,3.000000,10.000000,7.000000,3,1.00,NAND2_X1,0.758621,7.000000,884,1611
4141,NODE,n4141,2,n3810,n4140,1,4.000000,11.000000,7.000000,4,1.00,NAND2_X1,0.758621,7.000000,3810,4140
4142,NODE,n4142,2,n33,n1670,1,4.000000,10.000000,6.000000,4,1.00,AND2_X1,0.793103,6.000000,33,1670
4143,NODE,n4143,2,pi08,n4142,1,5.000000,11.000000,6.000000,5,1.00,NAND2_X1,0.793103,6.000000,9,4142
4144,NODE,n4144,2,n4141,n4143,1,6.000000,12.000000,6.000000,6,1.00,NAND2_X1,0.793103,6.000000,4141,4143
4145,NODE,n4145,2,pi15,n4144,1,7.000000,13.000000,6.000000,7,1.00,NAND2_X1,0.793103,6.000000,16,4144
4146,NODE,n4146,1,n3507,,7,3.000000,7.000000,4.000000,3,1.00,INV_X1,0.862069,4.000000,3507,-1
4147,NODE,n4147,2,n35,n4146,2,4.000000,12.000000,8.000000,4,1.00,AND2_X1,0.724138,8.000000,35,4146
4148,NODE,n4148,2,n597,n4147,1,5.000000,13.000000,8.000000,5,1.00,NAND2_X1,0.724138,8.000000,597,4147
4149,NODE,n4149,2,n4145,n4148,1,8.000000,14.000000,6.000000,8,1.00,AND2_X1,0.793103,6.000000,4145,4148
4150,NODE,n4150,2,pi02,n4149,1,9.000000,15.000000,6.000000,9,1.00,NAND2_X1,0.793103,6.000000,3,4149
4151,NODE,n4151,2,pi00,n4150,1,10.000000,16.000000,6.000000,10,1.00,AND2_X1,0.793103,6.000000,1,4150
4152,NODE,n4152,2,n4139,n4151,1,11.000000,17.000000,6.000000,11,1.00,NAND2_X1,0.793103,6.000000,4139,4151
4153,NODE,n4153,2,n4136,n4152,1,12.000000,18.000000,6.000000,12,1.00,NAND2_X1,0.793103,6.000000,4136,4152
4154,NODE,n4154,2,pi01,n4153,1,13.000000,19.000000,6.000000,13,1.00,NAND2_X1,0.793103,6.000000,2,4153
4155,NODE,n4155,2,n284,n619,2,4.000000,12.000000,8.000000,4,1.00,AND2_X1,0.724138,8.000000,284,619
4156,NODE,n4156,2,n243,n3514,1,3.000000,18.000000,15.000000,3,1.00,AND2_X1,0.482759,15.000000,243,3514
4157,NODE,n4157,2,n4155,n4156,1,5.000000,19.000000,14.000000,5,1.00,NAND2_X1,0.517241,14.000000,4155,4156
4158,NODE,n4158,2,n4154,n4157,1,14.000000,20.000000,6.000000,14,1.00,NAND2_X1,0.793103,6.000000,4154,4157
4159,NODE,n4159,2,pi06,n4158,1,15.000000,21.000000,6.000000,15,1.00,NAND2_X1,0.793103,6.000000,7,4158
4160,NODE,n4160,2,pi04,n3299,2,4.000000,14.000000,10.000000,4,1.00,NAND2_X1,0.655172,10.000000,5,3299
4161,NODE,n4161,2,n54,n4146,1,4.000000,14.000000,10.000000,4,1.00,NAND2_X1,0.655172,10.000000,54,4146
4162,NODE,n4162,2,n4160,n4161,1,5.000000,15.000000,10.000000,5,1.00,NAND2_X1,0.655172,10.000000,4160,4161
4163,NODE,n4163,2,pi02,n4162,1,6.000000,16.000000,10.000000,6,1.00,NAND2_X1,0.655172,10.000000,3,4162
4164,NODE,n4164,1,n4160,,1,5.000000,15.000000,10.000000,5,1.00,INV_X1,0.655172,10.000000,4160,-1
4165,NODE,n4165,2,n1046,n4164,1,6.000000,16.000000,10.000000,6,1.00,NAND2_X1,0.655172,10.000000,1046,4164
4166,NODE,n4166,2,n4163,n4165,1,7.000000,17.000000,10.000000,7,1.00,NAND2_X1,0.655172,10.000000,4163,4165
4167,NODE,n4167,2,pi08,n4166,1,8.000000,18.000000,10.000000,8,1.00,AND2_X1,0.655172,10.000000,9,4166
4168,NODE,n4168,2,n368,n4167,1,9.000000,19.000000,10.000000,9,1.00,AND2_X1,0.655172,10.000000,368,4167
4169,NODE,n4169,2,pi05,n4168,1,10.000000,20.000000,10.000000,10,1.00,AND2_X1,0.655172,10.000000,6,4168
4170,NODE,n4170,2,n138,n4169,1,11.000000,21.000000,10.000000,11,1.00,NAND2_X1,0.655172,10.000000,138,4169
4171,NODE,n4171,2,n4159,n4170,1,16.000000,22.000000,6.000000,16,1.00,NAND2_X1,0.793103,6.000000,4159,4170
4172,NODE,n4172,2,n2109,n4171,1,17.000000,23.000000,6.000000,17,1.00,NAND2_X1,0.793103,6.000000,2109,4171
4173,NODE,n4173,2,pi01,n3523,1,3.000000,20.000000,17.000000,3,1.00,NAND2_X1,0.413793,17.000000,2,3523
4174,NODE,n4174,2,n138,n802,1,4.000000,20.000000,16.000000,4,1.00,NAND2_X1,0.448276,16.000000,138,802
4175,NODE,n4175,2,n4173,n4174,1,5.000000,21.000000,16.000000,5,1.00,NAND2_X1,0.448276,16.000000,4173,4174
4176,NODE,n4176,2,n1221,n3299,3,4.000000,14.000000,10.000000,4,1.00,AND2_X1,0.655172,10.000000,1221,3299
4177,NODE,n4177,2,pi03,n4176,1,5.000000,17.000000,12.000000,5,1.00,NAND2_X1,0.586207,12.000000,4,4176
4178,NODE,n4178,2,n90,n1060,1,4.000000,16.000000,12.000000,4,1.00,AND2_X1,0.586207,12.000000,90,1060
4179,NODE,n4179,2,n4147,n4178,1,5.000000,17.000000,12.000000,5,1.00,NAND2_X1,0.586207,12.000000,4147,4178
4180,NODE,n4180,2,n4177,n4179,1,6.000000,18.000000,12.000000,6,1.00,NAND2_X1,0.586207,12.000000,4177,4179
4181,NODE,n4181,2,n34,n4180,1,7.000000,19.000000,12.000000,7,1.00,NAND2_X1,0.586207,12.000000,34,4180
4182,NODE,n4182,1,n3357,,3,5.000000,8.000000,3.000000,5,1.00,INV_X1,0.896552,3.000000,3357,-1
4183,NODE,n4183,2,n4182,n4176,1,6.000000,19.000000,13.000000,6,1.00,NAND2_X1,0.551724,13.000000,4182,4176
4184,NODE,n4184,2,n4181,n4183,1,8.000000,20.000000,12.000000,8,1.00,AND2_X1,0.586207,12.000000,4181,4183
4185,NODE,n4185,2,n594,n854,1,4.000000,19.000000,15.000000,4,1.00,AND2_X1,0.482759,15.000000,594,854
4186,NODE,n4186,2,pi06,n35,4,2.000000,4.000000,2.000000,2,1.00,AND2_X1,0.931035,2.000000,7,35
4187,NODE,n4187,2,n3514,n4186,1,3.000000,19.000000,16.000000,3,1.00,AND2_X1,0.448276,16.000000,3514,4186
4188,NODE,n4188,2,n4185,n4187,1,5.000000,20.000000,15.000000,5,1.00,NAND2_X1,0.482759,15.000000,4185,4187
4189,NODE,n4189,2,n4184,n4188,1,9.000000,21.000000,12.000000,9,1.00,NAND2_X1,0.586207,12.000000,4184,4188
4190,NODE,n4190,2,n4175,n4189,1,10.000000,22.000000,12.000000,10,1.00,NAND2_X1,0.586207,12.000000,4175,4189
4191,NODE,n4191,2,n127,n2385,1,4.000000,13.000000,9.000000,4,1.00,NAND2_X1,0.689655,9.000000,127,2385
4192,NODE,n4192,2,n715,n1744,1,4.000000,13.000000,9.000000,4,1.00,NAND2_X1,0.689655,9.000000,715,1744
4193,NODE,n4193,2,n4191,n4192,1,5.000000,14.000000,9.000000,5,1.00,NAND2_X1,0.689655,9.000000,4191,4192
4194,NODE,n4194,2,n78,n3791,1,6.000000,13.000000,7.000000,6,1.00,NAND2_X1,0.758621,7.000000,78,3791
4195,NODE,n4195,2,n1065,n4194,1,7.000000,14.000000,7.000000,7,1.00,NAND2_X1,0.758621,7.000000,1065,4194
4196,NODE,n4196,2,n4193,n4195,1,8.000000,15.000000,7.000000,8,1.00,NAND2_X1,0.758621,7.000000,4193,4195
4197,NODE,n4197,1,n2702,,1,5.000000,5.000000,0.000000,5,1.00,INV_X1,1.000000,0.000000,2702,-1
4198,NODE,n4198,2,pi02,n4197,1,6.000000,6.000000,0.000000,6,1.00,NAND2_X1,1.000000,0.000000,3,4197
4199,NODE,n4199,2,n524,n755,1,4.000000,6.000000,2.000000,4,1.00,NAND2_X1,0.931035,2.000000,524,755
4200,NODE,n4200,2,n4198,n4199,1,7.000000,7.000000,0.000000,7,1.00,NAND2_X1,1.000000,0.000000,4198,4199
4201,NODE,n4201,2,pi01,n4200,1,8.000000,8.000000,0.000000,8,1.00,NAND2_X1,1.000000,0.000000,2,4200
4202,NODE,n4202,2,n528,n542,1,5.000000,6.000000,1.000000,5,1.00,NAND2_X1,0.965517,1.000000,528,542
4203,NODE,n4203,2,n90,n4202,1,6.000000,7.000000,1.000000,6,1.00,AND2_X1,0.965517,1.000000,90,4202
4204,NODE,n4204,2,n138,n4203,1,7.000000,8.000000,1.000000,7,1.00,NAND2_X1,0.965517,1.000000,138,4203
4205,NODE,n4205,2,n4201,n4204,1,9.000000,9.000000,0.000000,9,1.00,NAND2_X1,1.000000,0.000000,4201,4204
4206,NODE,n4206,2,pi08,n4205,1,10.000000,10.000000,0.000000,10,1.00,NAND2_X1,1.000000,0.000000,9,4205
4207,NODE,n4207,2,n90,n176,1,3.000000,4.000000,1.000000,3,1.00,NAND2_X1,0.965517,1.000000,90,176
4208,NODE,n4208,2,n2290,n4207,1,5.000000,5.000000,0.000000,5,1.00,NAND2_X1,1.000000,0.000000,2290,4207
4209,NODE,n4209,2,n35,n4208,2,6.000000,6.000000,0.000000,6,1.00,NAND2_X1,1.000000,0.000000,35,4208
4210,NODE,n4210,1,n4209,,1,7.000000,8.000000,1.000000,7,1.00,INV_X1,0.965517,1.000000,4209,-1
4211,NODE,n4211,2,n61,n4210,1,8.000000,9.000000,1.000000,8,1.00,AND2_X1,0.965517,1.000000,61,4210
4212,NODE,n4212,2,pi05,n4211,1,9.000000,10.000000,1.000000,9,1.00,NAND2_X1,0.965517,1.000000,6,4211
4213,NODE,n4213,2,n4206,n4212,1,11.000000,11.000000,0.000000,11,1.00,NAND2_X1,1.000000,0.000000,4206,4212
4214,NODE,n4214,2,pi00,n4213,1,12.000000,12.000000,0.000000,12,1.00,NAND2_X1,1.000000,0.000000,1,4213
4215,NODE,n4215,1,n2462,,3,2.000000,5.000000,3.000000,2,1.00,INV_X1,0.896552,3.000000,2462,-1
4216,NODE,n4216,2,n335,n4215,1,3.000000,6.000000,3.000000,3,1.00,NAND2_X1,0.896552,3.000000,335,4215
4217,NODE,n4217,2,n4209,n4216,1,7.000000,7.000000,0.000000,7,1.00,NAND2_X1,1.000000,0.000000,4209,4216
4218,NODE,n4218,2,n61,n4217,1,8.000000,8.000000,0.000000,8,1.00,NAND2_X1,1.000000,0.000000,61,4217
4219,NODE,n4219,2,n1701,n4064,1,4.000000,8.000000,4.000000,4,1.00,NAND2_X1,0.862069,4.000000,1701,4064
4220,NODE,n4220,2,n4218,n4219,1,9.000000,9.000000,0.000000,9,1.00,NAND2_X1,1.000000,0.000000,4218,4219
4221,NODE,n4221,2,pi05,n4220,1,10.000000,10.000000,0.000000,10,1.00,NAND2_X1,1.000000,0.000000,6,4220
4222,NODE,n4222,2,n1703,n2291,1,6.000000,10.000000,4.000000,6,1.00,NAND2_X1,0.862069,4.000000,1703,2291
4223,NODE,n4223,2,n4221,n4222,1,11.000000,11.000000,0.000000,11,1.00,NAND2_X1,1.000000,0.000000,4221,4222
4224,NODE,n4224,2,n78,n4223,1,12.000000,12.000000,0.000000,12,1.00,NAND2_X1,1.000000,0.000000,78,4223
4225,NODE,n4225,2,n4214,n4224,1,13.000000,13.000000,0.000000,13,1.00,NAND2_X1,1.000000,0.000000,4214,4224
4226,NODE,n4226,2,pi04,n4225,1,14.000000,14.000000,0.000000,14,1.00,NAND2_X1,1.000000,0.000000,5,4225
4227,NODE,n4227,2,pi01,n82,1,4.000000,6.000000,2.000000,4,1.00,NAND2_X1,0.931035,2.000000,2,82
4228,NODE,n4228,2,n138,n689,2,4.000000,6.000000,2.000000,4,1.00,NAND2_X1,0.931035,2.000000,138,689
4229,NODE,n4229,2,n4227,n4228,1,5.000000,7.000000,2.000000,5,1.00,NAND2_X1,0.931035,2.000000,4227,4228
4230,NODE,n4230,2,pi05,n4229,1,6.000000,8.000000,2.000000,6,1.00,AND2_X1,0.931035,2.000000,6,4229
4231,NODE,n4231,2,pi00,n4230,1,7.000000,9.000000,2.000000,7,1.00,NAND2_X1,0.931035,2.000000,1,4230
4232,NODE,n4232,2,n78,n1703,1,4.000000,9.000000,5.000000,4,1.00,NAND2_X1,0.827586,5.000000,78,1703
4233,NODE,n4233,2,n4231,n4232,1,8.000000,10.000000,2.000000,8,1.00,NAND2_X1,0.931035,2.000000,4231,4232
4234,NODE,n4234,2,n154,n4233,1,9.000000,11.000000,2.000000,9,1.00,NAND2_X1,0.931035,2.000000,154,4233
4235,NODE,n4235,2,pi00,n568,1,3.000000,7.000000,4.000000,3,1.00,NAND2_X1,0.862069,4.000000,1,568
4236,NODE,n4236,2,pi08,n4235,1,4.000000,8.000000,4.000000,4,1.00,AND2_X1,0.862069,4.000000,9,4235
4237,NODE,n4237,2,pi05,n4236,1,5.000000,9.000000,4.000000,5,1.00,AND2_X1,0.862069,4.000000,6,4236
4238,NODE,n4238,2,pi02,n4237,1,6.000000,10.000000,4.000000,6,1.00,AND2_X1,0.862069,4.000000,3,4237
4239,NODE,n4239,2,pi01,n4238,1,7.000000,11.000000,4.000000,7,1.00,NAND2_X1,0.862069,4.000000,2,4238
4240,NODE,n4240,2,n4234,n4239,1,10.000000,12.000000,2.000000,10,1.00,NAND2_X1,0.931035,2.000000,4234,4239
4241,NODE,n4241,2,n54,n4240,1,11.000000,13.000000,2.000000,11,1.00,AND2_X1,0.931035,2.000000,54,4240
4242,NODE,n4242,2,n90,n4241,1,12.000000,14.000000,2.000000,12,1.00,NAND2_X1,0.931035,2.000000,90,4241
4243,NODE,n4243,2,n4226,n4242,1,15.000000,15.000000,0.000000,15,1.00,AND2_X1,1.000000,0.000000,4226,4242
4244,NODE,n4244,2,n4196,n4243,1,16.000000,16.000000,0.000000,16,1.00,NAND2_X1,1.000000,0.000000,4196,4243
4245,NODE,n4245,2,pi06,n4244,1,17.000000,17.000000,0.000000,17,1.00,NAND2_X1,1.000000,0.000000,7,4244
4246,NODE,n4246,2,pi01,n1670,1,4.000000,9.000000,5.000000,4,1.00,NAND2_X1,0.827586,5.000000,2,1670
4247,NODE,n4247,2,n3295,n4246,1,5.000000,10.000000,5.000000,5,1.00,NAND2_X1,0.827586,5.000000,3295,4246
4248,NODE,n4248,2,pi03,n4247,1,6.000000,11.000000,5.000000,6,1.00,NAND2_X1,0.827586,5.000000,4,4247
4249,NODE,n4249,2,n190,n4248,1,7.000000,12.000000,5.000000,7,1.00,NAND2_X1,0.827586,5.000000,190,4248
4250,NODE,n4250,2,n1799,n4249,1,8.000000,13.000000,5.000000,8,1.00,NAND2_X1,0.827586,5.000000,1799,4249
4251,NODE,n4251,2,n138,n755,6,4.000000,5.000000,1.000000,4,1.00,AND2_X1,0.965517,1.000000,138,755
4252,NODE,n4252,2,pi04,n265,2,4.000000,12.000000,8.000000,4,1.00,AND2_X1,0.724138,8.000000,5,265
4253,NODE,n4253,2,n4251,n4252,1,5.000000,13.000000,8.000000,5,1.00,NAND2_X1,0.724138,8.000000,4251,4252
4254,NODE,n4254,2,n4250,n4253,1,9.000000,14.000000,5.000000,9,1.00,NAND2_X1,0.827586,5.000000,4250,4253
4255,NODE,n4255,2,pi08,n4254,1,10.000000,15.000000,5.000000,10,1.00,NAND2_X1,0.827586,5.000000,9,4254
4256,NODE,n4256,2,n90,n580,1,4.000000,8.000000,4.000000,4,1.00,AND2_X1,0.862069,4.000000,90,580
4257,NODE,n4257,2,n154,n4256,1,5.000000,9.000000,4.000000,5,1.00,NAND2_X1,0.862069,4.000000,154,4256
4258,NODE,n4258,2,n1007,n1052,1,4.000000,9.000000,5.000000,4,1.00,NAND2_X1,0.827586,5.000000,1007,1052
4259,NODE,n4259,2,n4257,n4258,1,6.000000,10.000000,4.000000,6,1.00,AND2_X1,0.862069,4.000000,4257,4258
4260,NODE,n4260,2,n90,n2155,1,4.000000,9.000000,5.000000,4,1.00,AND2_X1,0.827586,5.000000,90,2155
4261,NODE,n4261,2,n1701,n4260,1,5.000000,10.000000,5.000000,5,1.00,NAND2_X1,0.827586,5.000000,1701,4260
4262,NODE,n4262,2,n4259,n4261,1,7.000000,11.000000,4.000000,7,1.00,NAND2_X1,0.862069,4.000000,4259,4261
4263,NODE,n4263,2,n34,n4262,1,8.000000,12.000000,4.000000,8,1.00,NAND2_X1,0.862069,4.000000,34,4262
4264,NODE,n4264,2,pi04,n524,1,3.000000,8.000000,5.000000,3,1.00,NAND2_X1,0.827586,5.000000,5,524
4265,NODE,n4265,2,n645,n4264,1,5.000000,9.000000,4.000000,5,1.00,NAND2_X1,0.862069,4.000000,645,4264
4266,NODE,n4266,2,pi01,n4265,1,6.000000,10.000000,4.000000,6,1.00,NAND2_X1,0.862069,4.000000,2,4265
4267,NODE,n4267,2,n34,n580,1,4.000000,9.000000,5.000000,4,1.00,AND2_X1,0.827586,5.000000,34,580
4268,NODE,n4268,2,n138,n4267,1,5.000000,10.000000,5.000000,5,1.00,NAND2_X1,0.827586,5.000000,138,4267
4269,NODE,n4269,2,n4266,n4268,1,7.000000,11.000000,4.000000,7,1.00,NAND2_X1,0.862069,4.000000,4266,4268
4270,NODE,n4270,2,n3412,n4269,1,8.000000,12.000000,4.000000,8,1.00,NAND2_X1,0.862069,4.000000,3412,4269
4271,NODE,n4271,2,n4263,n4270,1,9.000000,13.000000,4.000000,9,1.00,NAND2_X1,0.862069,4.000000,4263,4270
4272,NODE,n4272,2,n35,n4271,1,10.000000,14.000000,4.000000,10,1.00,NAND2_X1,0.862069,4.000000,35,4271
4273,NODE,n4273,2,n687,n2155,1,4.000000,5.000000,1.000000,4,1.00,NAND2_X1,0.965517,1.000000,687,2155
4274,NODE,n4274,2,n883,n1919,1,4.000000,5.000000,1.000000,4,1.00,NAND2_X1,0.965517,1.000000,883,1919
4275,NODE,n4275,2,n4273,n4274,1,5.000000,6.000000,1.000000,5,1.00,NAND2_X1,0.965517,1.000000,4273,4274
4276,NODE,n4276,2,pi08,n4275,1,6.000000,7.000000,1.000000,6,1.00,NAND2_X1,0.965517,1.000000,9,4275
4277,NODE,n4277,2,pi04,n715,1,4.000000,6.000000,2.000000,4,1.00,AND2_X1,0.931035,2.000000,5,715
4278,NODE,n4278,2,n687,n4277,1,5.000000,7.000000,2.000000,5,1.00,NAND2_X1,0.931035,2.000000,687,4277
4279,NODE,n4279,2,n4276,n4278,1,7.000000,8.000000,1.000000,7,1.00,NAND2_X1,0.965517,1.000000,4276,4278
4280,NODE,n4280,2,n138,n4279,1,8.000000,9.000000,1.000000,8,1.00,NAND2_X1,0.965517,1.000000,138,4279
4281,NODE,n4281,2,n54,n127,1,3.000000,8.000000,5.000000,3,1.00,AND2_X1,0.827586,5.000000,54,127
4282,NODE,n4282,2,n3891,n4281,1,5.000000,9.000000,4.000000,5,1.00,NAND2_X1,0.862069,4.000000,3891,4281
4283,NODE,n4283,2,n4280,n4282,1,9.000000,10.000000,1.000000,9,1.00,NAND2_X1,0.965517,1.000000,4280,4282
4284,NODE,n4284,2,pi02,n4283,1,10.000000,11.000000,1.000000,10,1.00,NAND2_X1,0.965517,1.000000,3,4283
4285,NODE,n4285,1,n851,,1,5.000000,10.000000,5.000000,5,1.00,INV_X1,0.827586,5.000000,851,-1
4286,NODE,n4286,1,n2067,,1,5.000000,10.000000,5.000000,5,1.00,INV_X1,0.827586,5.000000,2067,-1
4287,NODE,n4287,2,n4285,n4286,1,6.000000,11.000000,5.000000,6,1.00,NAND2_X1,0.827586,5.000000,4285,4286
4288,NODE,n4288,2,n4284,n4287,1,11.000000,12.000000,1.000000,11,1.00,NAND2_X1,0.965517,1.000000,4284,4287
4289,NODE,n4289,2,n34,n4288,1,12.000000,13.000000,1.000000,12,1.00,NAND2_X1,0.965517,1.000000,34,4288
4290,NODE,n4290,2,pi00,n224,2,4.000000,7.000000,3.000000,4,1.00,NAND2_X1,0.896552,3.000000,1,224
4291,NODE,n4291,2,n508,n4290,1,5.000000,8.000000,3.000000,5,1.00,NAND2_X1,0.896552,3.000000,508,4290
4292,NODE,n4292,2,n35,n4291,1,6.000000,9.000000,3.000000,6,1.00,AND2_X1,0.896552,3.000000,35,4291
4293,NODE,n4293,2,pi07,n4292,1,7.000000,10.000000,3.000000,7,1.00,AND2_X1,0.896552,3.000000,8,4292
4294,NODE,n4294,2,pi05,n4293,1,8.000000,11.000000,3.000000,8,1.00,AND2_X1,0.896552,3.000000,6,4293
4295,NODE,n4295,2,pi04,n4294,1,9.000000,12.000000,3.000000,9,1.00,AND2_X1,0.896552,3.000000,5,4294
4296,NODE,n4296,2,n138,n4295,1,10.000000,13.000000,3.000000,10,1.00,NAND2_X1,0.896552,3.000000,138,4295
4297,NODE,n4297,2,n4289,n4296,1,13.000000,14.000000,1.000000,13,1.00,AND2_X1,0.965517,1.000000,4289,4296
4298,NODE,n4298,2,n4272,n4297,1,14.000000,15.000000,1.000000,14,1.00,AND2_X1,0.965517,1.000000,4272,4297
4299,NODE,n4299,2,n4255,n4298,1,15.000000,16.000000,1.000000,15,1.00,NAND2_X1,0.965517,1.000000,4255,4298
4300,NODE,n4300,2,n368,n4299,1,16.000000,17.000000,1.000000,16,1.00,NAND2_X1,0.965517,1.000000,368,4299
4301,NODE,n4301,2,n4245,n4300,1,18.000000,18.000000,0.000000,18,1.00,NAND2_X1,1.000000,0.000000,4245,4300
4302,NODE,n4302,2,n790,n4301,1,19.000000,19.000000,0.000000,19,1.00,NAND2_X1,1.000000,0.000000,790,4301
4303,NODE,n4303,2,n78,n3917,1,4.000000,6.000000,2.000000,4,1.00,NAND2_X1,0.931035,2.000000,78,3917
4304,NODE,n4304,2,n3226,n4303,1,5.000000,7.000000,2.000000,5,1.00,AND2_X1,0.931035,2.000000,3226,4303
4305,NODE,n4305,2,n78,n350,1,6.000000,7.000000,1.000000,6,1.00,NAND2_X1,0.965517,1.000000,78,350
4306,NODE,n4306,2,n4304,n4305,1,7.000000,8.000000,1.000000,7,1.00,NAND2_X1,0.965517,1.000000,4304,4305
4307,NODE,n4307,2,pi04,n4306,1,8.000000,9.000000,1.000000,8,1.00,NAND2_X1,0.965517,1.000000,5,4306
4308,NODE,n4308,1,n3316,,3,5.000000,8.000000,3.000000,5,1.00,INV_X1,0.896552,3.000000,3316,-1
4309,NODE,n4309,2,n619,n4308,1,6.000000,9.000000,3.000000,6,1.00,NAND2_X1,0.896552,3.000000,619,4308
4310,NODE,n4310,2,n4307,n4309,1,9.000000,10.000000,1.000000,9,1.00,NAND2_X1,0.965517,1.000000,4307,4309
4311,NODE,n4311,2,n154,n4310,1,10.000000,11.000000,1.000000,10,1.00,NAND2_X1,0.965517,1.000000,154,4310
4312,NODE,n4312,2,n344,n349,1,5.000000,6.000000,1.000000,5,1.00,NAND2_X1,0.965517,1.000000,344,349
4313,NODE,n4313,2,n54,n4312,1,6.000000,7.000000,1.000000,6,1.00,NAND2_X1,0.965517,1.000000,54,4312
4314,NODE,n4314,2,n594,n1909,1,4.000000,7.000000,3.000000,4,1.00,NAND2_X1,0.896552,3.000000,594,1909
4315,NODE,n4315,2,n4313,n4314,1,7.000000,8.000000,1.000000,7,1.00,NAND2_X1,0.965517,1.000000,4313,4314
4316,NODE,n4316,2,n78,n4315,1,8.000000,9.000000,1.000000,8,1.00,NAND2_X1,0.965517,1.000000,78,4315
4317,NODE,n4317,2,n614,n4182,1,6.000000,9.000000,3.000000,6,1.00,NAND2_X1,0.896552,3.000000,614,4182
4318,NODE,n4318,2,n4316,n4317,1,9.000000,10.000000,1.000000,9,1.00,NAND2_X1,0.965517,1.000000,4316,4317
4319,NODE,n4319,2,pi02,n4318,1,10.000000,11.000000,1.000000,10,1.00,NAND2_X1,0.965517,1.000000,3,4318
4320,NODE,n4320,2,n4311,n4319,1,11.000000,12.000000,1.000000,11,1.00,NAND2_X1,0.965517,1.000000,4311,4319
4321,NODE,n4321,2,pi07,n4320,1,12.000000,13.000000,1.000000,12,1.00,NAND2_X1,0.965517,1.000000,8,4320
4322,NODE,n4322,2,pi01,n125,1,3.000000,7.000000,4.000000,3,1.00,NAND2_X1,0.862069,4.000000,2,125
4323,NODE,n4323,2,n230,n4322,1,4.000000,8.000000,4.000000,4,1.00,NAND2_X1,0.862069,4.000000,230,4322
4324,NODE,n4324,2,pi02,n4323,1,5.000000,9.000000,4.000000,5,1.00,NAND2_X1,0.862069,4.000000,3,4323
4325,NODE,n4325,1,n3901,,1,5.000000,8.000000,3.000000,5,1.00,INV_X1,0.896552,3.000000,3901,-1
4326,NODE,n4326,2,n1919,n4325,1,6.000000,9.000000,3.000000,6,1.00,NAND2_X1,0.896552,3.000000,1919,4325
4327,NODE,n4327,2,n4324,n4326,1,7.000000,10.000000,3.000000,7,1.00,NAND2_X1,0.896552,3.000000,4324,4326
4328,NODE,n4328,2,n34,n4327,1,8.000000,11.000000,3.000000,8,1.00,NAND2_X1,0.896552,3.000000,34,4327
4329,NODE,n4329,2,n733,n3976,1,5.000000,11.000000,6.000000,5,1.00,NAND2_X1,0.793103,6.000000,733,3976
4330,NODE,n4330,2,n4328,n4329,1,9.000000,12.000000,3.000000,9,1.00,NAND2_X1,0.896552,3.000000,4328,4329
4331,NODE,n4331,2,n61,n4330,1,10.000000,13.000000,3.000000,10,1.00,NAND2_X1,0.896552,3.000000,61,4330
4332,NODE,n4332,2,n4321,n4331,1,13.000000,14.000000,1.000000,13,1.00,NAND2_X1,0.965517,1.000000,4321,4331
4333,NODE,n4333,2,pi08,n4332,1,14.000000,15.000000,1.000000,14,1.00,NAND2_X1,0.965517,1.000000,9,4332
4334,NODE,n4334,2,n34,n682,1,4.000000,7.000000,3.000000,4,1.00,AND2_X1,0.896552,3.000000,34,682
4335,NODE,n4335,2,n154,n4334,1,5.000000,8.000000,3.000000,5,1.00,AND2_X1,0.896552,3.000000,154,4334
4336,NODE,n4336,2,n138,n4335,1,6.000000,9.000000,3.000000,6,1.00,NAND2_X1,0.896552,3.000000,138,4335
4337,NODE,n4337,2,n90,n524,2,3.000000,7.000000,4.000000,3,1.00,NAND2_X1,0.862069,4.000000,90,524
4338,NODE,n4338,1,n4337,,2,4.000000,8.000000,4.000000,4,1.00,INV_X1,0.862069,4.000000,4337,-1
4339,NODE,n4339,2,n335,n4338,1,5.000000,9.000000,4.000000,5,1.00,NAND2_X1,0.862069,4.000000,335,4338
4340,NODE,n4340,2,n4336,n4339,1,7.000000,10.000000,3.000000,7,1.00,NAND2_X1,0.896552,3.000000,4336,4339
4341,NODE,n4341,2,pi04,n4340,1,8.000000,11.000000,3.000000,8,1.00,NAND2_X1,0.896552,3.000000,5,4340
4342,NODE,n4342,2,n61,n339,1,3.000000,9.000000,6.000000,3,1.00,AND2_X1,0.793103,6.000000,61,339
4343,NODE,n4343,2,n116,n4342,1,4.000000,10.000000,6.000000,4,1.00,AND2_X1,0.793103,6.000000,116,4342
4344,NODE,n4344,2,pi03,n4343,1,5.000000,11.000000,6.000000,5,1.00,NAND2_X1,0.793103,6.000000,4,4343
4345,NODE,n4345,2,n4341,n4344,1,9.000000,12.000000,3.000000,9,1.00,NAND2_X1,0.896552,3.000000,4341,4344
4346,NODE,n4346,2,n78,n4345,1,10.000000,13.000000,3.000000,10,1.00,NAND2_X1,0.896552,3.000000,78,4345
4347,NODE,n4347,2,n154,n580,1,4.000000,7.000000,3.000000,4,1.00,NAND2_X1,0.896552,3.000000,154,580
4348,NODE,n4348,2,pi02,n1007,2,4.000000,7.000000,3.000000,4,1.00,NAND2_X1,0.896552,3.000000,3,1007
4349,NODE,n4349,2,n4347,n4348,1,5.000000,8.000000,3.000000,5,1.00,NAND2_X1,0.896552,3.000000,4347,4348
4350,NODE,n4350,2,n138,n4349,1,6.000000,9.000000,3.000000,6,1.00,NAND2_X1,0.896552,3.000000,138,4349
4351,NODE,n4351,2,n1007,n1701,1,4.000000,9.000000,5.000000,4,1.00,NAND2_X1,0.827586,5.000000,1007,1701
4352,NODE,n4352,2,n4350,n4351,1,7.000000,10.000000,3.000000,7,1.00,NAND2_X1,0.896552,3.000000,4350,4351
4353,NODE,n4353,2,n34,n4352,1,8.000000,11.000000,3.000000,8,1.00,AND2_X1,0.896552,3.000000,34,4352
4354,NODE,n4354,2,pi03,n4353,1,9.000000,12.000000,3.000000,9,1.00,AND2_X1,0.896552,3.000000,4,4353
4355,NODE,n4355,2,pi00,n4354,1,10.000000,13.000000,3.000000,10,1.00,NAND2_X1,0.896552,3.000000,1,4354
4356,NODE,n4356,2,n4346,n4355,1,11.000000,14.000000,3.000000,11,1.00,NAND2_X1,0.896552,3.000000,4346,4355
4357,NODE,n4357,2,n35,n4356,1,12.000000,15.000000,3.000000,12,1.00,NAND2_X1,0.896552,3.000000,35,4356
4358,NODE,n4358,2,n4333,n4357,1,15.000000,16.000000,1.000000,15,1.00,NAND2_X1,0.965517,1.000000,4333,4357
4359,NODE,n4359,2,pi06,n4358,1,16.000000,17.000000,1.000000,16,1.00,NAND2_X1,0.965517,1.000000,7,4358
4360,NODE,n4360,2,n159,n265,1,4.000000,7.000000,3.000000,4,1.00,NAND2_X1,0.896552,3.000000,159,265
4361,NODE,n4361,2,n2705,n4360,1,5.000000,8.000000,3.000000,5,1.00,NAND2_X1,0.896552,3.000000,2705,4360
4362,NODE,n4362,2,pi00,n4361,1,6.000000,9.000000,3.000000,6,1.00,NAND2_X1,0.896552,3.000000,1,4361
4363,NODE,n4363,2,n61,n3317,1,6.000000,8.000000,2.000000,6,1.00,AND2_X1,0.931035,2.000000,61,3317
4364,NODE,n4364,2,n78,n4363,1,7.000000,9.000000,2.000000,7,1.00,NAND2_X1,0.931035,2.000000,78,4363
4365,NODE,n4365,2,n4362,n4364,1,8.000000,10.000000,2.000000,8,1.00,NAND2_X1,0.931035,2.000000,4362,4364
4366,NODE,n4366,2,pi02,n4365,1,9.000000,11.000000,2.000000,9,1.00,NAND2_X1,0.931035,2.000000,3,4365
4367,NODE,n4367,2,n118,n2155,1,4.000000,8.000000,4.000000,4,1.00,NAND2_X1,0.862069,4.000000,118,2155
4368,NODE,n4368,2,pi00,n570,1,4.000000,8.000000,4.000000,4,1.00,NAND2_X1,0.862069,4.000000,1,570
4369,NODE,n4369,2,n4367,n4368,1,5.000000,9.000000,4.000000,5,1.00,NAND2_X1,0.862069,4.000000,4367,4368
4370,NODE,n4370,2,pi05,n4369,1,6.000000,10.000000,4.000000,6,1.00,AND2_X1,0.862069,4.000000,6,4369
4371,NODE,n4371,2,n154,n4370,1,7.000000,11.000000,4.000000,7,1.00,NAND2_X1,0.862069,4.000000,154,4370
4372,NODE,n4372,2,n4366,n4371,1,10.000000,12.000000,2.000000,10,1.00,NAND2_X1,0.931035,2.000000,4366,4371
4373,NODE,n4373,2,n138,n4372,1,11.000000,13.000000,2.000000,11,1.00,NAND2_X1,0.931035,2.000000,138,4372
4374,NODE,n4374,2,n524,n860,1,4.000000,9.000000,5.000000,4,1.00,NAND2_X1,0.827586,5.000000,524,860
4375,NODE,n4375,2,n1645,n4374,1,5.000000,10.000000,5.000000,5,1.00,NAND2_X1,0.827586,5.000000,1645,4374
4376,NODE,n4376,2,n54,n4375,1,6.000000,11.000000,5.000000,6,1.00,AND2_X1,0.827586,5.000000,54,4375
4377,NODE,n4377,2,pi03,n4376,1,7.000000,12.000000,5.000000,7,1.00,AND2_X1,0.827586,5.000000,4,4376
4378,NODE,n4378,2,pi01,n4377,1,8.000000,13.000000,5.000000,8,1.00,NAND2_X1,0.827586,5.000000,2,4377
4379,NODE,n4379,2,n4373,n4378,1,12.000000,14.000000,2.000000,12,1.00,NAND2_X1,0.931035,2.000000,4373,4378
4380,NODE,n4380,2,pi08,n4379,1,13.000000,15.000000,2.000000,13,1.00,NAND2_X1,0.931035,2.000000,9,4379
4381,NODE,n4381,2,n35,n334,1,2.000000,11.000000,9.000000,2,1.00,AND2_X1,0.689655,9.000000,35,334
4382,NODE,n4382,2,pi07,n4381,1,3.000000,12.000000,9.000000,3,1.00,AND2_X1,0.689655,9.000000,8,4381
4383,NODE,n4383,2,n34,n4382,1,4.000000,13.000000,9.000000,4,1.00,AND2_X1,0.689655,9.000000,34,4382
4384,NODE,n4384,2,n54,n4383,1,5.000000,14.000000,9.000000,5,1.00,AND2_X1,0.689655,9.000000,54,4383
4385,NODE,n4385,2,pi03,n4384,1,6.000000,15.000000,9.000000,6,1.00,NAND2_X1,0.689655,9.000000,4,4384
4386,NODE,n4386,2,n4380,n4385,1,14.000000,16.000000,2.000000,14,1.00,NAND2_X1,0.931035,2.000000,4380,4385
4387,NODE,n4387,2,n368,n4386,1,15.000000,17.000000,2.000000,15,1.00,NAND2_X1,0.931035,2.000000,368,4386
4388,NODE,n4388,2,n4359,n4387,1,17.000000,18.000000,1.000000,17,1.00,NAND2_X1,0.965517,1.000000,4359,4387
4389,NODE,n4389,2,pi15,n4388,1,18.000000,19.000000,1.000000,18,1.00,NAND2_X1,0.965517,1.000000,16,4388
4390,NODE,n4390,2,n4302,n4389,1,20.000000,20.000000,0.000000,20,1.00,NAND2_X1,1.000000,0.000000,4302,4389
4391,NODE,n4391,2,pi10,n4390,1,21.000000,21.000000,0.000000,21,1.00,NAND2_X1,1.000000,0.000000,11,4390
4392,NODE,n4392,2,pi03,n1037,1,4.000000,11.000000,7.000000,4,1.00,NAND2_X1,0.758621,7.000000,4,1037
4393,NODE,n4393,2,n90,n1040,1,4.000000,11.000000,7.000000,4,1.00,NAND2_X1,0.758621,7.000000,90,1040
4394,NODE,n4394,2,n4392,n4393,1,5.000000,12.000000,7.000000,5,1.00,NAND2_X1,0.758621,7.000000,4392,4393
4395,NODE,n4395,2,n138,n4394,1,6.000000,13.000000,7.000000,6,1.00,NAND2_X1,0.758621,7.000000,138,4394
4396,NODE,n4396,2,n713,n1040,1,4.000000,13.000000,9.000000,4,1.00,NAND2_X1,0.689655,9.000000,713,1040
4397,NODE,n4397,2,n4395,n4396,1,7.000000,14.000000,7.000000,7,1.00,AND2_X1,0.758621,7.000000,4395,4396
4398,NODE,n4398,2,pi03,n771,2,3.000000,6.000000,3.000000,3,1.00,NAND2_X1,0.896552,3.000000,4,771
4399,NODE,n4399,1,n4398,,1,4.000000,13.000000,9.000000,4,1.00,INV_X1,0.689655,9.000000,4398,-1
4400,NODE,n4400,2,n1701,n4399,1,5.000000,14.000000,9.000000,5,1.00,NAND2_X1,0.689655,9.000000,1701,4399
4401,NODE,n4401,2,n4397,n4400,1,8.000000,15.000000,7.000000,8,1.00,AND2_X1,0.758621,7.000000,4397,4400
4402,NODE,n4402,2,pi03,n1040,1,4.000000,9.000000,5.000000,4,1.00,NAND2_X1,0.827586,5.000000,4,1040
4403,NODE,n4403,2,n1043,n4402,2,5.000000,10.000000,5.000000,5,1.00,NAND2_X1,0.827586,5.000000,1043,4402
4404,NODE,n4404,2,pi02,n4403,1,6.000000,12.000000,6.000000,6,1.00,NAND2_X1,0.793103,6.000000,3,4403
4405,NODE,n4405,2,n755,n1037,1,4.000000,12.000000,8.000000,4,1.00,NAND2_X1,0.724138,8.000000,755,1037
4406,NODE,n4406,2,n4404,n4405,1,7.000000,13.000000,6.000000,7,1.00,NAND2_X1,0.793103,6.000000,4404,4405
4407,NODE,n4407,2,n54,n4406,1,8.000000,14.000000,6.000000,8,1.00,AND2_X1,0.793103,6.000000,54,4406
4408,NODE,n4408,2,n138,n4407,1,9.000000,15.000000,6.000000,9,1.00,NAND2_X1,0.793103,6.000000,138,4407
4409,NODE,n4409,2,n4401,n4408,1,10.000000,16.000000,6.000000,10,1.00,AND2_X1,0.793103,6.000000,4401,4408
4410,NODE,n4410,2,n34,n4403,1,6.000000,11.000000,5.000000,6,1.00,AND2_X1,0.827586,5.000000,34,4403
4411,NODE,n4411,2,n138,n4410,1,7.000000,12.000000,5.000000,7,1.00,NAND2_X1,0.827586,5.000000,138,4410
4412,NODE,n4412,2,n773,n2152,1,5.000000,12.000000,7.000000,5,1.00,NAND2_X1,0.758621,7.000000,773,2152
4413,NODE,n4413,2,n4411,n4412,1,8.000000,13.000000,5.000000,8,1.00,NAND2_X1,0.827586,5.000000,4411,4412
4414,NODE,n4414,2,pi02,n4413,1,9.000000,14.000000,5.000000,9,1.00,NAND2_X1,0.827586,5.000000,3,4413
4415,NODE,n4415,2,n2755,n4251,1,5.000000,14.000000,9.000000,5,1.00,NAND2_X1,0.689655,9.000000,2755,4251
4416,NODE,n4416,2,n4414,n4415,1,10.000000,15.000000,5.000000,10,1.00,NAND2_X1,0.827586,5.000000,4414,4415
4417,NODE,n4417,2,pi04,n4416,1,11.000000,16.000000,5.000000,11,1.00,NAND2_X1,0.827586,5.000000,5,4416
4418,NODE,n4418,2,n4409,n4417,1,12.000000,17.000000,5.000000,12,1.00,AND2_X1,0.827586,5.000000,4409,4417
4419,NODE,n4419,2,n619,n755,5,4.000000,8.000000,4.000000,4,1.00,AND2_X1,0.862069,4.000000,619,755
4420,NODE,n4420,2,n274,n1037,2,4.000000,16.000000,12.000000,4,1.00,AND2_X1,0.586207,12.000000,274,1037
4421,NODE,n4421,2,n4419,n4420,1,5.000000,17.000000,12.000000,5,1.00,NAND2_X1,0.586207,12.000000,4419,4420
4422,NODE,n4422,2,n4418,n4421,1,13.000000,18.000000,5.000000,13,1.00,NAND2_X1,0.827586,5.000000,4418,4421
4423,NODE,n4423,2,pi15,n4422,1,14.000000,19.000000,5.000000,14,1.00,AND2_X1,0.827586,5.000000,16,4422
4424,NODE,n4424,2,n33,n4423,1,15.000000,20.000000,5.000000,15,1.00,AND2_X1,0.827586,5.000000,33,4423
4425,NODE,n4425,2,pi08,n4424,1,16.000000,21.000000,5.000000,16,1.00,NAND2_X1,0.827586,5.000000,9,4424
4426,NODE,n4426,2,n4391,n4425,1,22.000000,22.000000,0.000000,22,1.00,AND2_X1,1.000000,0.000000,4391,4425
4427,NODE,n4427,2,n4190,n4426,1,23.000000,23.000000,0.000000,23,1.00,AND2_X1,1.000000,0.000000,4190,4426
4428,NODE,n4428,2,n4172,n4427,1,24.000000,24.000000,0.000000,24,1.00,NAND2_X1,1.000000,0.000000,4172,4427
4429,NODE,n4429,2,n44,n4428,1,25.000000,25.000000,0.000000,25,1.00,AND2_X1,1.000000,0.000000,44,4428
4430,NODE,n4430,2,pi13,n4429,1,26.000000,26.000000,0.000000,26,1.00,AND2_X1,1.000000,0.000000,14,4429
4431,NODE,n4431,2,pi12,n4430,1,27.000000,27.000000,0.000000,27,1.00,AND2_X1,1.000000,0.000000,13,4430
4432,NODE,n4432,2,pi11,n4431,1,28.000000,28.000000,0.000000,28,1.00,NAND2_X1,1.000000,0.000000,12,4431
4433,NODE,n4433,2,n4134,n4432,1,29.000000,29.000000,0.000000,29,1.00,AND2_X1,1.000000,0.000000,4134,4432
4434,NODE,n4434,2,n4088,n4433,1,30.000000,30.000000,0.000000,30,1.00,NAND2_X1,1.000000,0.000000,4088,4433
4435,NODE,n4435,2,pi09,n4434,1,31.000000,31.000000,0.000000,31,1.00,NAND2_X1,1.000000,0.000000,10,4434
4436,NODE,n4436,2,n790,n841,1,6.000000,15.000000,9.000000,6,1.00,AND2_X1,0.689655,9.000000,790,841
4437,NODE,n4437,2,pi01,n4436,1,7.000000,16.000000,9.000000,7,1.00,NAND2_X1,0.689655,9.000000,2,4436
4438,NODE,n4438,2,n1524,n1909,1,5.000000,16.000000,11.000000,5,1.00,NAND2_X1,0.620690,11.000000,1524,1909
4439,NODE,n4439,2,n4437,n4438,1,8.000000,17.000000,9.000000,8,1.00,NAND2_X1,0.689655,9.000000,4437,4438
4440,NODE,n4440,2,n1420,n4439,1,9.000000,18.000000,9.000000,9,1.00,NAND2_X1,0.689655,9.000000,1420,4439
4441,NODE,n4441,2,pi02,n82,1,4.000000,11.000000,7.000000,4,1.00,NAND2_X1,0.758621,7.000000,3,82
4442,NODE,n4442,2,n689,n1535,1,4.000000,11.000000,7.000000,4,1.00,NAND2_X1,0.758621,7.000000,689,1535
4443,NODE,n4443,2,n4441,n4442,1,5.000000,12.000000,7.000000,5,1.00,NAND2_X1,0.758621,7.000000,4441,4442
4444,NODE,n4444,2,pi03,n4443,1,6.000000,13.000000,7.000000,6,1.00,NAND2_X1,0.758621,7.000000,4,4443
4445,NODE,n4445,1,n1681,,1,5.000000,12.000000,7.000000,5,1.00,INV_X1,0.758621,7.000000,1681,-1
4446,NODE,n4446,2,n224,n4445,1,6.000000,13.000000,7.000000,6,1.00,NAND2_X1,0.758621,7.000000,224,4445
4447,NODE,n4447,2,n4444,n4446,1,7.000000,14.000000,7.000000,7,1.00,NAND2_X1,0.758621,7.000000,4444,4446
4448,NODE,n4448,2,n790,n4447,1,8.000000,15.000000,7.000000,8,1.00,NAND2_X1,0.758621,7.000000,790,4447
4449,NODE,n4449,2,n61,n1078,4,3.000000,10.000000,7.000000,3,1.00,AND2_X1,0.758621,7.000000,61,1078
4450,NODE,n4450,2,n90,n4449,1,4.000000,14.000000,10.000000,4,1.00,AND2_X1,0.655172,10.000000,90,4449
4451,NODE,n4451,2,pi02,n4450,1,5.000000,15.000000,10.000000,5,1.00,NAND2_X1,0.655172,10.000000,3,4450
4452,NODE,n4452,2,n4448,n4451,1,9.000000,16.000000,7.000000,9,1.00,NAND2_X1,0.758621,7.000000,4448,4451
4453,NODE,n4453,2,n138,n4452,1,10.000000,17.000000,7.000000,10,1.00,NAND2_X1,0.758621,7.000000,138,4452
4454,NODE,n4454,2,pi04,n815,1,4.000000,10.000000,6.000000,4,1.00,NAND2_X1,0.793103,6.000000,5,815
4455,NODE,n4455,2,n54,n1443,1,3.000000,10.000000,7.000000,3,1.00,NAND2_X1,0.758621,7.000000,54,1443
4456,NODE,n4456,2,n4454,n4455,1,5.000000,11.000000,6.000000,5,1.00,NAND2_X1,0.793103,6.000000,4454,4455
4457,NODE,n4457,2,n154,n4456,1,6.000000,12.000000,6.000000,6,1.00,NAND2_X1,0.793103,6.000000,154,4456
4458,NODE,n4458,2,n284,n822,1,4.000000,12.000000,8.000000,4,1.00,NAND2_X1,0.724138,8.000000,284,822
4459,NODE,n4459,2,n4457,n4458,1,7.000000,13.000000,6.000000,7,1.00,NAND2_X1,0.793103,6.000000,4457,4458
4460,NODE,n4460,2,n90,n4459,1,8.000000,14.000000,6.000000,8,1.00,NAND2_X1,0.793103,6.000000,90,4459
4461,NODE,n4461,2,pi15,n3481,1,4.000000,13.000000,9.000000,4,1.00,AND2_X1,0.689655,9.000000,16,3481
4462,NODE,n4462,2,pi03,n4461,1,5.000000,14.000000,9.000000,5,1.00,NAND2_X1,0.689655,9.000000,4,4461
4463,NODE,n4463,2,n4460,n4462,1,9.000000,15.000000,6.000000,9,1.00,NAND2_X1,0.793103,6.000000,4460,4462
4464,NODE,n4464,2,pi08,n4463,1,10.000000,16.000000,6.000000,10,1.00,AND2_X1,0.793103,6.000000,9,4463
4465,NODE,n4465,2,pi01,n4464,1,11.000000,17.000000,6.000000,11,1.00,NAND2_X1,0.793103,6.000000,2,4464
4466,NODE,n4466,2,n4453,n4465,1,12.000000,18.000000,6.000000,12,1.00,AND2_X1,0.793103,6.000000,4453,4465
4467,NODE,n4467,2,n4440,n4466,1,13.000000,19.000000,6.000000,13,1.00,NAND2_X1,0.793103,6.000000,4440,4466
4468,NODE,n4468,2,n368,n4467,1,14.000000,20.000000,6.000000,14,1.00,NAND2_X1,0.793103,6.000000,368,4467
4469,NODE,n4469,2,n790,n3382,1,6.000000,13.000000,7.000000,6,1.00,AND2_X1,0.758621,7.000000,790,3382
4470,NODE,n4470,2,n35,n4469,1,7.000000,14.000000,7.000000,7,1.00,NAND2_X1,0.758621,7.000000,35,4469
4471,NODE,n4471,2,pi02,n1078,2,3.000000,14.000000,11.000000,3,1.00,NAND2_X1,0.620690,11.000000,3,1078
4472,NODE,n4472,2,n4470,n4471,1,8.000000,15.000000,7.000000,8,1.00,NAND2_X1,0.758621,7.000000,4470,4471
4473,NODE,n4473,2,n138,n4472,1,9.000000,16.000000,7.000000,9,1.00,NAND2_X1,0.758621,7.000000,138,4472
4474,NODE,n4474,2,pi08,n1403,1,4.000000,15.000000,11.000000,4,1.00,AND2_X1,0.620690,11.000000,9,1403
4475,NODE,n4475,2,pi01,n4474,1,5.000000,16.000000,11.000000,5,1.00,NAND2_X1,0.620690,11.000000,2,4474
4476,NODE,n4476,2,n4473,n4475,1,10.000000,17.000000,7.000000,10,1.00,NAND2_X1,0.758621,7.000000,4473,4475
4477,NODE,n4477,2,pi07,n4476,1,11.000000,18.000000,7.000000,11,1.00,NAND2_X1,0.758621,7.000000,8,4476
4478,NODE,n4478,2,pi02,n2561,1,3.000000,13.000000,10.000000,3,1.00,NAND2_X1,0.655172,10.000000,3,2561
4479,NODE,n4479,2,n154,n2609,1,4.000000,13.000000,9.000000,4,1.00,NAND2_X1,0.689655,9.000000,154,2609
4480,NODE,n4480,2,n4478,n4479,1,5.000000,14.000000,9.000000,5,1.00,NAND2_X1,0.689655,9.000000,4478,4479
4481,NODE,n4481,2,pi01,n4480,1,6.000000,15.000000,9.000000,6,1.00,NAND2_X1,0.689655,9.000000,2,4480
4482,NODE,n4482,2,n177,n2614,1,4.000000,15.000000,11.000000,4,1.00,NAND2_X1,0.620690,11.000000,177,2614
4483,NODE,n4483,2,n4481,n4482,1,7.000000,16.000000,9.000000,7,1.00,NAND2_X1,0.689655,9.000000,4481,4482
4484,NODE,n4484,2,pi08,n4483,1,8.000000,17.000000,9.000000,8,1.00,AND2_X1,0.689655,9.000000,9,4483
4485,NODE,n4485,2,n61,n4484,1,9.000000,18.000000,9.000000,9,1.00,NAND2_X1,0.689655,9.000000,61,4484
4486,NODE,n4486,2,n4477,n4485,1,12.000000,19.000000,7.000000,12,1.00,NAND2_X1,0.758621,7.000000,4477,4485
4487,NODE,n4487,2,pi06,n4486,1,13.000000,20.000000,7.000000,13,1.00,NAND2_X1,0.758621,7.000000,7,4486
4488,NODE,n4488,2,n4468,n4487,1,15.000000,21.000000,6.000000,15,1.00,NAND2_X1,0.793103,6.000000,4468,4487
4489,NODE,n4489,2,n78,n4488,1,16.000000,22.000000,6.000000,16,1.00,NAND2_X1,0.793103,6.000000,78,4488
4490,NODE,n4490,2,pi07,n1275,1,4.000000,17.000000,13.000000,4,1.00,AND2_X1,0.551724,13.000000,8,1275
4491,NODE,n4491,2,n335,n1097,1,3.000000,4.000000,1.000000,3,1.00,NAND2_X1,0.965517,1.000000,335,1097
4492,NODE,n4492,2,n340,n1430,1,4.000000,4.000000,0.000000,4,1.00,NAND2_X1,1.000000,0.000000,340,1430
4493,NODE,n4493,2,n4491,n4492,2,5.000000,5.000000,0.000000,5,1.00,NAND2_X1,1.000000,0.000000,4491,4492
4494,NODE,n4494,2,n4490,n4493,1,6.000000,18.000000,12.000000,6,1.00,NAND2_X1,0.586207,12.000000,4490,4493
4495,NODE,n4495,1,n164,,1,6.000000,15.000000,9.000000,6,1.00,INV_X1,0.689655,9.000000,164,-1
4496,NODE,n4496,2,pi15,n4495,1,7.000000,16.000000,9.000000,7,1.00,NAND2_X1,0.689655,9.000000,16,4495
4497,NODE,n4497,2,pi01,n1535,1,4.000000,13.000000,9.000000,4,1.00,NAND2_X1,0.689655,9.000000,2,1535
4498,NODE,n4498,2,n1636,n4497,1,5.000000,14.000000,9.000000,5,1.00,NAND2_X1,0.689655,9.000000,1636,4497
4499,NODE,n4499,2,n1905,n4498,1,6.000000,15.000000,9.000000,6,1.00,NAND2_X1,0.689655,9.000000,1905,4498
4500,NODE,n4500,2,n335,n1431,1,5.000000,15.000000,10.000000,5,1.00,NAND2_X1,0.655172,10.000000,335,1431
4501,NODE,n4501,2,n4499,n4500,1,7.000000,16.000000,9.000000,7,1.00,AND2_X1,0.689655,9.000000,4499,4500
4502,NODE,n4502,2,n4496,n4501,1,8.000000,17.000000,9.000000,8,1.00,NAND2_X1,0.689655,9.000000,4496,4501
4503,NODE,n4503,2,n61,n4502,1,9.000000,18.000000,9.000000,9,1.00,NAND2_X1,0.689655,9.000000,61,4502
4504,NODE,n4504,2,n4494,n4503,1,10.000000,19.000000,9.000000,10,1.00,NAND2_X1,0.689655,9.000000,4494,4503
4505,NODE,n4505,2,n35,n4504,1,11.000000,20.000000,9.000000,11,1.00,NAND2_X1,0.689655,9.000000,35,4504
4506,NODE,n4506,2,n2047,n2568,4,3.000000,9.000000,6.000000,3,1.00,NAND2_X1,0.793103,6.000000,2047,2568
4507,NODE,n4507,2,n2902,n4506,1,4.000000,18.000000,14.000000,4,1.00,AND2_X1,0.517241,14.000000,2902,4506
4508,NODE,n4508,2,pi08,n4507,1,5.000000,19.000000,14.000000,5,1.00,AND2_X1,0.517241,14.000000,9,4507
4509,NODE,n4509,2,pi07,n4508,1,6.000000,20.000000,14.000000,6,1.00,NAND2_X1,0.517241,14.000000,8,4508
4510,NODE,n4510,2,n4505,n4509,1,12.000000,21.000000,9.000000,12,1.00,NAND2_X1,0.689655,9.000000,4505,4509
4511,NODE,n4511,2,pi00,n4510,1,13.000000,22.000000,9.000000,13,1.00,NAND2_X1,0.689655,9.000000,1,4510
4512,NODE,n4512,2,n4489,n4511,1,17.000000,23.000000,6.000000,17,1.00,AND2_X1,0.793103,6.000000,4489,4511
4513,NODE,n4513,2,n78,n1060,1,4.000000,14.000000,10.000000,4,1.00,NAND2_X1,0.655172,10.000000,78,1060
4514,NODE,n4514,2,n1132,n4513,1,5.000000,15.000000,10.000000,5,1.00,NAND2_X1,0.655172,10.000000,1132,4513
4515,NODE,n4515,2,n333,n4514,1,6.000000,16.000000,10.000000,6,1.00,NAND2_X1,0.655172,10.000000,333,4514
4516,NODE,n4516,2,n118,n2023,1,6.000000,16.000000,10.000000,6,1.00,NAND2_X1,0.655172,10.000000,118,2023
4517,NODE,n4517,2,n4515,n4516,1,7.000000,17.000000,10.000000,7,1.00,NAND2_X1,0.655172,10.000000,4515,4516
4518,NODE,n4518,2,n154,n4517,1,8.000000,18.000000,10.000000,8,1.00,NAND2_X1,0.655172,10.000000,154,4517
4519,NODE,n4519,2,pi00,n594,2,4.000000,9.000000,5.000000,4,1.00,NAND2_X1,0.827586,5.000000,1,594
4520,NODE,n4520,2,n379,n574,1,3.000000,15.000000,12.000000,3,1.00,NAND2_X1,0.586207,12.000000,379,574
4521,NODE,n4521,2,n4519,n4520,1,5.000000,16.000000,11.000000,5,1.00,NAND2_X1,0.620690,11.000000,4519,4520
4522,NODE,n4522,2,pi03,n4521,1,6.000000,17.000000,11.000000,6,1.00,AND2_X1,0.620690,11.000000,4,4521
4523,NODE,n4523,2,pi02,n4522,1,7.000000,18.000000,11.000000,7,1.00,NAND2_X1,0.620690,11.000000,3,4522
4524,NODE,n4524,2,n4518,n4523,1,9.000000,19.000000,10.000000,9,1.00,NAND2_X1,0.655172,10.000000,4518,4523
4525,NODE,n4525,2,n4506,n4524,1,10.000000,20.000000,10.000000,10,1.00,NAND2_X1,0.655172,10.000000,4506,4524
4526,NODE,n4526,2,n1420,n1921,1,4.000000,16.000000,12.000000,4,1.00,AND2_X1,0.586207,12.000000,1420,1921
4527,NODE,n4527,2,pi00,n4526,1,5.000000,17.000000,12.000000,5,1.00,NAND2_X1,0.586207,12.000000,1,4526
4528,NODE,n4528,2,n154,n1097,1,3.000000,16.000000,13.000000,3,1.00,AND2_X1,0.551724,13.000000,154,1097
4529,NODE,n4529,2,n619,n4528,1,4.000000,17.000000,13.000000,4,1.00,NAND2_X1,0.551724,13.000000,619,4528
4530,NODE,n4530,2,n4527,n4529,1,6.000000,18.000000,12.000000,6,1.00,NAND2_X1,0.586207,12.000000,4527,4529
4531,NODE,n4531,2,n3005,n4530,1,7.000000,19.000000,12.000000,7,1.00,NAND2_X1,0.586207,12.000000,3005,4530
4532,NODE,n4532,2,n339,n1274,1,3.000000,16.000000,13.000000,3,1.00,NAND2_X1,0.551724,13.000000,339,1274
4533,NODE,n4533,2,n334,n1273,1,3.000000,15.000000,12.000000,3,1.00,NAND2_X1,0.586207,12.000000,334,1273
4534,NODE,n4534,2,n3810,n4533,1,4.000000,16.000000,12.000000,4,1.00,AND2_X1,0.586207,12.000000,3810,4533
4535,NODE,n4535,2,n4532,n4534,1,5.000000,17.000000,12.000000,5,1.00,AND2_X1,0.586207,12.000000,4532,4534
4536,NODE,n4536,2,pi00,n4535,1,6.000000,18.000000,12.000000,6,1.00,NAND2_X1,0.586207,12.000000,1,4535
4537,NODE,n4537,1,n1564,,1,5.000000,17.000000,12.000000,5,1.00,INV_X1,0.586207,12.000000,1564,-1
4538,NODE,n4538,2,n4537,n1702,1,6.000000,18.000000,12.000000,6,1.00,NAND2_X1,0.586207,12.000000,4537,1702
4539,NODE,n4539,2,n4536,n4538,1,7.000000,19.000000,12.000000,7,1.00,AND2_X1,0.586207,12.000000,4536,4538
4540,NODE,n4540,2,n4531,n4539,1,8.000000,20.000000,12.000000,8,1.00,AND2_X1,0.586207,12.000000,4531,4539
4541,NODE,n4541,2,n4525,n4540,1,11.000000,21.000000,10.000000,11,1.00,NAND2_X1,0.655172,10.000000,4525,4540
4542,NODE,n4542,2,n35,n4541,1,12.000000,22.000000,10.000000,12,1.00,AND2_X1,0.655172,10.000000,35,4541
4543,NODE,n4543,2,n61,n4542,1,13.000000,23.000000,10.000000,13,1.00,NAND2_X1,0.655172,10.000000,61,4542
4544,NODE,n4544,2,n4512,n4543,1,18.000000,24.000000,6.000000,18,1.00,NAND2_X1,0.793103,6.000000,4512,4543
4545,NODE,n4545,2,pi14,n4544,1,19.000000,25.000000,6.000000,19,1.00,AND2_X1,0.793103,6.000000,15,4544
4546,NODE,n4546,2,n40,n4545,1,20.000000,26.000000,6.000000,20,1.00,AND2_X1,0.793103,6.000000,40,4545
4547,NODE,n4547,2,n39,n4546,1,21.000000,27.000000,6.000000,21,1.00,AND2_X1,0.793103,6.000000,39,4546
4548,NODE,n4548,2,n36,n4547,1,22.000000,28.000000,6.000000,22,1.00,AND2_X1,0.793103,6.000000,36,4547
4549,NODE,n4549,2,n33,n4548,1,23.000000,29.000000,6.000000,23,1.00,NAND2_X1,0.793103,6.000000,33,4548
4550,NODE,n4550,2,pi06,n2628,1,6.000000,18.000000,12.000000,6,1.00,AND2_X1,0.586207,12.000000,7,2628
4551,NODE,n4551,2,pi04,n4550,1,7.000000,19.000000,12.000000,7,1.00,AND2_X1,0.586207,12.000000,5,4550
4552,NODE,n4552,2,pi01,n4551,1,8.000000,20.000000,12.000000,8,1.00,AND2_X1,0.586207,12.000000,2,4551
4553,NODE,n4553,2,pi00,n4552,1,9.000000,21.000000,12.000000,9,1.00,NAND2_X1,0.586207,12.000000,1,4552
4554,NODE,n4554,2,n54,n1130,2,4.000000,8.000000,4.000000,4,1.00,NAND2_X1,0.862069,4.000000,54,1130
4555,NODE,n4555,1,n4554,,1,5.000000,9.000000,4.000000,5,1.00,INV_X1,0.862069,4.000000,4554,-1
4556,NODE,n4556,2,n1926,n4555,2,6.000000,10.000000,4.000000,6,1.00,NAND2_X1,0.862069,4.000000,1926,4555
4557,NODE,n4557,1,n4556,,1,7.000000,20.000000,13.000000,7,1.00,INV_X1,0.551724,13.000000,4556,-1
4558,NODE,n4558,2,pi03,n4557,1,8.000000,21.000000,13.000000,8,1.00,NAND2_X1,0.551724,13.000000,4,4557
4559,NODE,n4559,2,n4553,n4558,1,10.000000,22.000000,12.000000,10,1.00,NAND2_X1,0.586207,12.000000,4553,4558
4560,NODE,n4560,2,pi05,n4559,1,11.000000,23.000000,12.000000,11,1.00,NAND2_X1,0.586207,12.000000,6,4559
4561,NODE,n4561,2,n1985,n3856,1,6.000000,19.000000,13.000000,6,1.00,NAND2_X1,0.551724,13.000000,1985,3856
4562,NODE,n4562,2,n653,n2915,1,4.000000,19.000000,15.000000,4,1.00,NAND2_X1,0.482759,15.000000,653,2915
4563,NODE,n4563,2,n4561,n4562,1,7.000000,20.000000,13.000000,7,1.00,NAND2_X1,0.551724,13.000000,4561,4562
4564,NODE,n4564,2,n34,n4563,1,8.000000,21.000000,13.000000,8,1.00,AND2_X1,0.551724,13.000000,34,4563
4565,NODE,n4565,2,n90,n4564,1,9.000000,22.000000,13.000000,9,1.00,AND2_X1,0.551724,13.000000,90,4564
4566,NODE,n4566,2,pi02,n4565,1,10.000000,23.000000,13.000000,10,1.00,NAND2_X1,0.551724,13.000000,3,4565
4567,NODE,n4567,2,n4560,n4566,1,12.000000,24.000000,12.000000,12,1.00,NAND2_X1,0.586207,12.000000,4560,4566
4568,NODE,n4568,2,pi08,n4567,1,13.000000,25.000000,12.000000,13,1.00,NAND2_X1,0.586207,12.000000,9,4567
4569,NODE,n4569,2,n368,n1175,2,4.000000,8.000000,4.000000,4,1.00,AND2_X1,0.862069,4.000000,368,1175
4570,NODE,n4570,2,n34,n4569,1,5.000000,21.000000,16.000000,5,1.00,AND2_X1,0.448276,16.000000,34,4569
4571,NODE,n4571,2,pi04,n4570,1,6.000000,22.000000,16.000000,6,1.00,AND2_X1,0.448276,16.000000,5,4570
4572,NODE,n4572,2,n90,n4571,1,7.000000,23.000000,16.000000,7,1.00,AND2_X1,0.448276,16.000000,90,4571
4573,NODE,n4573,2,pi02,n4572,1,8.000000,24.000000,16.000000,8,1.00,AND2_X1,0.448276,16.000000,3,4572
4574,NODE,n4574,2,pi01,n4573,1,9.000000,25.000000,16.000000,9,1.00,NAND2_X1,0.448276,16.000000,2,4573
4575,NODE,n4575,2,n4568,n4574,1,14.000000,26.000000,12.000000,14,1.00,NAND2_X1,0.586207,12.000000,4568,4574
4576,NODE,n4576,2,pi07,n4575,1,15.000000,27.000000,12.000000,15,1.00,NAND2_X1,0.586207,12.000000,8,4575
4577,NODE,n4577,2,n405,n1220,1,3.000000,18.000000,15.000000,3,1.00,NAND2_X1,0.482759,15.000000,405,1220
4578,NODE,n4578,2,pi15,n4577,1,4.000000,19.000000,15.000000,4,1.00,NAND2_X1,0.482759,15.000000,16,4577
4579,NODE,n4579,2,n1178,n3100,1,4.000000,19.000000,15.000000,4,1.00,NAND2_X1,0.482759,15.000000,1178,3100
4580,NODE,n4580,2,n4578,n4579,1,5.000000,20.000000,15.000000,5,1.00,NAND2_X1,0.482759,15.000000,4578,4579
4581,NODE,n4581,2,pi07,n4580,1,6.000000,21.000000,15.000000,6,1.00,AND2_X1,0.482759,15.000000,8,4580
4582,NODE,n4582,2,pi05,n4581,1,7.000000,22.000000,15.000000,7,1.00,NAND2_X1,0.482759,15.000000,6,4581
4583,NODE,n4583,1,n2998,,1,5.000000,21.000000,16.000000,5,1.00,INV_X1,0.448276,16.000000,2998,-1
4584,NODE,n4584,2,n61,n1178,4,4.000000,8.000000,4.000000,4,1.00,AND2_X1,0.862069,4.000000,61,1178
4585,NODE,n4585,2,n4583,n4584,1,6.000000,22.000000,16.000000,6,1.00,NAND2_X1,0.448276,16.000000,4583,4584
4586,NODE,n4586,2,n4582,n4585,1,8.000000,23.000000,15.000000,8,1.00,NAND2_X1,0.482759,15.000000,4582,4585
4587,NODE,n4587,2,n54,n4586,1,9.000000,24.000000,15.000000,9,1.00,NAND2_X1,0.482759,15.000000,54,4586
4588,NODE,n4588,2,n347,n1175,1,4.000000,19.000000,15.000000,4,1.00,NAND2_X1,0.482759,15.000000,347,1175
4589,NODE,n4589,2,n338,n1178,1,4.000000,19.000000,15.000000,4,1.00,NAND2_X1,0.482759,15.000000,338,1178
4590,NODE,n4590,2,n4588,n4589,1,5.000000,20.000000,15.000000,5,1.00,NAND2_X1,0.482759,15.000000,4588,4589
4591,NODE,n4591,2,n368,n4590,1,6.000000,21.000000,15.000000,6,1.00,NAND2_X1,0.482759,15.000000,368,4590
4592,NODE,n4592,1,n2788,,1,6.000000,20.000000,14.000000,6,1.00,INV_X1,0.517241,14.000000,2788,-1
4593,NODE,n4593,2,pi06,n4592,1,7.000000,21.000000,14.000000,7,1.00,NAND2_X1,0.517241,14.000000,7,4592
4594,NODE,n4594,2,n4591,n4593,1,8.000000,22.000000,14.000000,8,1.00,NAND2_X1,0.517241,14.000000,4591,4593
4595,NODE,n4595,2,pi07,n4594,1,9.000000,23.000000,14.000000,9,1.00,AND2_X1,0.517241,14.000000,8,4594
4596,NODE,n4596,2,pi04,n4595,1,10.000000,24.000000,14.000000,10,1.00,NAND2_X1,0.517241,14.000000,5,4595
4597,NODE,n4597,2,n4587,n4596,1,11.000000,25.000000,14.000000,11,1.00,AND2_X1,0.517241,14.000000,4587,4596
4598,NODE,n4598,2,n274,n687,2,3.000000,12.000000,9.000000,3,1.00,AND2_X1,0.689655,9.000000,274,687
4599,NODE,n4599,2,n771,n1078,2,3.000000,16.000000,13.000000,3,1.00,AND2_X1,0.551724,13.000000,771,1078
4600,NODE,n4600,2,n4598,n4599,1,4.000000,25.000000,21.000000,4,1.00,NAND2_X1,0.275862,21.000000,4598,4599
4601,NODE,n4601,2,n4597,n4600,1,12.000000,26.000000,14.000000,12,1.00,AND2_X1,0.517241,14.000000,4597,4600
4602,NODE,n4602,2,pi01,n265,1,4.000000,20.000000,16.000000,4,1.00,NAND2_X1,0.448276,16.000000,2,265
4603,NODE,n4603,2,n3769,n4602,1,5.000000,21.000000,16.000000,5,1.00,NAND2_X1,0.448276,16.000000,3769,4602
4604,NODE,n4604,2,n1985,n4603,1,6.000000,22.000000,16.000000,6,1.00,AND2_X1,0.448276,16.000000,1985,4603
4605,NODE,n4605,2,pi08,n4604,1,7.000000,23.000000,16.000000,7,1.00,NAND2_X1,0.448276,16.000000,9,4604
4606,NODE,n4606,2,n61,n3985,1,4.000000,20.000000,16.000000,4,1.00,NAND2_X1,0.448276,16.000000,61,3985
4607,NODE,n4607,2,n704,n1037,1,4.000000,20.000000,16.000000,4,1.00,NAND2_X1,0.448276,16.000000,704,1037
4608,NODE,n4608,2,n4606,n4607,1,5.000000,21.000000,16.000000,5,1.00,NAND2_X1,0.448276,16.000000,4606,4607
4609,NODE,n4609,2,pi15,n4608,1,6.000000,22.000000,16.000000,6,1.00,AND2_X1,0.448276,16.000000,16,4608
4610,NODE,n4610,2,n35,n4609,1,7.000000,23.000000,16.000000,7,1.00,NAND2_X1,0.448276,16.000000,35,4609
4611,NODE,n4611,2,n4605,n4610,1,8.000000,24.000000,16.000000,8,1.00,NAND2_X1,0.448276,16.000000,4605,4610
4612,NODE,n4612,2,n2688,n4611,1,9.000000,25.000000,16.000000,9,1.00,NAND2_X1,0.448276,16.000000,2688,4611
4613,NODE,n4613,2,n35,n3985,1,4.000000,19.000000,15.000000,4,1.00,NAND2_X1,0.482759,15.000000,35,3985
4614,NODE,n4614,2,n1221,n1744,1,4.000000,19.000000,15.000000,4,1.00,NAND2_X1,0.482759,15.000000,1221,1744
4615,NODE,n4615,2,n4613,n4614,1,5.000000,20.000000,15.000000,5,1.00,NAND2_X1,0.482759,15.000000,4613,4614
4616,NODE,n4616,2,pi15,n4615,1,6.000000,21.000000,15.000000,6,1.00,NAND2_X1,0.482759,15.000000,16,4615
4617,NODE,n4617,2,n368,n1178,1,4.000000,20.000000,16.000000,4,1.00,AND2_X1,0.448276,16.000000,368,1178
4618,NODE,n4618,2,n1744,n4617,1,5.000000,21.000000,16.000000,5,1.00,NAND2_X1,0.448276,16.000000,1744,4617
4619,NODE,n4619,2,n4616,n4618,1,7.000000,22.000000,15.000000,7,1.00,NAND2_X1,0.482759,15.000000,4616,4618
4620,NODE,n4620,2,n61,n4619,1,8.000000,23.000000,15.000000,8,1.00,AND2_X1,0.482759,15.000000,61,4619
4621,NODE,n4621,2,n1919,n4620,1,9.000000,24.000000,15.000000,9,1.00,NAND2_X1,0.482759,15.000000,1919,4620
4622,NODE,n4622,2,n138,n3100,1,4.000000,17.000000,13.000000,4,1.00,NAND2_X1,0.551724,13.000000,138,3100
4623,NODE,n4623,2,n3650,n4622,1,5.000000,18.000000,13.000000,5,1.00,NAND2_X1,0.551724,13.000000,3650,4622
4624,NODE,n4624,2,n35,n4623,1,6.000000,19.000000,13.000000,6,1.00,AND2_X1,0.551724,13.000000,35,4623
4625,NODE,n4625,2,n34,n4624,1,7.000000,20.000000,13.000000,7,1.00,AND2_X1,0.551724,13.000000,34,4624
4626,NODE,n4626,2,n54,n4625,1,8.000000,21.000000,13.000000,8,1.00,NAND2_X1,0.551724,13.000000,54,4625
4627,NODE,n4627,2,pi00,n189,1,4.000000,20.000000,16.000000,4,1.00,AND2_X1,0.448276,16.000000,1,189
4628,NODE,n4628,2,n274,n1221,2,3.000000,6.000000,3.000000,3,1.00,NAND2_X1,0.896552,3.000000,274,1221
4629,NODE,n4629,1,n4628,,1,4.000000,20.000000,16.000000,4,1.00,INV_X1,0.448276,16.000000,4628,-1
4630,NODE,n4630,2,n4627,n4629,1,5.000000,21.000000,16.000000,5,1.00,NAND2_X1,0.448276,16.000000,4627,4629
4631,NODE,n4631,2,n4626,n4630,1,9.000000,22.000000,13.000000,9,1.00,NAND2_X1,0.551724,13.000000,4626,4630
4632,NODE,n4632,2,pi15,n4631,1,10.000000,23.000000,13.000000,10,1.00,AND2_X1,0.551724,13.000000,16,4631
4633,NODE,n4633,2,pi07,n4632,1,11.000000,24.000000,13.000000,11,1.00,NAND2_X1,0.551724,13.000000,8,4632
4634,NODE,n4634,2,n4621,n4633,1,12.000000,25.000000,13.000000,12,1.00,AND2_X1,0.551724,13.000000,4621,4633
4635,NODE,n4635,2,n4612,n4634,1,13.000000,26.000000,13.000000,13,1.00,AND2_X1,0.551724,13.000000,4612,4634
4636,NODE,n4636,2,n4601,n4635,1,14.000000,27.000000,13.000000,14,1.00,AND2_X1,0.551724,13.000000,4601,4635
4637,NODE,n4637,2,n4576,n4636,1,16.000000,28.000000,12.000000,16,1.00,NAND2_X1,0.586207,12.000000,4576,4636
4638,NODE,n4638,2,n70,n4637,1,17.000000,29.000000,12.000000,17,1.00,NAND2_X1,0.586207,12.000000,70,4637
4639,NODE,n4639,2,n4549,n4638,1,24.000000,30.000000,6.000000,24,1.00,NAND2_X1,0.793103,6.000000,4549,4638
4640,NODE,n4640,2,n62,n4639,1,25.000000,31.000000,6.000000,25,1.00,NAND2_X1,0.793103,6.000000,62,4639
4641,NODE,n4641,2,n4435,n4640,1,32.000000,32.000000,0.000000,32,1.00,AND2_X1,1.000000,0.000000,4435,4640
4642,NODE,n4642,2,n4018,n4641,1,33.000000,33.000000,0.000000,33,1.00,AND2_X1,1.000000,0.000000,4018,4641
4643,NODE,n4643,2,n3634,n4642,1,34.000000,34.000000,0.000000,34,1.00,NAND2_X1,1.000000,0.000000,3634,4642
4644,NODE,n4644,2,n154,n2159,1,3.000000,16.000000,13.000000,3,1.00,NAND2_X1,0.551724,13.000000,154,2159
4645,NODE,n4645,2,n4348,n4644,1,5.000000,17.000000,12.000000,5,1.00,NAND2_X1,0.586207,12.000000,4348,4644
4646,NODE,n4646,2,n713,n2473,1,6.000000,16.000000,10.000000,6,1.00,NAND2_X1,0.655172,10.000000,713,2473
4647,NODE,n4647,2,n789,n4646,1,7.000000,17.000000,10.000000,7,1.00,NAND2_X1,0.655172,10.000000,789,4646
4648,NODE,n4648,2,n4645,n4647,1,8.000000,18.000000,10.000000,8,1.00,NAND2_X1,0.655172,10.000000,4645,4647
4649,NODE,n4649,2,n154,n2155,1,4.000000,13.000000,9.000000,4,1.00,NAND2_X1,0.689655,9.000000,154,2155
4650,NODE,n4650,2,pi02,n570,1,4.000000,13.000000,9.000000,4,1.00,NAND2_X1,0.689655,9.000000,3,570
4651,NODE,n4651,2,n4649,n4650,1,5.000000,14.000000,9.000000,5,1.00,AND2_X1,0.689655,9.000000,4649,4650
4652,NODE,n4652,2,n3584,n4651,1,6.000000,15.000000,9.000000,6,1.00,NAND2_X1,0.689655,9.000000,3584,4651
4653,NODE,n4653,2,pi15,n4652,1,7.000000,16.000000,9.000000,7,1.00,AND2_X1,0.689655,9.000000,16,4652
4654,NODE,n4654,2,n62,n4653,1,8.000000,17.000000,9.000000,8,1.00,AND2_X1,0.689655,9.000000,62,4653
4655,NODE,n4655,2,n35,n4654,1,9.000000,18.000000,9.000000,9,1.00,NAND2_X1,0.689655,9.000000,35,4654
4656,NODE,n4656,2,n4648,n4655,1,10.000000,19.000000,9.000000,10,1.00,NAND2_X1,0.689655,9.000000,4648,4655
4657,NODE,n4657,2,pi10,n4656,1,11.000000,20.000000,9.000000,11,1.00,NAND2_X1,0.689655,9.000000,11,4656
4658,NODE,n4658,2,pi07,n1261,1,5.000000,20.000000,15.000000,5,1.00,NAND2_X1,0.482759,15.000000,8,1261
4659,NODE,n4659,2,n4657,n4658,1,12.000000,21.000000,9.000000,12,1.00,NAND2_X1,0.689655,9.000000,4657,4658
4660,NODE,n4660,2,n44,n4659,1,13.000000,22.000000,9.000000,13,1.00,AND2_X1,0.689655,9.000000,44,4659
4661,NODE,n4661,2,pi13,n4660,1,14.000000,23.000000,9.000000,14,1.00,AND2_X1,0.689655,9.000000,14,4660
4662,NODE,n4662,2,pi12,n4661,1,15.000000,24.000000,9.000000,15,1.00,AND2_X1,0.689655,9.000000,13,4661
4663,NODE,n4663,2,pi11,n4662,1,16.000000,25.000000,9.000000,16,1.00,NAND2_X1,0.689655,9.000000,12,4662
4664,NODE,n4664,2,n138,n2074,1,4.000000,10.000000,6.000000,4,1.00,NAND2_X1,0.793103,6.000000,138,2074
4665,NODE,n4665,2,n2568,n4664,1,5.000000,11.000000,6.000000,5,1.00,NAND2_X1,0.793103,6.000000,2568,4664
4666,NODE,n4666,2,pi03,n4665,1,6.000000,12.000000,6.000000,6,1.00,NAND2_X1,0.793103,6.000000,4,4665
4667,NODE,n4667,2,n177,n2609,1,4.000000,12.000000,8.000000,4,1.00,NAND2_X1,0.724138,8.000000,177,2609
4668,NODE,n4668,2,n4666,n4667,1,7.000000,13.000000,6.000000,7,1.00,NAND2_X1,0.793103,6.000000,4666,4667
4669,NODE,n4669,2,n54,n4668,1,8.000000,14.000000,6.000000,8,1.00,NAND2_X1,0.793103,6.000000,54,4668
4670,NODE,n4670,2,n138,n1052,1,3.000000,11.000000,8.000000,3,1.00,NAND2_X1,0.724138,8.000000,138,1052
4671,NODE,n4671,2,n712,n4670,1,4.000000,12.000000,8.000000,4,1.00,NAND2_X1,0.724138,8.000000,712,4670
4672,NODE,n4672,2,pi15,n4671,1,5.000000,13.000000,8.000000,5,1.00,AND2_X1,0.724138,8.000000,16,4671
4673,NODE,n4673,2,pi04,n4672,1,6.000000,14.000000,8.000000,6,1.00,NAND2_X1,0.724138,8.000000,5,4672
4674,NODE,n4674,2,n4669,n4673,1,9.000000,15.000000,6.000000,9,1.00,NAND2_X1,0.793103,6.000000,4669,4673
4675,NODE,n4675,2,n35,n4674,1,10.000000,16.000000,6.000000,10,1.00,NAND2_X1,0.793103,6.000000,35,4674
4676,NODE,n4676,1,n4471,,1,4.000000,15.000000,11.000000,4,1.00,INV_X1,0.620690,11.000000,4471,-1
4677,NODE,n4677,2,pi01,n4676,1,5.000000,16.000000,11.000000,5,1.00,NAND2_X1,0.620690,11.000000,2,4676
4678,NODE,n4678,2,n4675,n4677,1,11.000000,17.000000,6.000000,11,1.00,NAND2_X1,0.793103,6.000000,4675,4677
4679,NODE,n4679,2,pi07,n4678,1,12.000000,18.000000,6.000000,12,1.00,NAND2_X1,0.793103,6.000000,8,4678
4680,NODE,n4680,2,pi15,n2688,1,4.000000,12.000000,8.000000,4,1.00,AND2_X1,0.724138,8.000000,16,2688
4681,NODE,n4681,2,n35,n4680,1,5.000000,13.000000,8.000000,5,1.00,AND2_X1,0.724138,8.000000,35,4680
4682,NODE,n4682,2,pi01,n4681,1,6.000000,14.000000,8.000000,6,1.00,NAND2_X1,0.724138,8.000000,2,4681
4683,NODE,n4683,2,n90,n1178,1,4.000000,13.000000,9.000000,4,1.00,AND2_X1,0.689655,9.000000,90,1178
4684,NODE,n4684,2,n138,n4683,1,5.000000,14.000000,9.000000,5,1.00,NAND2_X1,0.689655,9.000000,138,4683
4685,NODE,n4685,2,n4682,n4684,1,7.000000,15.000000,8.000000,7,1.00,NAND2_X1,0.724138,8.000000,4682,4684
4686,NODE,n4686,2,pi02,n4685,1,8.000000,16.000000,8.000000,8,1.00,NAND2_X1,0.724138,8.000000,3,4685
4687,NODE,n4687,2,pi04,n1075,2,4.000000,10.000000,6.000000,4,1.00,AND2_X1,0.793103,6.000000,5,1075
4688,NODE,n4688,2,n2474,n4687,1,5.000000,16.000000,11.000000,5,1.00,NAND2_X1,0.620690,11.000000,2474,4687
4689,NODE,n4689,2,n4686,n4688,1,9.000000,17.000000,8.000000,9,1.00,NAND2_X1,0.724138,8.000000,4686,4688
4690,NODE,n4690,2,n61,n4689,1,10.000000,18.000000,8.000000,10,1.00,NAND2_X1,0.724138,8.000000,61,4689
4691,NODE,n4691,2,n4679,n4690,1,13.000000,19.000000,6.000000,13,1.00,NAND2_X1,0.793103,6.000000,4679,4690
4692,NODE,n4692,2,pi14,n4691,1,14.000000,20.000000,6.000000,14,1.00,AND2_X1,0.793103,6.000000,15,4691
4693,NODE,n4693,2,n40,n4692,1,15.000000,21.000000,6.000000,15,1.00,AND2_X1,0.793103,6.000000,40,4692
4694,NODE,n4694,2,n39,n4693,1,16.000000,22.000000,6.000000,16,1.00,AND2_X1,0.793103,6.000000,39,4693
4695,NODE,n4695,2,n36,n4694,1,17.000000,23.000000,6.000000,17,1.00,AND2_X1,0.793103,6.000000,36,4694
4696,NODE,n4696,2,n33,n4695,1,18.000000,24.000000,6.000000,18,1.00,AND2_X1,0.793103,6.000000,33,4695
4697,NODE,n4697,2,n62,n4696,1,19.000000,25.000000,6.000000,19,1.00,NAND2_X1,0.793103,6.000000,62,4696
4698,NODE,n4698,2,n4663,n4697,1,20.000000,26.000000,6.000000,20,1.00,AND2_X1,0.793103,6.000000,4663,4697
4699,NODE,n4699,2,n66,n484,2,3.000000,10.000000,7.000000,3,1.00,AND2_X1,0.758621,7.000000,66,484
4700,NODE,n4700,2,n2393,n4699,1,5.000000,15.000000,10.000000,5,1.00,NAND2_X1,0.655172,10.000000,2393,4699
4701,NODE,n4701,2,n91,n1448,1,4.000000,14.000000,10.000000,4,1.00,AND2_X1,0.655172,10.000000,91,1448
4702,NODE,n4702,2,n961,n4701,1,5.000000,15.000000,10.000000,5,1.00,NAND2_X1,0.655172,10.000000,961,4701
4703,NODE,n4703,2,n4700,n4702,1,6.000000,16.000000,10.000000,6,1.00,NAND2_X1,0.655172,10.000000,4700,4702
4704,NODE,n4704,2,pi02,n4703,1,7.000000,17.000000,10.000000,7,1.00,NAND2_X1,0.655172,10.000000,3,4703
4705,NODE,n4705,1,n1395,,5,6.000000,8.000000,2.000000,6,1.00,INV_X1,0.931035,2.000000,1395,-1
4706,NODE,n4706,2,n4705,n4076,1,7.000000,17.000000,10.000000,7,1.00,NAND2_X1,0.655172,10.000000,4705,4076
4707,NODE,n4707,2,n4704,n4706,1,8.000000,18.000000,10.000000,8,1.00,NAND2_X1,0.655172,10.000000,4704,4706
4708,NODE,n4708,2,n54,n4707,1,9.000000,19.000000,10.000000,9,1.00,NAND2_X1,0.655172,10.000000,54,4707
4709,NODE,n4709,2,pi08,n2205,1,3.000000,18.000000,15.000000,3,1.00,AND2_X1,0.482759,15.000000,9,2205
4710,NODE,n4710,2,n948,n1535,1,6.000000,18.000000,12.000000,6,1.00,AND2_X1,0.586207,12.000000,948,1535
4711,NODE,n4711,2,n4709,n4710,1,7.000000,19.000000,12.000000,7,1.00,NAND2_X1,0.586207,12.000000,4709,4710
4712,NODE,n4712,2,n4708,n4711,1,10.000000,20.000000,10.000000,10,1.00,NAND2_X1,0.655172,10.000000,4708,4711
4713,NODE,n4713,2,pi03,n4712,1,11.000000,21.000000,10.000000,11,1.00,NAND2_X1,0.655172,10.000000,4,4712
4714,NODE,n4714,2,n154,n1206,1,3.000000,12.000000,9.000000,3,1.00,NAND2_X1,0.689655,9.000000,154,1206
4715,NODE,n4715,2,pi04,n35,3,2.000000,3.000000,1.000000,2,1.00,AND2_X1,0.965517,1.000000,5,35
4716,NODE,n4716,2,pi02,n4715,1,3.000000,12.000000,9.000000,3,1.00,NAND2_X1,0.689655,9.000000,3,4715
4717,NODE,n4717,2,n4714,n4716,1,4.000000,13.000000,9.000000,4,1.00,NAND2_X1,0.689655,9.000000,4714,4716
4718,NODE,n4718,2,n790,n4717,1,5.000000,14.000000,9.000000,5,1.00,AND2_X1,0.689655,9.000000,790,4717
4719,NODE,n4719,2,pi14,n4718,1,6.000000,15.000000,9.000000,6,1.00,AND2_X1,0.689655,9.000000,15,4718
4720,NODE,n4720,2,n40,n4719,1,7.000000,16.000000,9.000000,7,1.00,AND2_X1,0.689655,9.000000,40,4719
4721,NODE,n4721,2,n39,n4720,1,8.000000,17.000000,9.000000,8,1.00,AND2_X1,0.689655,9.000000,39,4720
4722,NODE,n4722,2,n36,n4721,1,9.000000,18.000000,9.000000,9,1.00,AND2_X1,0.689655,9.000000,36,4721
4723,NODE,n4723,2,n33,n4722,1,10.000000,19.000000,9.000000,10,1.00,AND2_X1,0.689655,9.000000,33,4722
4724,NODE,n4724,2,n62,n4723,1,11.000000,20.000000,9.000000,11,1.00,AND2_X1,0.689655,9.000000,62,4723
4725,NODE,n4725,2,n90,n4724,1,12.000000,21.000000,9.000000,12,1.00,NAND2_X1,0.689655,9.000000,90,4724
4726,NODE,n4726,2,n4713,n4725,1,13.000000,22.000000,9.000000,13,1.00,NAND2_X1,0.689655,9.000000,4713,4725
4727,NODE,n4727,2,pi07,n4726,1,14.000000,23.000000,9.000000,14,1.00,NAND2_X1,0.689655,9.000000,8,4726
4728,NODE,n4728,2,n2104,n2211,1,6.000000,22.000000,16.000000,6,1.00,AND2_X1,0.448276,16.000000,2104,2211
4729,NODE,n4729,2,n1328,n4728,1,7.000000,23.000000,16.000000,7,1.00,NAND2_X1,0.448276,16.000000,1328,4728
4730,NODE,n4730,2,n4727,n4729,1,15.000000,24.000000,9.000000,15,1.00,NAND2_X1,0.689655,9.000000,4727,4729
4731,NODE,n4731,2,n1860,n4730,1,16.000000,25.000000,9.000000,16,1.00,NAND2_X1,0.689655,9.000000,1860,4730
4732,NODE,n4732,2,pi00,n639,1,4.000000,11.000000,7.000000,4,1.00,NAND2_X1,0.758621,7.000000,1,639
4733,NODE,n4733,2,n2018,n4732,1,5.000000,12.000000,7.000000,5,1.00,NAND2_X1,0.758621,7.000000,2018,4732
4734,NODE,n4734,2,n2311,n4733,1,6.000000,13.000000,7.000000,6,1.00,NAND2_X1,0.758621,7.000000,2311,4733
4735,NODE,n4735,2,pi00,n2307,1,6.000000,9.000000,3.000000,6,1.00,NAND2_X1,0.896552,3.000000,1,2307
4736,NODE,n4736,2,n118,n1430,1,4.000000,9.000000,5.000000,4,1.00,NAND2_X1,0.827586,5.000000,118,1430
4737,NODE,n4737,2,n4735,n4736,1,7.000000,10.000000,3.000000,7,1.00,NAND2_X1,0.896552,3.000000,4735,4736
4738,NODE,n4738,2,pi01,n4737,1,8.000000,11.000000,3.000000,8,1.00,NAND2_X1,0.896552,3.000000,2,4737
4739,NODE,n4739,1,n2305,,1,4.000000,10.000000,6.000000,4,1.00,INV_X1,0.793103,6.000000,2305,-1
4740,NODE,n4740,2,n619,n4739,1,5.000000,11.000000,6.000000,5,1.00,NAND2_X1,0.793103,6.000000,619,4739
4741,NODE,n4741,2,n4738,n4740,1,9.000000,12.000000,3.000000,9,1.00,NAND2_X1,0.896552,3.000000,4738,4740
4742,NODE,n4742,2,n154,n4741,1,10.000000,13.000000,3.000000,10,1.00,NAND2_X1,0.896552,3.000000,154,4741
4743,NODE,n4743,2,n4734,n4742,1,11.000000,14.000000,3.000000,11,1.00,NAND2_X1,0.896552,3.000000,4734,4742
4744,NODE,n4744,2,n35,n4743,1,12.000000,15.000000,3.000000,12,1.00,NAND2_X1,0.896552,3.000000,35,4743
4745,NODE,n4745,2,n138,n986,1,4.000000,12.000000,8.000000,4,1.00,NAND2_X1,0.724138,8.000000,138,986
4746,NODE,n4746,2,pi01,n3339,1,4.000000,12.000000,8.000000,4,1.00,NAND2_X1,0.724138,8.000000,2,3339
4747,NODE,n4747,2,n4745,n4746,1,5.000000,13.000000,8.000000,5,1.00,NAND2_X1,0.724138,8.000000,4745,4746
4748,NODE,n4748,2,pi08,n4747,1,6.000000,14.000000,8.000000,6,1.00,AND2_X1,0.724138,8.000000,9,4747
4749,NODE,n4749,2,pi00,n4748,1,7.000000,15.000000,8.000000,7,1.00,NAND2_X1,0.724138,8.000000,1,4748
4750,NODE,n4750,2,n4744,n4749,1,13.000000,16.000000,3.000000,13,1.00,NAND2_X1,0.896552,3.000000,4744,4749
4751,NODE,n4751,2,pi07,n4750,1,14.000000,17.000000,3.000000,14,1.00,NAND2_X1,0.896552,3.000000,8,4750
4752,NODE,n4752,2,n713,n1574,1,4.000000,10.000000,6.000000,4,1.00,NAND2_X1,0.793103,6.000000,713,1574
4753,NODE,n4753,2,n1426,n1909,1,4.000000,10.000000,6.000000,4,1.00,NAND2_X1,0.793103,6.000000,1426,1909
4754,NODE,n4754,2,n4752,n4753,1,5.000000,11.000000,6.000000,5,1.00,AND2_X1,0.793103,6.000000,4752,4753
4755,NODE,n4755,2,n755,n1426,1,4.000000,9.000000,5.000000,4,1.00,NAND2_X1,0.827586,5.000000,755,1426
4756,NODE,n4756,2,n1052,n1574,1,4.000000,9.000000,5.000000,4,1.00,NAND2_X1,0.827586,5.000000,1052,1574
4757,NODE,n4757,2,n4755,n4756,1,5.000000,10.000000,5.000000,5,1.00,NAND2_X1,0.827586,5.000000,4755,4756
4758,NODE,n4758,2,n138,n4757,1,6.000000,11.000000,5.000000,6,1.00,NAND2_X1,0.827586,5.000000,138,4757
4759,NODE,n4759,2,n4754,n4758,1,7.000000,12.000000,5.000000,7,1.00,NAND2_X1,0.827586,5.000000,4754,4758
4760,NODE,n4760,2,n35,n4759,1,8.000000,13.000000,5.000000,8,1.00,NAND2_X1,0.827586,5.000000,35,4759
4761,NODE,n4761,2,pi01,n224,2,4.000000,9.000000,5.000000,4,1.00,NAND2_X1,0.827586,5.000000,2,224
4762,NODE,n4762,2,n320,n4761,1,5.000000,11.000000,6.000000,5,1.00,AND2_X1,0.793103,6.000000,320,4761
4763,NODE,n4763,2,n177,n2625,1,4.000000,11.000000,7.000000,4,1.00,NAND2_X1,0.758621,7.000000,177,2625
4764,NODE,n4764,2,n4762,n4763,1,6.000000,12.000000,6.000000,6,1.00,NAND2_X1,0.793103,6.000000,4762,4763
4765,NODE,n4765,2,pi08,n4764,1,7.000000,13.000000,6.000000,7,1.00,NAND2_X1,0.793103,6.000000,9,4764
4766,NODE,n4766,2,n4760,n4765,1,9.000000,14.000000,5.000000,9,1.00,NAND2_X1,0.827586,5.000000,4760,4765
4767,NODE,n4767,2,pi00,n4766,1,10.000000,15.000000,5.000000,10,1.00,NAND2_X1,0.827586,5.000000,1,4766
4768,NODE,n4768,2,n754,n1051,4,3.000000,3.000000,0.000000,3,1.00,NAND2_X1,1.000000,0.000000,754,1051
4769,NODE,n4769,2,pi01,n4768,1,4.000000,12.000000,8.000000,4,1.00,NAND2_X1,0.724138,8.000000,2,4768
4770,NODE,n4770,2,n177,n2561,1,4.000000,12.000000,8.000000,4,1.00,NAND2_X1,0.724138,8.000000,177,2561
4771,NODE,n4771,2,n4769,n4770,1,5.000000,13.000000,8.000000,5,1.00,NAND2_X1,0.724138,8.000000,4769,4770
4772,NODE,n4772,2,pi08,n4771,1,6.000000,14.000000,8.000000,6,1.00,AND2_X1,0.724138,8.000000,9,4771
4773,NODE,n4773,2,n78,n4772,1,7.000000,15.000000,8.000000,7,1.00,NAND2_X1,0.724138,8.000000,78,4772
4774,NODE,n4774,2,n4767,n4773,1,11.000000,16.000000,5.000000,11,1.00,NAND2_X1,0.827586,5.000000,4767,4773
4775,NODE,n4775,2,n61,n4774,1,12.000000,17.000000,5.000000,12,1.00,NAND2_X1,0.827586,5.000000,61,4774
4776,NODE,n4776,2,n4751,n4775,1,15.000000,18.000000,3.000000,15,1.00,NAND2_X1,0.896552,3.000000,4751,4775
4777,NODE,n4777,2,n62,n4776,1,16.000000,19.000000,3.000000,16,1.00,NAND2_X1,0.896552,3.000000,62,4776
4778,NODE,n4778,2,pi09,n4506,1,4.000000,16.000000,12.000000,4,1.00,AND2_X1,0.586207,12.000000,10,4506
4779,NODE,n4779,2,n35,n4778,1,5.000000,17.000000,12.000000,5,1.00,AND2_X1,0.586207,12.000000,35,4778
4780,NODE,n4780,2,n61,n4779,1,6.000000,18.000000,12.000000,6,1.00,AND2_X1,0.586207,12.000000,61,4779
4781,NODE,n4781,2,pi00,n4780,1,7.000000,19.000000,12.000000,7,1.00,NAND2_X1,0.586207,12.000000,1,4780
4782,NODE,n4782,2,n4777,n4781,1,17.000000,20.000000,3.000000,17,1.00,NAND2_X1,0.896552,3.000000,4777,4781
4783,NODE,n4783,2,pi14,n4782,1,18.000000,21.000000,3.000000,18,1.00,AND2_X1,0.896552,3.000000,15,4782
4784,NODE,n4784,2,n40,n4783,1,19.000000,22.000000,3.000000,19,1.00,AND2_X1,0.896552,3.000000,40,4783
4785,NODE,n4785,2,n39,n4784,1,20.000000,23.000000,3.000000,20,1.00,AND2_X1,0.896552,3.000000,39,4784
4786,NODE,n4786,2,n36,n4785,1,21.000000,24.000000,3.000000,21,1.00,AND2_X1,0.896552,3.000000,36,4785
4787,NODE,n4787,2,n33,n4786,1,22.000000,25.000000,3.000000,22,1.00,NAND2_X1,0.896552,3.000000,33,4786
4788,NODE,n4788,2,n4731,n4787,1,23.000000,26.000000,3.000000,23,1.00,AND2_X1,0.896552,3.000000,4731,4787
4789,NODE,n4789,2,n4698,n4788,1,24.000000,27.000000,3.000000,24,1.00,AND2_X1,0.896552,3.000000,4698,4788
4790,NODE,n4790,1,n1319,,1,7.000000,13.000000,6.000000,7,1.00,INV_X1,0.793103,6.000000,1319,-1
4791,NODE,n4791,2,pi03,n4790,1,8.000000,14.000000,6.000000,8,1.00,NAND2_X1,0.793103,6.000000,4,4790
4792,NODE,n4792,1,n1320,,2,6.000000,13.000000,7.000000,6,1.00,INV_X1,0.758621,7.000000,1320,-1
4793,NODE,n4793,2,n90,n4792,1,7.000000,14.000000,7.000000,7,1.00,NAND2_X1,0.758621,7.000000,90,4792
4794,NODE,n4794,2,n4791,n4793,1,9.000000,15.000000,6.000000,9,1.00,NAND2_X1,0.793103,6.000000,4791,4793
4795,NODE,n4795,2,n154,n4794,1,10.000000,16.000000,6.000000,10,1.00,NAND2_X1,0.793103,6.000000,154,4794
4796,NODE,n4796,1,n2216,,1,7.000000,15.000000,8.000000,7,1.00,INV_X1,0.724138,8.000000,2216,-1
4797,NODE,n4797,2,n4796,n2339,1,8.000000,16.000000,8.000000,8,1.00,NAND2_X1,0.724138,8.000000,4796,2339
4798,NODE,n4798,2,n4795,n4797,1,11.000000,17.000000,6.000000,11,1.00,NAND2_X1,0.793103,6.000000,4795,4797
4799,NODE,n4799,2,pi04,n4798,1,12.000000,18.000000,6.000000,12,1.00,NAND2_X1,0.793103,6.000000,5,4798
4800,NODE,n4800,2,pi03,n4792,1,7.000000,15.000000,8.000000,7,1.00,NAND2_X1,0.724138,8.000000,4,4792
4801,NODE,n4801,2,n209,n333,1,6.000000,15.000000,9.000000,6,1.00,NAND2_X1,0.689655,9.000000,209,333
4802,NODE,n4802,2,n4800,n4801,1,8.000000,16.000000,8.000000,8,1.00,NAND2_X1,0.724138,8.000000,4800,4801
4803,NODE,n4803,2,n54,n4802,1,9.000000,17.000000,8.000000,9,1.00,AND2_X1,0.724138,8.000000,54,4802
4804,NODE,n4804,2,pi02,n4803,1,10.000000,18.000000,8.000000,10,1.00,NAND2_X1,0.724138,8.000000,3,4803
4805,NODE,n4805,2,n4799,n4804,1,13.000000,19.000000,6.000000,13,1.00,NAND2_X1,0.793103,6.000000,4799,4804
4806,NODE,n4806,2,n613,n4805,1,14.000000,20.000000,6.000000,14,1.00,NAND2_X1,0.793103,6.000000,613,4805
4807,NODE,n4807,2,n619,n1343,1,4.000000,16.000000,12.000000,4,1.00,AND2_X1,0.586207,12.000000,619,1343
4808,NODE,n4808,2,n255,n4807,1,6.000000,17.000000,11.000000,6,1.00,NAND2_X1,0.620690,11.000000,255,4807
4809,NODE,n4809,2,pi09,n614,1,3.000000,16.000000,13.000000,3,1.00,AND2_X1,0.551724,13.000000,10,614
4810,NODE,n4810,2,n72,n4809,1,7.000000,17.000000,10.000000,7,1.00,NAND2_X1,0.655172,10.000000,72,4809
4811,NODE,n4811,2,n4808,n4810,1,8.000000,18.000000,10.000000,8,1.00,NAND2_X1,0.655172,10.000000,4808,4810
4812,NODE,n4812,2,n161,n4811,1,9.000000,19.000000,10.000000,9,1.00,NAND2_X1,0.655172,10.000000,161,4811
4813,NODE,n4813,2,n156,n487,1,4.000000,13.000000,9.000000,4,1.00,NAND2_X1,0.689655,9.000000,156,487
4814,NODE,n4814,2,n159,n1046,2,4.000000,11.000000,7.000000,4,1.00,NAND2_X1,0.758621,7.000000,159,1046
4815,NODE,n4815,2,n4813,n4814,1,5.000000,14.000000,9.000000,5,1.00,NAND2_X1,0.689655,9.000000,4813,4814
4816,NODE,n4816,2,n305,n4815,1,6.000000,15.000000,9.000000,6,1.00,NAND2_X1,0.689655,9.000000,305,4815
4817,NODE,n4817,2,n90,n1420,1,4.000000,7.000000,3.000000,4,1.00,AND2_X1,0.896552,3.000000,90,1420
4818,NODE,n4818,2,pi00,n4817,1,5.000000,8.000000,3.000000,5,1.00,NAND2_X1,0.896552,3.000000,1,4817
4819,NODE,n4819,2,n159,n860,1,4.000000,8.000000,4.000000,4,1.00,NAND2_X1,0.862069,4.000000,159,860
4820,NODE,n4820,2,n4818,n4819,1,6.000000,9.000000,3.000000,6,1.00,NAND2_X1,0.896552,3.000000,4818,4819
4821,NODE,n4821,2,pi14,n4820,1,7.000000,10.000000,3.000000,7,1.00,AND2_X1,0.896552,3.000000,15,4820
4822,NODE,n4822,2,n40,n4821,1,8.000000,11.000000,3.000000,8,1.00,AND2_X1,0.896552,3.000000,40,4821
4823,NODE,n4823,2,n39,n4822,1,9.000000,12.000000,3.000000,9,1.00,AND2_X1,0.896552,3.000000,39,4822
4824,NODE,n4824,2,n36,n4823,1,10.000000,13.000000,3.000000,10,1.00,AND2_X1,0.896552,3.000000,36,4823
4825,NODE,n4825,2,n33,n4824,1,11.000000,14.000000,3.000000,11,1.00,AND2_X1,0.896552,3.000000,33,4824
4826,NODE,n4826,2,n62,n4825,1,12.000000,15.000000,3.000000,12,1.00,NAND2_X1,0.896552,3.000000,62,4825
4827,NODE,n4827,2,n4816,n4826,1,13.000000,16.000000,3.000000,13,1.00,NAND2_X1,0.896552,3.000000,4816,4826
4828,NODE,n4828,2,n138,n4827,1,14.000000,17.000000,3.000000,14,1.00,NAND2_X1,0.896552,3.000000,138,4827
4829,NODE,n4829,2,pi00,n211,1,8.000000,12.000000,4.000000,8,1.00,NAND2_X1,0.862069,4.000000,1,211
4830,NODE,n4830,2,n78,n1276,1,7.000000,12.000000,5.000000,7,1.00,NAND2_X1,0.827586,5.000000,78,1276
4831,NODE,n4831,2,n4829,n4830,1,9.000000,13.000000,4.000000,9,1.00,NAND2_X1,0.862069,4.000000,4829,4830
4832,NODE,n4832,2,pi03,n4831,1,10.000000,14.000000,4.000000,10,1.00,NAND2_X1,0.862069,4.000000,4,4831
4833,NODE,n4833,2,n687,n1361,1,4.000000,13.000000,9.000000,4,1.00,AND2_X1,0.689655,9.000000,687,1361
4834,NODE,n4834,2,n255,n4833,1,6.000000,14.000000,8.000000,6,1.00,NAND2_X1,0.724138,8.000000,255,4833
4835,NODE,n4835,2,n4832,n4834,1,11.000000,15.000000,4.000000,11,1.00,NAND2_X1,0.862069,4.000000,4832,4834
4836,NODE,n4836,2,n154,n4835,1,12.000000,16.000000,4.000000,12,1.00,AND2_X1,0.862069,4.000000,154,4835
4837,NODE,n4837,2,pi01,n4836,1,13.000000,17.000000,4.000000,13,1.00,NAND2_X1,0.862069,4.000000,2,4836
4838,NODE,n4838,2,n4828,n4837,1,15.000000,18.000000,3.000000,15,1.00,NAND2_X1,0.896552,3.000000,4828,4837
4839,NODE,n4839,2,n34,n4838,1,16.000000,19.000000,3.000000,16,1.00,NAND2_X1,0.896552,3.000000,34,4838
4840,NODE,n4840,2,n4812,n4839,1,17.000000,20.000000,3.000000,17,1.00,AND2_X1,0.896552,3.000000,4812,4839
4841,NODE,n4841,2,n4806,n4840,1,18.000000,21.000000,3.000000,18,1.00,NAND2_X1,0.896552,3.000000,4806,4840
4842,NODE,n4842,2,pi15,n4841,1,19.000000,22.000000,3.000000,19,1.00,NAND2_X1,0.896552,3.000000,16,4841
4843,NODE,n4843,2,n1743,n2384,1,3.000000,11.000000,8.000000,3,1.00,NAND2_X1,0.724138,8.000000,1743,2384
4844,NODE,n4844,2,n78,n4843,1,4.000000,12.000000,8.000000,4,1.00,NAND2_X1,0.724138,8.000000,78,4843
4845,NODE,n4845,2,pi00,n2385,1,4.000000,12.000000,8.000000,4,1.00,NAND2_X1,0.724138,8.000000,1,2385
4846,NODE,n4846,2,n4844,n4845,1,5.000000,13.000000,8.000000,5,1.00,NAND2_X1,0.724138,8.000000,4844,4845
4847,NODE,n4847,2,n3382,n4846,1,6.000000,14.000000,8.000000,6,1.00,NAND2_X1,0.724138,8.000000,3382,4846
4848,NODE,n4848,2,pi05,n1420,1,4.000000,10.000000,6.000000,4,1.00,AND2_X1,0.793103,6.000000,6,1420
4849,NODE,n4849,2,pi01,n4848,1,5.000000,11.000000,6.000000,5,1.00,AND2_X1,0.793103,6.000000,2,4848
4850,NODE,n4850,2,pi00,n4849,1,6.000000,12.000000,6.000000,6,1.00,NAND2_X1,0.793103,6.000000,1,4849
4851,NODE,n4851,1,n2936,,1,5.000000,11.000000,6.000000,5,1.00,INV_X1,0.793103,6.000000,2936,-1
4852,NODE,n4852,2,n619,n4851,1,6.000000,12.000000,6.000000,6,1.00,NAND2_X1,0.793103,6.000000,619,4851
4853,NODE,n4853,2,n4850,n4852,1,7.000000,13.000000,6.000000,7,1.00,AND2_X1,0.793103,6.000000,4850,4852
4854,NODE,n4854,2,pi01,n234,1,7.000000,8.000000,1.000000,7,1.00,NAND2_X1,0.965517,1.000000,2,234
4855,NODE,n4855,2,n159,n177,1,4.000000,8.000000,4.000000,4,1.00,NAND2_X1,0.862069,4.000000,159,177
4856,NODE,n4856,2,n4854,n4855,1,8.000000,9.000000,1.000000,8,1.00,NAND2_X1,0.965517,1.000000,4854,4855
4857,NODE,n4857,2,pi05,n4856,1,9.000000,10.000000,1.000000,9,1.00,NAND2_X1,0.965517,1.000000,6,4856
4858,NODE,n4858,2,n34,n2688,1,4.000000,8.000000,4.000000,4,1.00,AND2_X1,0.862069,4.000000,34,2688
4859,NODE,n4859,2,n154,n4858,1,5.000000,9.000000,4.000000,5,1.00,AND2_X1,0.862069,4.000000,154,4858
4860,NODE,n4860,2,n138,n4859,1,6.000000,10.000000,4.000000,6,1.00,NAND2_X1,0.862069,4.000000,138,4859
4861,NODE,n4861,2,n4857,n4860,1,10.000000,11.000000,1.000000,10,1.00,NAND2_X1,0.965517,1.000000,4857,4860
4862,NODE,n4862,2,n78,n4861,1,11.000000,12.000000,1.000000,11,1.00,NAND2_X1,0.965517,1.000000,78,4861
4863,NODE,n4863,2,pi00,n177,3,4.000000,4.000000,0.000000,4,1.00,AND2_X1,1.000000,0.000000,1,177
4864,NODE,n4864,2,n3373,n4863,1,6.000000,12.000000,6.000000,6,1.00,NAND2_X1,0.793103,6.000000,3373,4863
4865,NODE,n4865,2,n4862,n4864,1,12.000000,13.000000,1.000000,12,1.00,AND2_X1,0.965517,1.000000,4862,4864
4866,NODE,n4866,2,n4853,n4865,1,13.000000,14.000000,1.000000,13,1.00,AND2_X1,0.965517,1.000000,4853,4865
4867,NODE,n4867,2,n4847,n4866,1,14.000000,15.000000,1.000000,14,1.00,NAND2_X1,0.965517,1.000000,4847,4866
4868,NODE,n4868,2,n790,n4867,1,15.000000,16.000000,1.000000,15,1.00,AND2_X1,0.965517,1.000000,790,4867
4869,NODE,n4869,2,pi14,n4868,1,16.000000,17.000000,1.000000,16,1.00,AND2_X1,0.965517,1.000000,15,4868
4870,NODE,n4870,2,n40,n4869,1,17.000000,18.000000,1.000000,17,1.00,AND2_X1,0.965517,1.000000,40,4869
4871,NODE,n4871,2,n39,n4870,1,18.000000,19.000000,1.000000,18,1.00,AND2_X1,0.965517,1.000000,39,4870
4872,NODE,n4872,2,n36,n4871,1,19.000000,20.000000,1.000000,19,1.00,AND2_X1,0.965517,1.000000,36,4871
4873,NODE,n4873,2,n33,n4872,1,20.000000,21.000000,1.000000,20,1.00,AND2_X1,0.965517,1.000000,33,4872
4874,NODE,n4874,2,n62,n4873,1,21.000000,22.000000,1.000000,21,1.00,NAND2_X1,0.965517,1.000000,62,4873
4875,NODE,n4875,2,n4842,n4874,1,22.000000,23.000000,1.000000,22,1.00,NAND2_X1,0.965517,1.000000,4842,4874
4876,NODE,n4876,2,n61,n4875,1,23.000000,24.000000,1.000000,23,1.00,NAND2_X1,0.965517,1.000000,61,4875
4877,NODE,n4877,2,pi04,n1291,1,4.000000,18.000000,14.000000,4,1.00,NAND2_X1,0.517241,14.000000,5,1291
4878,NODE,n4878,2,n2972,n4877,1,5.000000,19.000000,14.000000,5,1.00,AND2_X1,0.517241,14.000000,2972,4877
4879,NODE,n4879,2,n78,n2351,1,6.000000,16.000000,10.000000,6,1.00,NAND2_X1,0.655172,10.000000,78,2351
4880,NODE,n4880,2,n338,n404,1,4.000000,16.000000,12.000000,4,1.00,NAND2_X1,0.586207,12.000000,338,404
4881,NODE,n4881,2,n4879,n4880,1,7.000000,17.000000,10.000000,7,1.00,NAND2_X1,0.655172,10.000000,4879,4880
4882,NODE,n4882,2,n1095,n4881,1,8.000000,18.000000,10.000000,8,1.00,NAND2_X1,0.655172,10.000000,1095,4881
4883,NODE,n4883,2,n156,n1183,1,4.000000,14.000000,10.000000,4,1.00,NAND2_X1,0.655172,10.000000,156,1183
4884,NODE,n4884,2,n338,n1430,1,4.000000,14.000000,10.000000,4,1.00,NAND2_X1,0.655172,10.000000,338,1430
4885,NODE,n4885,2,n4883,n4884,1,5.000000,15.000000,10.000000,5,1.00,NAND2_X1,0.655172,10.000000,4883,4884
4886,NODE,n4886,2,pi00,n4885,1,6.000000,16.000000,10.000000,6,1.00,NAND2_X1,0.655172,10.000000,1,4885
4887,NODE,n4887,2,n54,n1291,2,4.000000,6.000000,2.000000,4,1.00,NAND2_X1,0.931035,2.000000,54,1291
4888,NODE,n4888,1,n4887,,5,5.000000,7.000000,2.000000,5,1.00,INV_X1,0.931035,2.000000,4887,-1
4889,NODE,n4889,2,n118,n4888,1,6.000000,16.000000,10.000000,6,1.00,NAND2_X1,0.655172,10.000000,118,4888
4890,NODE,n4890,2,n4886,n4889,1,7.000000,17.000000,10.000000,7,1.00,NAND2_X1,0.655172,10.000000,4886,4889
4891,NODE,n4891,2,n154,n4890,1,8.000000,18.000000,10.000000,8,1.00,NAND2_X1,0.655172,10.000000,154,4890
4892,NODE,n4892,2,n4882,n4891,1,9.000000,19.000000,10.000000,9,1.00,AND2_X1,0.655172,10.000000,4882,4891
4893,NODE,n4893,2,n4878,n4892,1,10.000000,20.000000,10.000000,10,1.00,AND2_X1,0.655172,10.000000,4878,4892
4894,NODE,n4894,2,pi02,n1097,1,3.000000,7.000000,4.000000,3,1.00,NAND2_X1,0.862069,4.000000,3,1097
4895,NODE,n4895,2,n154,n1430,2,4.000000,4.000000,0.000000,4,1.00,NAND2_X1,1.000000,0.000000,154,1430
4896,NODE,n4896,2,n4894,n4895,2,5.000000,8.000000,3.000000,5,1.00,NAND2_X1,0.896552,3.000000,4894,4895
4897,NODE,n4897,2,pi00,n4896,1,6.000000,15.000000,9.000000,6,1.00,NAND2_X1,0.689655,9.000000,1,4896
4898,NODE,n4898,2,n487,n1097,2,4.000000,9.000000,5.000000,4,1.00,NAND2_X1,0.827586,5.000000,487,1097
4899,NODE,n4899,2,n4897,n4898,1,7.000000,16.000000,9.000000,7,1.00,NAND2_X1,0.689655,9.000000,4897,4898
4900,NODE,n4900,2,pi05,n4899,1,8.000000,17.000000,9.000000,8,1.00,AND2_X1,0.689655,9.000000,6,4899
4901,NODE,n4901,2,n138,n4900,1,9.000000,18.000000,9.000000,9,1.00,NAND2_X1,0.689655,9.000000,138,4900
4902,NODE,n4902,2,n561,n4888,1,6.000000,18.000000,12.000000,6,1.00,NAND2_X1,0.586207,12.000000,561,4888
4903,NODE,n4903,2,n4901,n4902,1,10.000000,19.000000,9.000000,10,1.00,NAND2_X1,0.689655,9.000000,4901,4902
4904,NODE,n4904,2,n90,n4903,1,11.000000,20.000000,9.000000,11,1.00,NAND2_X1,0.689655,9.000000,90,4903
4905,NODE,n4905,2,n4893,n4904,1,12.000000,21.000000,9.000000,12,1.00,NAND2_X1,0.689655,9.000000,4893,4904
4906,NODE,n4906,2,pi07,n4905,1,13.000000,22.000000,9.000000,13,1.00,AND2_X1,0.689655,9.000000,8,4905
4907,NODE,n4907,2,n68,n4906,1,14.000000,23.000000,9.000000,14,1.00,AND2_X1,0.689655,9.000000,68,4906
4908,NODE,n4908,2,pi10,pi12,1,1.000000,22.000000,21.000000,1,1.00,AND2_X1,0.275862,21.000000,11,13
4909,NODE,n4909,2,n178,n4908,1,2.000000,23.000000,21.000000,2,1.00,AND2_X1,0.275862,21.000000,178,4908
4910,NODE,n4910,2,n4907,n4909,1,15.000000,24.000000,9.000000,15,1.00,NAND2_X1,0.689655,9.000000,4907,4909
4911,NODE,n4911,2,n4876,n4910,1,24.000000,25.000000,1.000000,24,1.00,NAND2_X1,0.965517,1.000000,4876,4910
4912,NODE,n4912,2,n35,n4911,1,25.000000,26.000000,1.000000,25,1.00,NAND2_X1,0.965517,1.000000,35,4911
4913,NODE,n4913,2,n116,n978,2,4.000000,11.000000,7.000000,4,1.00,NAND2_X1,0.758621,7.000000,116,978
4914,NODE,n4914,2,n274,n981,1,4.000000,13.000000,9.000000,4,1.00,NAND2_X1,0.689655,9.000000,274,981
4915,NODE,n4915,2,n4913,n4914,1,5.000000,14.000000,9.000000,5,1.00,NAND2_X1,0.689655,9.000000,4913,4914
4916,NODE,n4916,2,n90,n4915,1,6.000000,15.000000,9.000000,6,1.00,NAND2_X1,0.689655,9.000000,90,4915
4917,NODE,n4917,2,pi00,n159,2,4.000000,10.000000,6.000000,4,1.00,NAND2_X1,0.793103,6.000000,1,159
4918,NODE,n4918,2,n124,n4917,1,5.000000,14.000000,9.000000,5,1.00,NAND2_X1,0.689655,9.000000,124,4917
4919,NODE,n4919,2,n1927,n4918,1,6.000000,15.000000,9.000000,6,1.00,NAND2_X1,0.689655,9.000000,1927,4918
4920,NODE,n4920,2,n4916,n4919,1,7.000000,16.000000,9.000000,7,1.00,NAND2_X1,0.689655,9.000000,4916,4919
4921,NODE,n4921,2,pi10,n4920,1,8.000000,17.000000,9.000000,8,1.00,AND2_X1,0.689655,9.000000,11,4920
4922,NODE,n4922,2,n62,n4921,1,9.000000,18.000000,9.000000,9,1.00,NAND2_X1,0.689655,9.000000,62,4921
4923,NODE,n4923,2,n101,n274,2,3.000000,7.000000,4.000000,3,1.00,NAND2_X1,0.862069,4.000000,101,274
4924,NODE,n4924,1,n4923,,2,4.000000,9.000000,5.000000,4,1.00,INV_X1,0.827586,5.000000,4923,-1
4925,NODE,n4925,2,n3299,n4924,1,5.000000,17.000000,12.000000,5,1.00,AND2_X1,0.586207,12.000000,3299,4924
4926,NODE,n4926,2,n312,n4925,1,6.000000,18.000000,12.000000,6,1.00,NAND2_X1,0.586207,12.000000,312,4925
4927,NODE,n4927,2,n4922,n4926,1,10.000000,19.000000,9.000000,10,1.00,AND2_X1,0.689655,9.000000,4922,4926
4928,NODE,n4928,2,n3958,n4337,1,5.000000,8.000000,3.000000,5,1.00,NAND2_X1,0.896552,3.000000,3958,4337
4929,NODE,n4929,2,pi00,n4928,1,6.000000,9.000000,3.000000,6,1.00,NAND2_X1,0.896552,3.000000,1,4928
4930,NODE,n4930,2,n118,n527,1,4.000000,9.000000,5.000000,4,1.00,NAND2_X1,0.827586,5.000000,118,527
4931,NODE,n4931,2,n4929,n4930,1,7.000000,10.000000,3.000000,7,1.00,NAND2_X1,0.896552,3.000000,4929,4930
4932,NODE,n4932,2,n138,n4931,1,8.000000,11.000000,3.000000,8,1.00,NAND2_X1,0.896552,3.000000,138,4931
4933,NODE,n4933,2,n653,n4338,1,5.000000,11.000000,6.000000,5,1.00,NAND2_X1,0.793103,6.000000,653,4338
4934,NODE,n4934,2,n4932,n4933,1,9.000000,12.000000,3.000000,9,1.00,NAND2_X1,0.896552,3.000000,4932,4933
4935,NODE,n4935,2,n790,n4934,1,10.000000,13.000000,3.000000,10,1.00,AND2_X1,0.896552,3.000000,790,4934
4936,NODE,n4936,2,n54,n4935,1,11.000000,14.000000,3.000000,11,1.00,NAND2_X1,0.896552,3.000000,54,4935
4937,NODE,n4937,2,n78,n1627,1,4.000000,9.000000,5.000000,4,1.00,NAND2_X1,0.827586,5.000000,78,1627
4938,NODE,n4938,1,n1625,,1,2.000000,8.000000,6.000000,2,1.00,INV_X1,0.793103,6.000000,1625,-1
4939,NODE,n4939,2,pi00,n4938,1,3.000000,9.000000,6.000000,3,1.00,NAND2_X1,0.793103,6.000000,1,4938
4940,NODE,n4940,2,n4937,n4939,1,5.000000,10.000000,5.000000,5,1.00,NAND2_X1,0.827586,5.000000,4937,4939
4941,NODE,n4941,2,pi15,n4940,1,6.000000,11.000000,5.000000,6,1.00,AND2_X1,0.827586,5.000000,16,4940
4942,NODE,n4942,2,n34,n4941,1,7.000000,12.000000,5.000000,7,1.00,AND2_X1,0.827586,5.000000,34,4941
4943,NODE,n4943,2,pi04,n4942,1,8.000000,13.000000,5.000000,8,1.00,AND2_X1,0.827586,5.000000,5,4942
4944,NODE,n4944,2,pi03,n4943,1,9.000000,14.000000,5.000000,9,1.00,NAND2_X1,0.827586,5.000000,4,4943
4945,NODE,n4945,2,n4936,n4944,1,12.000000,15.000000,3.000000,12,1.00,NAND2_X1,0.896552,3.000000,4936,4944
4946,NODE,n4946,2,pi10,n4945,1,13.000000,16.000000,3.000000,13,1.00,NAND2_X1,0.896552,3.000000,11,4945
4947,NODE,n4947,2,n534,n3299,1,4.000000,15.000000,11.000000,4,1.00,AND2_X1,0.620690,11.000000,534,3299
4948,NODE,n4948,2,n2880,n4947,1,5.000000,16.000000,11.000000,5,1.00,NAND2_X1,0.620690,11.000000,2880,4947
4949,NODE,n4949,2,n4946,n4948,1,14.000000,17.000000,3.000000,14,1.00,NAND2_X1,0.896552,3.000000,4946,4948
4950,NODE,n4950,2,pi09,n4949,1,15.000000,18.000000,3.000000,15,1.00,NAND2_X1,0.896552,3.000000,10,4949
4951,NODE,n4951,2,n159,n653,1,4.000000,17.000000,13.000000,4,1.00,AND2_X1,0.551724,13.000000,159,653
4952,NODE,n4952,2,n62,n4146,1,4.000000,16.000000,12.000000,4,1.00,AND2_X1,0.586207,12.000000,62,4146
4953,NODE,n4953,2,n524,n4952,2,5.000000,17.000000,12.000000,5,1.00,AND2_X1,0.586207,12.000000,524,4952
4954,NODE,n4954,2,n4951,n4953,1,6.000000,18.000000,12.000000,6,1.00,NAND2_X1,0.586207,12.000000,4951,4953
4955,NODE,n4955,2,n4950,n4954,1,16.000000,19.000000,3.000000,16,1.00,AND2_X1,0.896552,3.000000,4950,4954
4956,NODE,n4956,2,n4927,n4955,1,17.000000,20.000000,3.000000,17,1.00,AND2_X1,0.896552,3.000000,4927,4955
4957,NODE,n4957,2,n1882,n3412,1,4.000000,8.000000,4.000000,4,1.00,NAND2_X1,0.862069,4.000000,1882,3412
4958,NODE,n4958,2,n177,n1518,1,4.000000,8.000000,4.000000,4,1.00,NAND2_X1,0.862069,4.000000,177,1518
4959,NODE,n4959,2,n4957,n4958,1,5.000000,9.000000,4.000000,5,1.00,NAND2_X1,0.862069,4.000000,4957,4958
4960,NODE,n4960,2,pi15,n4959,1,6.000000,10.000000,4.000000,6,1.00,NAND2_X1,0.862069,4.000000,16,4959
4961,NODE,n4961,1,n1966,,1,5.000000,9.000000,4.000000,5,1.00,INV_X1,0.862069,4.000000,1966,-1
4962,NODE,n4962,2,n177,n4961,1,6.000000,10.000000,4.000000,6,1.00,NAND2_X1,0.862069,4.000000,177,4961
4963,NODE,n4963,2,n4960,n4962,1,7.000000,11.000000,4.000000,7,1.00,NAND2_X1,0.862069,4.000000,4960,4962
4964,NODE,n4964,2,pi04,n4963,1,8.000000,12.000000,4.000000,8,1.00,NAND2_X1,0.862069,4.000000,5,4963
4965,NODE,n4965,2,pi01,n321,1,4.000000,11.000000,7.000000,4,1.00,AND2_X1,0.758621,7.000000,2,321
4966,NODE,n4966,2,n54,n822,1,4.000000,11.000000,7.000000,4,1.00,AND2_X1,0.758621,7.000000,54,822
4967,NODE,n4967,2,n4965,n4966,1,5.000000,12.000000,7.000000,5,1.00,NAND2_X1,0.758621,7.000000,4965,4966
4968,NODE,n4968,2,n4964,n4967,1,9.000000,13.000000,4.000000,9,1.00,NAND2_X1,0.862069,4.000000,4964,4967
4969,NODE,n4969,2,n34,n4968,1,10.000000,14.000000,4.000000,10,1.00,NAND2_X1,0.862069,4.000000,34,4968
4970,NODE,n4970,2,n597,n822,2,4.000000,10.000000,6.000000,4,1.00,AND2_X1,0.793103,6.000000,597,822
4971,NODE,n4971,2,n1997,n4970,1,5.000000,14.000000,9.000000,5,1.00,NAND2_X1,0.689655,9.000000,1997,4970
4972,NODE,n4972,2,n4969,n4971,1,11.000000,15.000000,4.000000,11,1.00,AND2_X1,0.862069,4.000000,4969,4971
4973,NODE,n4973,2,n524,n2890,1,4.000000,7.000000,3.000000,4,1.00,NAND2_X1,0.896552,3.000000,524,2890
4974,NODE,n4974,2,n527,n3735,1,4.000000,7.000000,3.000000,4,1.00,NAND2_X1,0.896552,3.000000,527,3735
4975,NODE,n4975,2,n4973,n4974,1,5.000000,8.000000,3.000000,5,1.00,NAND2_X1,0.896552,3.000000,4973,4974
4976,NODE,n4976,2,pi15,n4975,1,6.000000,9.000000,3.000000,6,1.00,AND2_X1,0.896552,3.000000,16,4975
4977,NODE,n4977,2,pi00,n4976,1,7.000000,10.000000,3.000000,7,1.00,NAND2_X1,0.896552,3.000000,1,4976
4978,NODE,n4978,2,n78,n2005,1,3.000000,9.000000,6.000000,3,1.00,AND2_X1,0.793103,6.000000,78,2005
4979,NODE,n4979,2,n1927,n4978,1,5.000000,10.000000,5.000000,5,1.00,NAND2_X1,0.827586,5.000000,1927,4978
4980,NODE,n4980,2,n4977,n4979,1,8.000000,11.000000,3.000000,8,1.00,NAND2_X1,0.896552,3.000000,4977,4979
4981,NODE,n4981,2,pi03,n4980,1,9.000000,12.000000,3.000000,9,1.00,NAND2_X1,0.896552,3.000000,4,4980
4982,NODE,n4982,2,pi00,n713,1,4.000000,11.000000,7.000000,4,1.00,AND2_X1,0.758621,7.000000,1,713
4983,NODE,n4983,2,n597,n981,2,4.000000,6.000000,2.000000,4,1.00,AND2_X1,0.931035,2.000000,597,981
4984,NODE,n4984,2,n4982,n4983,1,5.000000,12.000000,7.000000,5,1.00,NAND2_X1,0.758621,7.000000,4982,4983
4985,NODE,n4985,2,n4981,n4984,1,10.000000,13.000000,3.000000,10,1.00,NAND2_X1,0.896552,3.000000,4981,4984
4986,NODE,n4986,2,n154,n4985,1,11.000000,14.000000,3.000000,11,1.00,NAND2_X1,0.896552,3.000000,154,4985
4987,NODE,n4987,2,pi05,n1905,1,4.000000,8.000000,4.000000,4,1.00,AND2_X1,0.862069,4.000000,6,1905
4988,NODE,n4988,2,n138,n4987,1,5.000000,9.000000,4.000000,5,1.00,NAND2_X1,0.862069,4.000000,138,4987
4989,NODE,n4989,2,n713,n1555,1,4.000000,9.000000,5.000000,4,1.00,NAND2_X1,0.827586,5.000000,713,1555
4990,NODE,n4990,2,n4988,n4989,1,6.000000,10.000000,4.000000,6,1.00,NAND2_X1,0.862069,4.000000,4988,4989
4991,NODE,n4991,2,pi07,n4990,1,7.000000,11.000000,4.000000,7,1.00,AND2_X1,0.862069,4.000000,8,4990
4992,NODE,n4992,2,n54,n4991,1,8.000000,12.000000,4.000000,8,1.00,AND2_X1,0.862069,4.000000,54,4991
4993,NODE,n4993,2,pi02,n4992,1,9.000000,13.000000,4.000000,9,1.00,AND2_X1,0.862069,4.000000,3,4992
4994,NODE,n4994,2,n78,n4993,1,10.000000,14.000000,4.000000,10,1.00,NAND2_X1,0.862069,4.000000,78,4993
4995,NODE,n4995,2,n4986,n4994,1,12.000000,15.000000,3.000000,12,1.00,AND2_X1,0.896552,3.000000,4986,4994
4996,NODE,n4996,2,n4972,n4995,1,13.000000,16.000000,3.000000,13,1.00,NAND2_X1,0.896552,3.000000,4972,4995
4997,NODE,n4997,2,pi10,n4996,1,14.000000,17.000000,3.000000,14,1.00,NAND2_X1,0.896552,3.000000,11,4996
4998,NODE,n4998,2,n3299,n1662,1,4.000000,15.000000,11.000000,4,1.00,AND2_X1,0.620690,11.000000,3299,1662
4999,NODE,n4999,2,n138,n4998,1,5.000000,16.000000,11.000000,5,1.00,AND2_X1,0.620690,11.000000,138,4998
5000,NODE,n5000,2,n3450,n4999,1,6.000000,17.000000,11.000000,6,1.00,NAND2_X1,0.620690,11.000000,3450,4999
5001,NODE,n5001,2,n4997,n5000,1,15.000000,18.000000,3.000000,15,1.00,NAND2_X1,0.896552,3.000000,4997,5000
5002,NODE,n5002,2,pi09,n5001,1,16.000000,19.000000,3.000000,16,1.00,NAND2_X1,0.896552,3.000000,10,5001
5003,NODE,n5003,1,n160,,3,5.000000,5.000000,0.000000,5,1.00,INV_X1,1.000000,0.000000,160,-1
5004,NODE,n5004,2,n5003,n619,1,6.000000,18.000000,12.000000,6,1.00,AND2_X1,0.586207,12.000000,5003,619
5005,NODE,n5005,2,n4953,n5004,1,7.000000,19.000000,12.000000,7,1.00,NAND2_X1,0.586207,12.000000,4953,5004
5006,NODE,n5006,2,n5002,n5005,1,17.000000,20.000000,3.000000,17,1.00,AND2_X1,0.896552,3.000000,5002,5005
5007,NODE,n5007,2,n4956,n5006,1,18.000000,21.000000,3.000000,18,1.00,NAND2_X1,0.896552,3.000000,4956,5006
5008,NODE,n5008,2,n44,n5007,1,19.000000,22.000000,3.000000,19,1.00,AND2_X1,0.896552,3.000000,44,5007
5009,NODE,n5009,2,pi13,n5008,1,20.000000,23.000000,3.000000,20,1.00,AND2_X1,0.896552,3.000000,14,5008
5010,NODE,n5010,2,pi12,n5009,1,21.000000,24.000000,3.000000,21,1.00,AND2_X1,0.896552,3.000000,13,5009
5011,NODE,n5011,2,pi11,n5010,1,22.000000,25.000000,3.000000,22,1.00,AND2_X1,0.896552,3.000000,12,5010
5012,NODE,n5012,2,pi08,n5011,1,23.000000,26.000000,3.000000,23,1.00,NAND2_X1,0.896552,3.000000,9,5011
5013,NODE,n5013,2,n4912,n5012,1,26.000000,27.000000,1.000000,26,1.00,AND2_X1,0.965517,1.000000,4912,5012
5014,NODE,n5014,2,n4789,n5013,1,27.000000,28.000000,1.000000,27,1.00,AND2_X1,0.965517,1.000000,4789,5013
5015,NODE,n5015,2,pi15,n2689,2,4.000000,11.000000,7.000000,4,1.00,AND2_X1,0.758621,7.000000,16,2689
5016,NODE,n5016,2,pi04,n5015,1,5.000000,12.000000,7.000000,5,1.00,NAND2_X1,0.758621,7.000000,5,5015
5017,NODE,n5017,2,n430,n981,1,4.000000,12.000000,8.000000,4,1.00,NAND2_X1,0.724138,8.000000,430,981
5018,NODE,n5018,2,n5016,n5017,1,6.000000,13.000000,7.000000,6,1.00,NAND2_X1,0.758621,7.000000,5016,5017
5019,NODE,n5019,2,n62,n5018,1,7.000000,14.000000,7.000000,7,1.00,AND2_X1,0.758621,7.000000,62,5018
5020,NODE,n5020,2,pi08,n5019,1,8.000000,15.000000,7.000000,8,1.00,NAND2_X1,0.758621,7.000000,9,5019
5021,NODE,n5021,2,n54,n1068,2,4.000000,14.000000,10.000000,4,1.00,AND2_X1,0.655172,10.000000,54,1068
5022,NODE,n5022,2,n35,n792,2,4.000000,10.000000,6.000000,4,1.00,AND2_X1,0.793103,6.000000,35,792
5023,NODE,n5023,2,n5021,n5022,1,5.000000,15.000000,10.000000,5,1.00,NAND2_X1,0.655172,10.000000,5021,5022
5024,NODE,n5024,2,n5020,n5023,1,9.000000,16.000000,7.000000,9,1.00,NAND2_X1,0.758621,7.000000,5020,5023
5025,NODE,n5025,2,n90,n5024,1,10.000000,17.000000,7.000000,10,1.00,NAND2_X1,0.758621,7.000000,90,5024
5026,NODE,n5026,2,n62,n5015,1,5.000000,15.000000,10.000000,5,1.00,AND2_X1,0.655172,10.000000,62,5015
5027,NODE,n5027,2,pi08,n5026,1,6.000000,16.000000,10.000000,6,1.00,AND2_X1,0.655172,10.000000,9,5026
5028,NODE,n5028,2,pi03,n5027,1,7.000000,17.000000,10.000000,7,1.00,NAND2_X1,0.655172,10.000000,4,5027
5029,NODE,n5029,2,n5025,n5028,1,11.000000,18.000000,7.000000,11,1.00,NAND2_X1,0.758621,7.000000,5025,5028
5030,NODE,n5030,2,pi10,n5029,1,12.000000,19.000000,7.000000,12,1.00,NAND2_X1,0.758621,7.000000,11,5029
5031,NODE,n5031,2,n124,n3300,1,5.000000,16.000000,11.000000,5,1.00,AND2_X1,0.620690,11.000000,124,3300
5032,NODE,n5032,2,pi08,n5031,1,6.000000,17.000000,11.000000,6,1.00,AND2_X1,0.620690,11.000000,9,5031
5033,NODE,n5033,2,n61,n5032,1,7.000000,18.000000,11.000000,7,1.00,AND2_X1,0.620690,11.000000,61,5032
5034,NODE,n5034,2,pi06,n5033,1,8.000000,19.000000,11.000000,8,1.00,NAND2_X1,0.620690,11.000000,7,5033
5035,NODE,n5035,2,n5030,n5034,1,13.000000,20.000000,7.000000,13,1.00,AND2_X1,0.758621,7.000000,5030,5034
5036,NODE,n5036,2,n64,n771,1,4.000000,11.000000,7.000000,4,1.00,NAND2_X1,0.758621,7.000000,64,771
5037,NODE,n5037,2,n1069,n5036,1,5.000000,12.000000,7.000000,5,1.00,NAND2_X1,0.758621,7.000000,1069,5036
5038,NODE,n5038,2,n790,n5037,1,6.000000,13.000000,7.000000,6,1.00,AND2_X1,0.758621,7.000000,790,5037
5039,NODE,n5039,2,n34,n5038,1,7.000000,14.000000,7.000000,7,1.00,AND2_X1,0.758621,7.000000,34,5038
5040,NODE,n5040,2,pi03,n5039,1,8.000000,15.000000,7.000000,8,1.00,NAND2_X1,0.758621,7.000000,4,5039
5041,NODE,n5041,1,n3054,,1,4.000000,14.000000,10.000000,4,1.00,INV_X1,0.655172,10.000000,3054,-1
5042,NODE,n5042,2,n715,n1107,1,4.000000,14.000000,10.000000,4,1.00,AND2_X1,0.655172,10.000000,715,1107
5043,NODE,n5043,2,n5041,n5042,1,5.000000,15.000000,10.000000,5,1.00,NAND2_X1,0.655172,10.000000,5041,5042
5044,NODE,n5044,2,n5040,n5043,1,9.000000,16.000000,7.000000,9,1.00,AND2_X1,0.758621,7.000000,5040,5043
5045,NODE,n5045,2,pi03,n3231,1,5.000000,11.000000,6.000000,5,1.00,NAND2_X1,0.793103,6.000000,4,3231
5046,NODE,n5046,2,n231,n450,2,4.000000,11.000000,7.000000,4,1.00,NAND2_X1,0.758621,7.000000,231,450
5047,NODE,n5047,2,n5045,n5046,1,6.000000,12.000000,6.000000,6,1.00,NAND2_X1,0.793103,6.000000,5045,5046
5048,NODE,n5048,2,pi15,n5047,1,7.000000,13.000000,6.000000,7,1.00,NAND2_X1,0.793103,6.000000,16,5047
5049,NODE,n5049,2,n156,n1131,1,5.000000,13.000000,8.000000,5,1.00,NAND2_X1,0.724138,8.000000,156,1131
5050,NODE,n5050,2,n5048,n5049,1,8.000000,14.000000,6.000000,8,1.00,NAND2_X1,0.793103,6.000000,5048,5049
5051,NODE,n5051,2,n61,n5050,1,9.000000,15.000000,6.000000,9,1.00,AND2_X1,0.793103,6.000000,61,5050
5052,NODE,n5052,2,n920,n5051,1,10.000000,16.000000,6.000000,10,1.00,NAND2_X1,0.793103,6.000000,920,5051
5053,NODE,n5053,2,n5044,n5052,1,11.000000,17.000000,6.000000,11,1.00,AND2_X1,0.793103,6.000000,5044,5052
5054,NODE,n5054,2,n61,n1107,2,3.000000,9.000000,6.000000,3,1.00,AND2_X1,0.793103,6.000000,61,1107
5055,NODE,n5055,2,n1150,n5054,1,4.000000,11.000000,7.000000,4,1.00,NAND2_X1,0.758621,7.000000,1150,5054
5056,NODE,n5056,2,pi07,n797,1,4.000000,10.000000,6.000000,4,1.00,AND2_X1,0.793103,6.000000,8,797
5057,NODE,n5057,2,n1143,n5056,1,5.000000,11.000000,6.000000,5,1.00,NAND2_X1,0.793103,6.000000,1143,5056
5058,NODE,n5058,2,n5055,n5057,1,6.000000,12.000000,6.000000,6,1.00,NAND2_X1,0.793103,6.000000,5055,5057
5059,NODE,n5059,2,pi04,n5058,1,7.000000,13.000000,6.000000,7,1.00,NAND2_X1,0.793103,6.000000,5,5058
5060,NODE,n5060,2,n368,n259,1,3.000000,9.000000,6.000000,3,1.00,NAND2_X1,0.793103,6.000000,368,259
5061,NODE,n5061,2,pi15,n5060,1,4.000000,10.000000,6.000000,4,1.00,AND2_X1,0.793103,6.000000,16,5060
5062,NODE,n5062,1,n809,,1,4.000000,9.000000,5.000000,4,1.00,INV_X1,0.827586,5.000000,809,-1
5063,NODE,n5063,2,pi06,n5062,1,5.000000,10.000000,5.000000,5,1.00,NAND2_X1,0.827586,5.000000,7,5062
5064,NODE,n5064,2,n5061,n5063,1,6.000000,11.000000,5.000000,6,1.00,AND2_X1,0.827586,5.000000,5061,5063
5065,NODE,n5065,2,pi05,n5064,1,7.000000,12.000000,5.000000,7,1.00,AND2_X1,0.827586,5.000000,6,5064
5066,NODE,n5066,2,n54,n5065,1,8.000000,13.000000,5.000000,8,1.00,NAND2_X1,0.827586,5.000000,54,5065
5067,NODE,n5067,2,n5059,n5066,1,9.000000,14.000000,5.000000,9,1.00,NAND2_X1,0.827586,5.000000,5059,5066
5068,NODE,n5068,2,n90,n5067,1,10.000000,15.000000,5.000000,10,1.00,NAND2_X1,0.827586,5.000000,90,5067
5069,NODE,n5069,2,pi04,n4019,1,4.000000,10.000000,6.000000,4,1.00,NAND2_X1,0.793103,6.000000,5,4019
5070,NODE,n5070,2,n4554,n5069,1,5.000000,11.000000,6.000000,5,1.00,NAND2_X1,0.793103,6.000000,4554,5069
5071,NODE,n5071,2,pi09,n5070,1,6.000000,12.000000,6.000000,6,1.00,AND2_X1,0.793103,6.000000,10,5070
5072,NODE,n5072,2,n61,n5071,1,7.000000,13.000000,6.000000,7,1.00,AND2_X1,0.793103,6.000000,61,5071
5073,NODE,n5073,2,pi05,n5072,1,8.000000,14.000000,6.000000,8,1.00,AND2_X1,0.793103,6.000000,6,5072
5074,NODE,n5074,2,pi03,n5073,1,9.000000,15.000000,6.000000,9,1.00,NAND2_X1,0.793103,6.000000,4,5073
5075,NODE,n5075,2,n5068,n5074,1,11.000000,16.000000,5.000000,11,1.00,NAND2_X1,0.827586,5.000000,5068,5074
5076,NODE,n5076,2,pi08,n5075,1,12.000000,17.000000,5.000000,12,1.00,NAND2_X1,0.827586,5.000000,9,5075
5077,NODE,n5077,2,n5053,n5076,1,13.000000,18.000000,5.000000,13,1.00,NAND2_X1,0.827586,5.000000,5053,5076
5078,NODE,n5078,2,pi10,n5077,1,14.000000,19.000000,5.000000,14,1.00,NAND2_X1,0.827586,5.000000,11,5077
5079,NODE,n5079,1,n3273,,1,5.000000,18.000000,13.000000,5,1.00,INV_X1,0.551724,13.000000,3273,-1
5080,NODE,n5080,2,n5079,n3498,1,6.000000,19.000000,13.000000,6,1.00,NAND2_X1,0.551724,13.000000,5079,3498
5081,NODE,n5081,2,n5078,n5080,1,15.000000,20.000000,5.000000,15,1.00,AND2_X1,0.827586,5.000000,5078,5080
5082,NODE,n5082,2,n5035,n5081,1,16.000000,21.000000,5.000000,16,1.00,AND2_X1,0.827586,5.000000,5035,5081
5083,NODE,n5083,2,n616,n1974,1,6.000000,16.000000,10.000000,6,1.00,NAND2_X1,0.655172,10.000000,616,1974
5084,NODE,n5084,2,pi06,n978,2,4.000000,6.000000,2.000000,4,1.00,AND2_X1,0.931035,2.000000,7,978
5085,NODE,n5085,2,n175,n5084,1,5.000000,16.000000,11.000000,5,1.00,NAND2_X1,0.620690,11.000000,175,5084
5086,NODE,n5086,2,n5083,n5085,1,7.000000,17.000000,10.000000,7,1.00,NAND2_X1,0.655172,10.000000,5083,5085
5087,NODE,n5087,2,pi10,n5086,1,8.000000,18.000000,10.000000,8,1.00,AND2_X1,0.655172,10.000000,11,5086
5088,NODE,n5088,2,pi09,n5087,1,9.000000,19.000000,10.000000,9,1.00,AND2_X1,0.655172,10.000000,10,5087
5089,NODE,n5089,2,n35,n5088,1,10.000000,20.000000,10.000000,10,1.00,AND2_X1,0.655172,10.000000,35,5088
5090,NODE,n5090,2,n78,n5089,1,11.000000,21.000000,10.000000,11,1.00,NAND2_X1,0.655172,10.000000,78,5089
5091,NODE,n5091,2,n5082,n5090,1,17.000000,22.000000,5.000000,17,1.00,AND2_X1,0.827586,5.000000,5082,5090
5092,NODE,n5092,2,n126,n714,1,3.000000,7.000000,4.000000,3,1.00,NAND2_X1,0.862069,4.000000,126,714
5093,NODE,n5093,2,n790,n5092,1,4.000000,8.000000,4.000000,4,1.00,AND2_X1,0.862069,4.000000,790,5092
5094,NODE,n5094,2,pi01,n5093,1,5.000000,9.000000,4.000000,5,1.00,NAND2_X1,0.862069,4.000000,2,5093
5095,NODE,n5095,2,n1175,n4059,1,4.000000,9.000000,5.000000,4,1.00,NAND2_X1,0.827586,5.000000,1175,4059
5096,NODE,n5096,2,n5094,n5095,1,6.000000,10.000000,4.000000,6,1.00,NAND2_X1,0.862069,4.000000,5094,5095
5097,NODE,n5097,2,pi03,n5096,1,7.000000,11.000000,4.000000,7,1.00,NAND2_X1,0.862069,4.000000,4,5096
5098,NODE,n5098,1,n1079,,2,4.000000,10.000000,6.000000,4,1.00,INV_X1,0.793103,6.000000,1079,-1
5099,NODE,n5099,2,n189,n5098,1,5.000000,11.000000,6.000000,5,1.00,NAND2_X1,0.793103,6.000000,189,5098
5100,NODE,n5100,2,n5097,n5099,1,8.000000,12.000000,4.000000,8,1.00,NAND2_X1,0.862069,4.000000,5097,5099
5101,NODE,n5101,2,pi05,n5100,1,9.000000,13.000000,4.000000,9,1.00,NAND2_X1,0.862069,4.000000,6,5100
5102,NODE,n5102,2,pi01,n338,1,4.000000,12.000000,8.000000,4,1.00,AND2_X1,0.724138,8.000000,2,338
5103,NODE,n5103,2,n4584,n5102,1,5.000000,13.000000,8.000000,5,1.00,NAND2_X1,0.724138,8.000000,4584,5102
5104,NODE,n5104,2,n5101,n5103,1,10.000000,14.000000,4.000000,10,1.00,NAND2_X1,0.862069,4.000000,5101,5103
5105,NODE,n5105,2,pi04,n5104,1,11.000000,15.000000,4.000000,11,1.00,NAND2_X1,0.862069,4.000000,5,5104
5106,NODE,n5106,2,pi07,n463,1,4.000000,10.000000,6.000000,4,1.00,AND2_X1,0.793103,6.000000,8,463
5107,NODE,n5107,2,pi01,n5106,1,5.000000,11.000000,6.000000,5,1.00,NAND2_X1,0.793103,6.000000,2,5106
5108,NODE,n5108,2,n705,n5107,1,6.000000,12.000000,6.000000,6,1.00,NAND2_X1,0.793103,6.000000,705,5107
5109,NODE,n5109,2,n790,n5108,1,7.000000,13.000000,6.000000,7,1.00,AND2_X1,0.793103,6.000000,790,5108
5110,NODE,n5110,2,n54,n5109,1,8.000000,14.000000,6.000000,8,1.00,AND2_X1,0.793103,6.000000,54,5109
5111,NODE,n5111,2,n90,n5110,1,9.000000,15.000000,6.000000,9,1.00,NAND2_X1,0.793103,6.000000,90,5110
5112,NODE,n5112,2,n5105,n5111,1,12.000000,16.000000,4.000000,12,1.00,NAND2_X1,0.862069,4.000000,5105,5111
5113,NODE,n5113,2,pi06,n5112,1,13.000000,17.000000,4.000000,13,1.00,NAND2_X1,0.862069,4.000000,7,5112
5114,NODE,n5114,2,n615,n1254,2,5.000000,5.000000,0.000000,5,1.00,NAND2_X1,1.000000,0.000000,615,1254
5115,NODE,n5115,2,pi15,n5114,1,6.000000,10.000000,4.000000,6,1.00,AND2_X1,0.862069,4.000000,16,5114
5116,NODE,n5116,2,n138,n5115,1,7.000000,11.000000,4.000000,7,1.00,NAND2_X1,0.862069,4.000000,138,5115
5117,NODE,n5117,2,n2152,n4888,1,6.000000,11.000000,5.000000,6,1.00,NAND2_X1,0.827586,5.000000,2152,4888
5118,NODE,n5118,2,n5116,n5117,1,8.000000,12.000000,4.000000,8,1.00,NAND2_X1,0.862069,4.000000,5116,5117
5119,NODE,n5119,2,pi08,n5118,1,9.000000,13.000000,4.000000,9,1.00,NAND2_X1,0.862069,4.000000,9,5118
5120,NODE,n5120,2,n1762,n2845,1,6.000000,13.000000,7.000000,6,1.00,NAND2_X1,0.758621,7.000000,1762,2845
5121,NODE,n5121,2,n5119,n5120,1,10.000000,14.000000,4.000000,10,1.00,NAND2_X1,0.862069,4.000000,5119,5120
5122,NODE,n5122,2,pi07,n5121,1,11.000000,15.000000,4.000000,11,1.00,NAND2_X1,0.862069,4.000000,8,5121
5123,NODE,n5123,2,n527,n1078,2,4.000000,9.000000,5.000000,4,1.00,NAND2_X1,0.827586,5.000000,527,1078
5124,NODE,n5124,1,n5123,,1,5.000000,14.000000,9.000000,5,1.00,INV_X1,0.689655,9.000000,5123,-1
5125,NODE,n5125,2,n163,n5124,1,6.000000,15.000000,9.000000,6,1.00,NAND2_X1,0.689655,9.000000,163,5124
5126,NODE,n5126,2,n5122,n5125,1,12.000000,16.000000,4.000000,12,1.00,NAND2_X1,0.862069,4.000000,5122,5125
5127,NODE,n5127,2,n368,n5126,1,13.000000,17.000000,4.000000,13,1.00,NAND2_X1,0.862069,4.000000,368,5126
5128,NODE,n5128,2,n5113,n5127,1,14.000000,18.000000,4.000000,14,1.00,NAND2_X1,0.862069,4.000000,5113,5127
5129,NODE,n5129,2,pi00,n5128,1,15.000000,19.000000,4.000000,15,1.00,NAND2_X1,0.862069,4.000000,1,5128
5130,NODE,n5130,2,n3053,n3105,1,3.000000,9.000000,6.000000,3,1.00,NAND2_X1,0.793103,6.000000,3053,3105
5131,NODE,n5131,2,pi15,n5130,1,4.000000,10.000000,6.000000,4,1.00,AND2_X1,0.793103,6.000000,16,5130
5132,NODE,n5132,2,pi08,n5131,1,5.000000,11.000000,6.000000,5,1.00,AND2_X1,0.793103,6.000000,9,5131
5133,NODE,n5133,2,pi07,n5132,1,6.000000,12.000000,6.000000,6,1.00,AND2_X1,0.793103,6.000000,8,5132
5134,NODE,n5134,2,n138,n5133,1,7.000000,13.000000,6.000000,7,1.00,NAND2_X1,0.793103,6.000000,138,5133
5135,NODE,n5135,2,pi01,n3840,1,3.000000,12.000000,9.000000,3,1.00,AND2_X1,0.689655,9.000000,2,3840
5136,NODE,n5136,2,n3346,n5135,1,6.000000,13.000000,7.000000,6,1.00,NAND2_X1,0.758621,7.000000,3346,5135
5137,NODE,n5137,2,n5134,n5136,1,8.000000,14.000000,6.000000,8,1.00,NAND2_X1,0.793103,6.000000,5134,5136
5138,NODE,n5138,2,pi05,n5137,1,9.000000,15.000000,6.000000,9,1.00,NAND2_X1,0.793103,6.000000,6,5137
5139,NODE,n5139,2,n368,n82,3,4.000000,9.000000,5.000000,4,1.00,AND2_X1,0.827586,5.000000,368,82
5140,NODE,n5140,2,n34,n5139,1,5.000000,13.000000,8.000000,5,1.00,AND2_X1,0.724138,8.000000,34,5139
5141,NODE,n5141,2,n90,n5140,1,6.000000,14.000000,8.000000,6,1.00,AND2_X1,0.724138,8.000000,90,5140
5142,NODE,n5142,2,n138,n5141,1,7.000000,15.000000,8.000000,7,1.00,NAND2_X1,0.724138,8.000000,138,5141
5143,NODE,n5143,2,n5138,n5142,1,10.000000,16.000000,6.000000,10,1.00,NAND2_X1,0.793103,6.000000,5138,5142
5144,NODE,n5144,2,pi04,n5143,1,11.000000,17.000000,6.000000,11,1.00,NAND2_X1,0.793103,6.000000,5,5143
5145,NODE,n5145,2,n116,n1909,1,4.000000,16.000000,12.000000,4,1.00,AND2_X1,0.586207,12.000000,116,1909
5146,NODE,n5146,2,n4599,n5145,1,5.000000,17.000000,12.000000,5,1.00,NAND2_X1,0.586207,12.000000,4599,5145
5147,NODE,n5147,2,n5144,n5146,1,12.000000,18.000000,6.000000,12,1.00,NAND2_X1,0.793103,6.000000,5144,5146
5148,NODE,n5148,2,n78,n5147,1,13.000000,19.000000,6.000000,13,1.00,NAND2_X1,0.793103,6.000000,78,5147
5149,NODE,n5149,2,n5129,n5148,1,16.000000,20.000000,4.000000,16,1.00,NAND2_X1,0.862069,4.000000,5129,5148
5150,NODE,n5150,2,pi10,n5149,1,17.000000,21.000000,4.000000,17,1.00,AND2_X1,0.862069,4.000000,11,5149
5151,NODE,n5151,2,pi09,n5150,1,18.000000,22.000000,4.000000,18,1.00,NAND2_X1,0.862069,4.000000,10,5150
5152,NODE,n5152,2,n5091,n5151,1,19.000000,23.000000,4.000000,19,1.00,AND2_X1,0.862069,4.000000,5091,5151
5153,NODE,n5153,2,n154,n338,1,4.000000,11.000000,7.000000,4,1.00,AND2_X1,0.758621,7.000000,154,338
5154,NODE,n5154,2,n1524,n5153,1,5.000000,12.000000,7.000000,5,1.00,NAND2_X1,0.758621,7.000000,1524,5153
5155,NODE,n5155,2,pi02,n333,1,4.000000,11.000000,7.000000,4,1.00,AND2_X1,0.758621,7.000000,3,333
5156,NODE,n5156,2,n4584,n5155,1,5.000000,12.000000,7.000000,5,1.00,NAND2_X1,0.758621,7.000000,4584,5155
5157,NODE,n5157,2,n5154,n5156,1,6.000000,13.000000,7.000000,6,1.00,AND2_X1,0.758621,7.000000,5154,5156
5158,NODE,n5158,2,n1210,n2462,1,3.000000,6.000000,3.000000,3,1.00,NAND2_X1,0.896552,3.000000,1210,2462
5159,NODE,n5159,2,pi15,n5158,1,4.000000,7.000000,3.000000,4,1.00,AND2_X1,0.896552,3.000000,16,5158
5160,NODE,n5160,2,pi00,n5159,1,5.000000,8.000000,3.000000,5,1.00,NAND2_X1,0.896552,3.000000,1,5159
5161,NODE,n5161,2,n118,n1178,1,4.000000,8.000000,4.000000,4,1.00,NAND2_X1,0.862069,4.000000,118,1178
5162,NODE,n5162,2,n5160,n5161,1,6.000000,9.000000,3.000000,6,1.00,NAND2_X1,0.896552,3.000000,5160,5161
5163,NODE,n5163,2,n61,n5162,1,7.000000,10.000000,3.000000,7,1.00,AND2_X1,0.896552,3.000000,61,5162
5164,NODE,n5164,2,n34,n5163,1,8.000000,11.000000,3.000000,8,1.00,NAND2_X1,0.896552,3.000000,34,5163
5165,NODE,n5165,2,n78,n345,2,3.000000,9.000000,6.000000,3,1.00,NAND2_X1,0.793103,6.000000,78,345
5166,NODE,n5166,1,n5165,,1,4.000000,10.000000,6.000000,4,1.00,INV_X1,0.793103,6.000000,5165,-1
5167,NODE,n5167,2,pi07,n1178,2,4.000000,10.000000,6.000000,4,1.00,AND2_X1,0.793103,6.000000,8,1178
5168,NODE,n5168,2,n5166,n5167,1,5.000000,11.000000,6.000000,5,1.00,NAND2_X1,0.793103,6.000000,5166,5167
5169,NODE,n5169,2,n5164,n5168,1,9.000000,12.000000,3.000000,9,1.00,NAND2_X1,0.896552,3.000000,5164,5168
5170,NODE,n5170,2,pi02,n5169,1,10.000000,13.000000,3.000000,10,1.00,NAND2_X1,0.896552,3.000000,3,5169
5171,NODE,n5171,2,n5157,n5170,1,11.000000,14.000000,3.000000,11,1.00,NAND2_X1,0.896552,3.000000,5157,5170
5172,NODE,n5172,2,pi04,n5171,1,12.000000,15.000000,3.000000,12,1.00,NAND2_X1,0.896552,3.000000,5,5171
5173,NODE,n5173,2,n338,n1443,1,4.000000,7.000000,3.000000,4,1.00,NAND2_X1,0.896552,3.000000,338,1443
5174,NODE,n5174,2,n333,n822,2,4.000000,7.000000,3.000000,4,1.00,NAND2_X1,0.896552,3.000000,333,822
5175,NODE,n5175,2,n5173,n5174,1,5.000000,8.000000,3.000000,5,1.00,NAND2_X1,0.896552,3.000000,5173,5174
5176,NODE,n5176,2,pi00,n5175,1,6.000000,9.000000,3.000000,6,1.00,NAND2_X1,0.896552,3.000000,1,5175
5177,NODE,n5177,2,pi05,n978,2,4.000000,5.000000,1.000000,4,1.00,NAND2_X1,0.965517,1.000000,6,978
5178,NODE,n5178,2,n34,n981,2,4.000000,5.000000,1.000000,4,1.00,NAND2_X1,0.965517,1.000000,34,981
5179,NODE,n5179,2,n5177,n5178,1,5.000000,6.000000,1.000000,5,1.00,NAND2_X1,0.965517,1.000000,5177,5178
5180,NODE,n5180,2,pi03,n5179,1,6.000000,7.000000,1.000000,6,1.00,NAND2_X1,0.965517,1.000000,4,5179
5181,NODE,n5181,2,n5174,n5180,1,7.000000,8.000000,1.000000,7,1.00,NAND2_X1,0.965517,1.000000,5174,5180
5182,NODE,n5182,2,n78,n5181,1,8.000000,9.000000,1.000000,8,1.00,NAND2_X1,0.965517,1.000000,78,5181
5183,NODE,n5183,2,n5176,n5182,1,9.000000,10.000000,1.000000,9,1.00,NAND2_X1,0.965517,1.000000,5176,5182
5184,NODE,n5184,2,n154,n5183,1,10.000000,11.000000,1.000000,10,1.00,NAND2_X1,0.965517,1.000000,154,5183
5185,NODE,n5185,1,n5178,,2,5.000000,10.000000,5.000000,5,1.00,INV_X1,0.827586,5.000000,5178,-1
5186,NODE,n5186,2,n918,n5185,1,6.000000,11.000000,5.000000,6,1.00,NAND2_X1,0.827586,5.000000,918,5185
5187,NODE,n5187,2,n5184,n5186,1,11.000000,12.000000,1.000000,11,1.00,NAND2_X1,0.965517,1.000000,5184,5186
5188,NODE,n5188,2,pi08,n5187,1,12.000000,13.000000,1.000000,12,1.00,NAND2_X1,0.965517,1.000000,9,5187
5189,NODE,n5189,2,n918,n1932,1,6.000000,13.000000,7.000000,6,1.00,NAND2_X1,0.758621,7.000000,918,1932
5190,NODE,n5190,2,n5188,n5189,1,13.000000,14.000000,1.000000,13,1.00,NAND2_X1,0.965517,1.000000,5188,5189
5191,NODE,n5191,2,n54,n5190,1,14.000000,15.000000,1.000000,14,1.00,NAND2_X1,0.965517,1.000000,54,5190
5192,NODE,n5192,2,n5172,n5191,1,15.000000,16.000000,1.000000,15,1.00,NAND2_X1,0.965517,1.000000,5172,5191
5193,NODE,n5193,2,pi06,n5192,1,16.000000,17.000000,1.000000,16,1.00,NAND2_X1,0.965517,1.000000,7,5192
5194,NODE,n5194,2,n159,n1539,1,5.000000,11.000000,6.000000,5,1.00,NAND2_X1,0.793103,6.000000,159,1539
5195,NODE,n5195,2,n156,n1927,1,5.000000,11.000000,6.000000,5,1.00,NAND2_X1,0.793103,6.000000,156,1927
5196,NODE,n5196,2,n5194,n5195,1,6.000000,12.000000,6.000000,6,1.00,AND2_X1,0.793103,6.000000,5194,5195
5197,NODE,n5197,2,n3267,n5185,1,6.000000,12.000000,6.000000,6,1.00,NAND2_X1,0.793103,6.000000,3267,5185
5198,NODE,n5198,2,n5196,n5197,1,7.000000,13.000000,6.000000,7,1.00,NAND2_X1,0.793103,6.000000,5196,5197
5199,NODE,n5199,2,pi02,n5198,1,8.000000,14.000000,6.000000,8,1.00,NAND2_X1,0.793103,6.000000,3,5198
5200,NODE,n5200,2,n34,n1443,1,3.000000,7.000000,4.000000,3,1.00,NAND2_X1,0.862069,4.000000,34,1443
5201,NODE,n5201,2,pi05,n822,2,4.000000,7.000000,3.000000,4,1.00,NAND2_X1,0.896552,3.000000,6,822
5202,NODE,n5202,2,n5200,n5201,1,5.000000,8.000000,3.000000,5,1.00,NAND2_X1,0.896552,3.000000,5200,5201
5203,NODE,n5203,2,pi04,n5202,1,6.000000,9.000000,3.000000,6,1.00,AND2_X1,0.896552,3.000000,5,5202
5204,NODE,n5204,2,n90,n5203,1,7.000000,10.000000,3.000000,7,1.00,NAND2_X1,0.896552,3.000000,90,5203
5205,NODE,n5205,2,n159,n1970,1,4.000000,10.000000,6.000000,4,1.00,NAND2_X1,0.793103,6.000000,159,1970
5206,NODE,n5206,2,n5204,n5205,1,8.000000,11.000000,3.000000,8,1.00,NAND2_X1,0.896552,3.000000,5204,5205
5207,NODE,n5207,2,n78,n5206,1,9.000000,12.000000,3.000000,9,1.00,NAND2_X1,0.896552,3.000000,78,5206
5208,NODE,n5208,2,pi00,n156,1,4.000000,11.000000,7.000000,4,1.00,AND2_X1,0.758621,7.000000,1,156
5209,NODE,n5209,2,n34,n822,1,4.000000,11.000000,7.000000,4,1.00,AND2_X1,0.758621,7.000000,34,822
5210,NODE,n5210,2,n5208,n5209,1,5.000000,12.000000,7.000000,5,1.00,NAND2_X1,0.758621,7.000000,5208,5209
5211,NODE,n5211,2,n5207,n5210,1,10.000000,13.000000,3.000000,10,1.00,NAND2_X1,0.896552,3.000000,5207,5210
5212,NODE,n5212,2,n154,n5211,1,11.000000,14.000000,3.000000,11,1.00,NAND2_X1,0.896552,3.000000,154,5211
5213,NODE,n5213,2,n5199,n5212,1,12.000000,15.000000,3.000000,12,1.00,NAND2_X1,0.896552,3.000000,5199,5212
5214,NODE,n5214,2,pi08,n5213,1,13.000000,16.000000,3.000000,13,1.00,AND2_X1,0.896552,3.000000,9,5213
5215,NODE,n5215,2,n368,n5214,1,14.000000,17.000000,3.000000,14,1.00,NAND2_X1,0.896552,3.000000,368,5214
5216,NODE,n5216,2,n5193,n5215,1,17.000000,18.000000,1.000000,17,1.00,NAND2_X1,0.965517,1.000000,5193,5215
5217,NODE,n5217,2,pi09,n5216,1,18.000000,19.000000,1.000000,18,1.00,NAND2_X1,0.965517,1.000000,10,5216
5218,NODE,n5218,2,n404,n616,2,6.000000,17.000000,11.000000,6,1.00,AND2_X1,0.620690,11.000000,404,616
5219,NODE,n5219,2,pi08,n788,7,4.000000,9.000000,5.000000,4,1.00,AND2_X1,0.827586,5.000000,9,788
5220,NODE,n5220,2,n771,n5219,1,5.000000,18.000000,13.000000,5,1.00,AND2_X1,0.551724,13.000000,771,5219
5221,NODE,n5221,2,n5218,n5220,1,7.000000,19.000000,12.000000,7,1.00,NAND2_X1,0.586207,12.000000,5218,5220
5222,NODE,n5222,2,n5217,n5221,1,19.000000,20.000000,1.000000,19,1.00,AND2_X1,0.965517,1.000000,5217,5221
5223,NODE,n5223,2,n90,n1107,1,3.000000,4.000000,1.000000,3,1.00,NAND2_X1,0.965517,1.000000,90,1107
5224,NODE,n5224,2,pi03,n797,1,4.000000,4.000000,0.000000,4,1.00,NAND2_X1,1.000000,0.000000,4,797
5225,NODE,n5225,2,n5223,n5224,1,5.000000,5.000000,0.000000,5,1.00,NAND2_X1,1.000000,0.000000,5223,5224
5226,NODE,n5226,2,pi05,n5225,1,6.000000,6.000000,0.000000,6,1.00,AND2_X1,1.000000,0.000000,6,5225
5227,NODE,n5227,2,n138,n5226,1,7.000000,7.000000,0.000000,7,1.00,NAND2_X1,1.000000,0.000000,138,5226
5228,NODE,n5228,2,n1108,n2152,1,4.000000,7.000000,3.000000,4,1.00,NAND2_X1,0.896552,3.000000,1108,2152
5229,NODE,n5229,2,n5227,n5228,1,8.000000,8.000000,0.000000,8,1.00,NAND2_X1,1.000000,0.000000,5227,5228
5230,NODE,n5230,2,n154,n5229,1,9.000000,9.000000,0.000000,9,1.00,NAND2_X1,1.000000,0.000000,154,5229
5231,NODE,n5231,2,n344,n787,1,3.000000,6.000000,3.000000,3,1.00,NAND2_X1,0.896552,3.000000,344,787
5232,NODE,n5232,2,n347,n791,1,3.000000,6.000000,3.000000,3,1.00,NAND2_X1,0.896552,3.000000,347,791
5233,NODE,n5233,2,n5231,n5232,1,4.000000,7.000000,3.000000,4,1.00,AND2_X1,0.896552,3.000000,5231,5232
5234,NODE,n5234,2,pi02,n5233,1,5.000000,8.000000,3.000000,5,1.00,AND2_X1,0.896552,3.000000,3,5233
5235,NODE,n5235,2,pi01,n5234,1,6.000000,9.000000,3.000000,6,1.00,NAND2_X1,0.896552,3.000000,2,5234
5236,NODE,n5236,2,n5230,n5235,1,10.000000,10.000000,0.000000,10,1.00,NAND2_X1,1.000000,0.000000,5230,5235
5237,NODE,n5237,2,n54,n5236,1,11.000000,11.000000,0.000000,11,1.00,NAND2_X1,1.000000,0.000000,54,5236
5238,NODE,n5238,2,n154,n1183,2,3.000000,4.000000,1.000000,3,1.00,NAND2_X1,0.965517,1.000000,154,1183
5239,NODE,n5239,2,pi02,n1291,1,4.000000,4.000000,0.000000,4,1.00,NAND2_X1,1.000000,0.000000,3,1291
5240,NODE,n5240,2,n5238,n5239,1,5.000000,5.000000,0.000000,5,1.00,NAND2_X1,1.000000,0.000000,5238,5239
5241,NODE,n5241,2,pi01,n5240,1,6.000000,6.000000,0.000000,6,1.00,NAND2_X1,1.000000,0.000000,2,5240
5242,NODE,n5242,2,n340,n1557,1,4.000000,6.000000,2.000000,4,1.00,NAND2_X1,0.931035,2.000000,340,1557
5243,NODE,n5243,2,n5241,n5242,1,7.000000,7.000000,0.000000,7,1.00,NAND2_X1,1.000000,0.000000,5241,5242
5244,NODE,n5244,2,n90,n5243,1,8.000000,8.000000,0.000000,8,1.00,NAND2_X1,1.000000,0.000000,90,5243
5245,NODE,n5245,2,n341,n5244,1,9.000000,9.000000,0.000000,9,1.00,NAND2_X1,1.000000,0.000000,341,5244
5246,NODE,n5246,2,pi09,n5245,1,10.000000,10.000000,0.000000,10,1.00,AND2_X1,1.000000,0.000000,10,5245
5247,NODE,n5247,2,pi04,n5246,1,11.000000,11.000000,0.000000,11,1.00,NAND2_X1,1.000000,0.000000,5,5246
5248,NODE,n5248,2,n5237,n5247,1,12.000000,12.000000,0.000000,12,1.00,NAND2_X1,1.000000,0.000000,5237,5247
5249,NODE,n5249,2,n78,n5248,1,13.000000,13.000000,0.000000,13,1.00,NAND2_X1,1.000000,0.000000,78,5248
5250,NODE,n5250,2,pi01,n3359,1,6.000000,6.000000,0.000000,6,1.00,NAND2_X1,1.000000,0.000000,2,3359
5251,NODE,n5251,2,n138,n5114,1,6.000000,6.000000,0.000000,6,1.00,NAND2_X1,1.000000,0.000000,138,5114
5252,NODE,n5252,2,n5250,n5251,1,7.000000,7.000000,0.000000,7,1.00,NAND2_X1,1.000000,0.000000,5250,5251
5253,NODE,n5253,2,n790,n5252,1,8.000000,8.000000,0.000000,8,1.00,NAND2_X1,1.000000,0.000000,790,5252
5254,NODE,n5254,2,pi15,n3005,1,4.000000,6.000000,2.000000,4,1.00,AND2_X1,0.931035,2.000000,16,3005
5255,NODE,n5255,2,n54,n5254,1,5.000000,7.000000,2.000000,5,1.00,AND2_X1,0.931035,2.000000,54,5254
5256,NODE,n5256,2,pi01,n5255,1,6.000000,8.000000,2.000000,6,1.00,NAND2_X1,0.931035,2.000000,2,5255
5257,NODE,n5257,2,n5253,n5256,1,9.000000,9.000000,0.000000,9,1.00,NAND2_X1,1.000000,0.000000,5253,5256
5258,NODE,n5258,2,pi02,n5257,1,10.000000,10.000000,0.000000,10,1.00,NAND2_X1,1.000000,0.000000,3,5257
5259,NODE,n5259,2,n90,n1557,1,4.000000,4.000000,0.000000,4,1.00,NAND2_X1,1.000000,0.000000,90,1557
5260,NODE,n5260,2,n337,n5259,1,5.000000,5.000000,0.000000,5,1.00,NAND2_X1,1.000000,0.000000,337,5259
5261,NODE,n5261,2,n138,n5260,1,6.000000,6.000000,0.000000,6,1.00,NAND2_X1,1.000000,0.000000,138,5260
5262,NODE,n5262,2,n713,n1183,1,4.000000,6.000000,2.000000,4,1.00,NAND2_X1,0.931035,2.000000,713,1183
5263,NODE,n5263,2,n5261,n5262,1,7.000000,7.000000,0.000000,7,1.00,NAND2_X1,1.000000,0.000000,5261,5262
5264,NODE,n5264,2,pi04,n5263,1,8.000000,8.000000,0.000000,8,1.00,NAND2_X1,1.000000,0.000000,5,5263
5265,NODE,n5265,2,n1909,n4888,1,6.000000,8.000000,2.000000,6,1.00,NAND2_X1,0.931035,2.000000,1909,4888
5266,NODE,n5266,2,n5264,n5265,1,9.000000,9.000000,0.000000,9,1.00,NAND2_X1,1.000000,0.000000,5264,5265
5267,NODE,n5267,2,n154,n5266,1,10.000000,10.000000,0.000000,10,1.00,NAND2_X1,1.000000,0.000000,154,5266
5268,NODE,n5268,2,n5258,n5267,1,11.000000,11.000000,0.000000,11,1.00,NAND2_X1,1.000000,0.000000,5258,5267
5269,NODE,n5269,2,pi09,n5268,1,12.000000,12.000000,0.000000,12,1.00,AND2_X1,1.000000,0.000000,10,5268
5270,NODE,n5270,2,pi00,n5269,1,13.000000,13.000000,0.000000,13,1.00,NAND2_X1,1.000000,0.000000,1,5269
5271,NODE,n5271,2,n5249,n5270,1,14.000000,14.000000,0.000000,14,1.00,NAND2_X1,1.000000,0.000000,5249,5270
5272,NODE,n5272,2,pi06,n5271,1,15.000000,15.000000,0.000000,15,1.00,NAND2_X1,1.000000,0.000000,7,5271
5273,NODE,n5273,2,pi02,n274,1,3.000000,4.000000,1.000000,3,1.00,NAND2_X1,0.965517,1.000000,3,274
5274,NODE,n5274,2,n193,n5273,2,5.000000,5.000000,0.000000,5,1.00,NAND2_X1,1.000000,0.000000,193,5273
5275,NODE,n5275,2,pi15,n5274,1,6.000000,6.000000,0.000000,6,1.00,AND2_X1,1.000000,0.000000,16,5274
5276,NODE,n5276,2,pi01,n5275,1,7.000000,7.000000,0.000000,7,1.00,NAND2_X1,1.000000,0.000000,2,5275
5277,NODE,n5277,1,n1724,,1,5.000000,6.000000,1.000000,5,1.00,INV_X1,0.965517,1.000000,1724,-1
5278,NODE,n5278,2,pi01,n5277,1,6.000000,7.000000,1.000000,6,1.00,NAND2_X1,0.965517,1.000000,2,5277
5279,NODE,n5279,2,n5276,n5278,1,8.000000,8.000000,0.000000,8,1.00,AND2_X1,1.000000,0.000000,5276,5278
5280,NODE,n5280,1,n1725,,1,5.000000,7.000000,2.000000,5,1.00,INV_X1,0.931035,2.000000,1725,-1
5281,NODE,n5281,2,n138,n5280,1,6.000000,8.000000,2.000000,6,1.00,NAND2_X1,0.931035,2.000000,138,5280
5282,NODE,n5282,2,n5279,n5281,1,9.000000,9.000000,0.000000,9,1.00,NAND2_X1,1.000000,0.000000,5279,5281
5283,NODE,n5283,2,pi00,n5282,1,10.000000,10.000000,0.000000,10,1.00,NAND2_X1,1.000000,0.000000,1,5282
5284,NODE,n5284,2,pi01,n5274,1,6.000000,6.000000,0.000000,6,1.00,NAND2_X1,1.000000,0.000000,2,5274
5285,NODE,n5285,2,n116,n177,2,4.000000,6.000000,2.000000,4,1.00,NAND2_X1,0.931035,2.000000,116,177
5286,NODE,n5286,2,n5284,n5285,1,7.000000,7.000000,0.000000,7,1.00,NAND2_X1,1.000000,0.000000,5284,5285
5287,NODE,n5287,2,pi15,n5286,1,8.000000,8.000000,0.000000,8,1.00,NAND2_X1,1.000000,0.000000,16,5286
5288,NODE,n5288,2,n790,n1670,1,4.000000,7.000000,3.000000,4,1.00,AND2_X1,0.896552,3.000000,790,1670
5289,NODE,n5289,2,n340,n5288,1,5.000000,8.000000,3.000000,5,1.00,NAND2_X1,0.896552,3.000000,340,5288
5290,NODE,n5290,2,n5287,n5289,1,9.000000,9.000000,0.000000,9,1.00,NAND2_X1,1.000000,0.000000,5287,5289
5291,NODE,n5291,2,n78,n5290,1,10.000000,10.000000,0.000000,10,1.00,NAND2_X1,1.000000,0.000000,78,5290
5292,NODE,n5292,2,n5283,n5291,1,11.000000,11.000000,0.000000,11,1.00,NAND2_X1,1.000000,0.000000,5283,5291
5293,NODE,n5293,2,n90,n5292,1,12.000000,12.000000,0.000000,12,1.00,NAND2_X1,1.000000,0.000000,90,5292
5294,NODE,n5294,2,n154,n274,1,3.000000,6.000000,3.000000,3,1.00,NAND2_X1,0.896552,3.000000,154,274
5295,NODE,n5295,2,pi02,n116,1,4.000000,6.000000,2.000000,4,1.00,NAND2_X1,0.931035,2.000000,3,116
5296,NODE,n5296,2,n5294,n5295,1,5.000000,7.000000,2.000000,5,1.00,NAND2_X1,0.931035,2.000000,5294,5295
5297,NODE,n5297,2,pi00,n5296,1,6.000000,8.000000,2.000000,6,1.00,NAND2_X1,0.931035,2.000000,1,5296
5298,NODE,n5298,2,n274,n860,1,4.000000,8.000000,4.000000,4,1.00,NAND2_X1,0.862069,4.000000,274,860
5299,NODE,n5299,2,n5297,n5298,1,7.000000,9.000000,2.000000,7,1.00,NAND2_X1,0.931035,2.000000,5297,5298
5300,NODE,n5300,2,n4506,n5299,1,8.000000,10.000000,2.000000,8,1.00,NAND2_X1,0.931035,2.000000,4506,5299
5301,NODE,n5301,2,pi05,n1820,1,4.000000,7.000000,3.000000,4,1.00,AND2_X1,0.896552,3.000000,6,1820
5302,NODE,n5302,2,n54,n5301,1,5.000000,8.000000,3.000000,5,1.00,AND2_X1,0.896552,3.000000,54,5301
5303,NODE,n5303,2,n154,n5302,1,6.000000,9.000000,3.000000,6,1.00,AND2_X1,0.896552,3.000000,154,5302
5304,NODE,n5304,2,n138,n5303,1,7.000000,10.000000,3.000000,7,1.00,NAND2_X1,0.896552,3.000000,138,5303
5305,NODE,n5305,2,n5300,n5304,1,9.000000,11.000000,2.000000,9,1.00,NAND2_X1,0.931035,2.000000,5300,5304
5306,NODE,n5306,2,pi03,n5305,1,10.000000,12.000000,2.000000,10,1.00,NAND2_X1,0.931035,2.000000,4,5305
5307,NODE,n5307,2,n5293,n5306,1,13.000000,13.000000,0.000000,13,1.00,NAND2_X1,1.000000,0.000000,5293,5306
5308,NODE,n5308,2,pi09,n5307,1,14.000000,14.000000,0.000000,14,1.00,AND2_X1,1.000000,0.000000,10,5307
5309,NODE,n5309,2,n368,n5308,1,15.000000,15.000000,0.000000,15,1.00,NAND2_X1,1.000000,0.000000,368,5308
5310,NODE,n5310,2,n5272,n5309,1,16.000000,16.000000,0.000000,16,1.00,NAND2_X1,1.000000,0.000000,5272,5309
5311,NODE,n5311,2,pi07,n5310,1,17.000000,17.000000,0.000000,17,1.00,NAND2_X1,1.000000,0.000000,8,5310
5312,NODE,n5312,2,pi04,n1126,2,4.000000,4.000000,0.000000,4,1.00,NAND2_X1,1.000000,0.000000,5,1126
5313,NODE,n5313,2,n54,n1991,3,4.000000,4.000000,0.000000,4,1.00,NAND2_X1,1.000000,0.000000,54,1991
5314,NODE,n5314,2,n5312,n5313,3,5.000000,5.000000,0.000000,5,1.00,NAND2_X1,1.000000,0.000000,5312,5313
5315,NODE,n5315,2,pi01,n5314,1,6.000000,6.000000,0.000000,6,1.00,NAND2_X1,1.000000,0.000000,2,5314
5316,NODE,n5316,2,n1954,n2008,2,4.000000,6.000000,2.000000,4,1.00,NAND2_X1,0.931035,2.000000,1954,2008
5317,NODE,n5317,2,n5315,n5316,1,7.000000,7.000000,0.000000,7,1.00,NAND2_X1,1.000000,0.000000,5315,5316
5318,NODE,n5318,2,n34,n5317,1,8.000000,8.000000,0.000000,8,1.00,NAND2_X1,1.000000,0.000000,34,5317
5319,NODE,n5319,2,n3111,n3735,1,6.000000,8.000000,2.000000,6,1.00,NAND2_X1,0.931035,2.000000,3111,3735
5320,NODE,n5320,2,n5318,n5319,1,9.000000,9.000000,0.000000,9,1.00,NAND2_X1,1.000000,0.000000,5318,5319
5321,NODE,n5321,2,n90,n5320,1,10.000000,10.000000,0.000000,10,1.00,NAND2_X1,1.000000,0.000000,90,5320
5322,NODE,n5322,2,n2835,n3180,1,5.000000,10.000000,5.000000,5,1.00,NAND2_X1,0.827586,5.000000,2835,3180
5323,NODE,n5323,2,n5321,n5322,1,11.000000,11.000000,0.000000,11,1.00,NAND2_X1,1.000000,0.000000,5321,5322
5324,NODE,n5324,2,pi00,n5323,1,12.000000,12.000000,0.000000,12,1.00,NAND2_X1,1.000000,0.000000,1,5323
5325,NODE,n5325,2,n1059,n5313,1,5.000000,7.000000,2.000000,5,1.00,NAND2_X1,0.931035,2.000000,1059,5313
5326,NODE,n5326,2,pi01,n5325,1,6.000000,8.000000,2.000000,6,1.00,NAND2_X1,0.931035,2.000000,2,5325
5327,NODE,n5327,2,n5316,n5326,1,7.000000,9.000000,2.000000,7,1.00,NAND2_X1,0.931035,2.000000,5316,5326
5328,NODE,n5328,2,n34,n5327,1,8.000000,10.000000,2.000000,8,1.00,AND2_X1,0.931035,2.000000,34,5327
5329,NODE,n5329,2,n90,n5328,1,9.000000,11.000000,2.000000,9,1.00,AND2_X1,0.931035,2.000000,90,5328
5330,NODE,n5330,2,n78,n5329,1,10.000000,12.000000,2.000000,10,1.00,NAND2_X1,0.931035,2.000000,78,5329
5331,NODE,n5331,2,n5324,n5330,1,13.000000,13.000000,0.000000,13,1.00,NAND2_X1,1.000000,0.000000,5324,5330
5332,NODE,n5332,2,n154,n5331,1,14.000000,14.000000,0.000000,14,1.00,NAND2_X1,1.000000,0.000000,154,5331
5333,NODE,n5333,2,n138,n2696,1,2.000000,4.000000,2.000000,2,1.00,NAND2_X1,0.931035,2.000000,138,2696
5334,NODE,n5334,2,pi01,n435,1,4.000000,4.000000,0.000000,4,1.00,NAND2_X1,1.000000,0.000000,2,435
5335,NODE,n5335,2,n5333,n5334,1,5.000000,5.000000,0.000000,5,1.00,NAND2_X1,1.000000,0.000000,5333,5334
5336,NODE,n5336,2,pi00,n5335,1,6.000000,6.000000,0.000000,6,1.00,NAND2_X1,1.000000,0.000000,1,5335
5337,NODE,n5337,2,n435,n653,1,4.000000,6.000000,2.000000,4,1.00,NAND2_X1,0.931035,2.000000,435,653
5338,NODE,n5338,2,n5336,n5337,1,7.000000,7.000000,0.000000,7,1.00,NAND2_X1,1.000000,0.000000,5336,5337
5339,NODE,n5339,2,n790,n5338,1,8.000000,8.000000,0.000000,8,1.00,NAND2_X1,1.000000,0.000000,790,5338
5340,NODE,n5340,2,pi04,n1954,1,3.000000,7.000000,4.000000,3,1.00,AND2_X1,0.862069,4.000000,5,1954
5341,NODE,n5341,2,n653,n5340,1,4.000000,8.000000,4.000000,4,1.00,NAND2_X1,0.862069,4.000000,653,5340
5342,NODE,n5342,2,n5339,n5341,1,9.000000,9.000000,0.000000,9,1.00,NAND2_X1,1.000000,0.000000,5339,5341
5343,NODE,n5343,2,pi03,n5342,1,10.000000,10.000000,0.000000,10,1.00,NAND2_X1,1.000000,0.000000,4,5342
5344,NODE,n5344,1,n5313,,1,5.000000,9.000000,4.000000,5,1.00,INV_X1,0.862069,4.000000,5313,-1
5345,NODE,n5345,2,n78,n189,1,4.000000,9.000000,5.000000,4,1.00,AND2_X1,0.827586,5.000000,78,189
5346,NODE,n5346,2,n5344,n5345,1,6.000000,10.000000,4.000000,6,1.00,NAND2_X1,0.862069,4.000000,5344,5345
5347,NODE,n5347,2,n5343,n5346,1,11.000000,11.000000,0.000000,11,1.00,NAND2_X1,1.000000,0.000000,5343,5346
5348,NODE,n5348,2,n34,n5347,1,12.000000,12.000000,0.000000,12,1.00,NAND2_X1,1.000000,0.000000,34,5347
5349,NODE,n5349,1,n1127,,1,5.000000,11.000000,6.000000,5,1.00,INV_X1,0.793103,6.000000,1127,-1
5350,NODE,n5350,2,n5349,n3227,1,6.000000,12.000000,6.000000,6,1.00,NAND2_X1,0.793103,6.000000,5349,3227
5351,NODE,n5351,2,n5348,n5350,1,13.000000,13.000000,0.000000,13,1.00,NAND2_X1,1.000000,0.000000,5348,5350
5352,NODE,n5352,2,pi02,n5351,1,14.000000,14.000000,0.000000,14,1.00,NAND2_X1,1.000000,0.000000,3,5351
5353,NODE,n5353,2,n5332,n5352,1,15.000000,15.000000,0.000000,15,1.00,NAND2_X1,1.000000,0.000000,5332,5352
5354,NODE,n5354,2,pi09,n5353,1,16.000000,16.000000,0.000000,16,1.00,AND2_X1,1.000000,0.000000,10,5353
5355,NODE,n5355,2,n61,n5354,1,17.000000,17.000000,0.000000,17,1.00,NAND2_X1,1.000000,0.000000,61,5354
5356,NODE,n5356,2,n5311,n5355,1,18.000000,18.000000,0.000000,18,1.00,NAND2_X1,1.000000,0.000000,5311,5355
5357,NODE,n5357,2,pi08,n5356,1,19.000000,19.000000,0.000000,19,1.00,NAND2_X1,1.000000,0.000000,9,5356
5358,NODE,n5358,2,n379,n3412,1,4.000000,8.000000,4.000000,4,1.00,AND2_X1,0.862069,4.000000,379,3412
5359,NODE,n5359,2,n138,n5358,1,5.000000,9.000000,4.000000,5,1.00,NAND2_X1,0.862069,4.000000,138,5358
5360,NODE,n5360,2,n90,n450,1,4.000000,8.000000,4.000000,4,1.00,AND2_X1,0.862069,4.000000,90,450
5361,NODE,n5361,2,n1701,n5360,1,5.000000,9.000000,4.000000,5,1.00,NAND2_X1,0.862069,4.000000,1701,5360
5362,NODE,n5362,2,n5359,n5361,1,6.000000,10.000000,4.000000,6,1.00,NAND2_X1,0.862069,4.000000,5359,5361
5363,NODE,n5363,2,n790,n5362,1,7.000000,11.000000,4.000000,7,1.00,AND2_X1,0.862069,4.000000,790,5362
5364,NODE,n5364,2,n54,n5363,1,8.000000,12.000000,4.000000,8,1.00,NAND2_X1,0.862069,4.000000,54,5363
5365,NODE,n5365,2,pi15,n1146,1,4.000000,8.000000,4.000000,4,1.00,AND2_X1,0.862069,4.000000,16,1146
5366,NODE,n5366,2,pi04,n5365,1,5.000000,9.000000,4.000000,5,1.00,AND2_X1,0.862069,4.000000,5,5365
5367,NODE,n5367,2,n90,n5366,1,6.000000,10.000000,4.000000,6,1.00,AND2_X1,0.862069,4.000000,90,5366
5368,NODE,n5368,2,pi02,n5367,1,7.000000,11.000000,4.000000,7,1.00,AND2_X1,0.862069,4.000000,3,5367
5369,NODE,n5369,2,pi01,n5368,1,8.000000,12.000000,4.000000,8,1.00,NAND2_X1,0.862069,4.000000,2,5368
5370,NODE,n5370,2,n5364,n5369,1,9.000000,13.000000,4.000000,9,1.00,NAND2_X1,0.862069,4.000000,5364,5369
5371,NODE,n5371,2,pi00,n5370,1,10.000000,14.000000,4.000000,10,1.00,NAND2_X1,0.862069,4.000000,1,5370
5372,NODE,n5372,2,pi03,n5314,1,6.000000,9.000000,3.000000,6,1.00,AND2_X1,0.896552,3.000000,4,5314
5373,NODE,n5373,2,n154,n5372,1,7.000000,10.000000,3.000000,7,1.00,AND2_X1,0.896552,3.000000,154,5372
5374,NODE,n5374,2,n138,n5373,1,8.000000,11.000000,3.000000,8,1.00,NAND2_X1,0.896552,3.000000,138,5373
5375,NODE,n5375,1,n4761,,2,5.000000,10.000000,5.000000,5,1.00,INV_X1,0.827586,5.000000,4761,-1
5376,NODE,n5376,1,n5312,,1,5.000000,10.000000,5.000000,5,1.00,INV_X1,0.827586,5.000000,5312,-1
5377,NODE,n5377,2,n5375,n5376,1,6.000000,11.000000,5.000000,6,1.00,NAND2_X1,0.827586,5.000000,5375,5376
5378,NODE,n5378,2,n5374,n5377,1,9.000000,12.000000,3.000000,9,1.00,NAND2_X1,0.896552,3.000000,5374,5377
5379,NODE,n5379,2,pi05,n5378,1,10.000000,13.000000,3.000000,10,1.00,AND2_X1,0.896552,3.000000,6,5378
5380,NODE,n5380,2,n78,n5379,1,11.000000,14.000000,3.000000,11,1.00,NAND2_X1,0.896552,3.000000,78,5379
5381,NODE,n5381,2,n5371,n5380,1,12.000000,15.000000,3.000000,12,1.00,NAND2_X1,0.896552,3.000000,5371,5380
5382,NODE,n5382,2,pi07,n5381,1,13.000000,16.000000,3.000000,13,1.00,NAND2_X1,0.896552,3.000000,8,5381
5383,NODE,n5383,2,pi01,n986,1,4.000000,5.000000,1.000000,4,1.00,NAND2_X1,0.965517,1.000000,2,986
5384,NODE,n5384,2,n138,n3339,1,4.000000,5.000000,1.000000,4,1.00,NAND2_X1,0.965517,1.000000,138,3339
5385,NODE,n5385,2,n5383,n5384,1,5.000000,6.000000,1.000000,5,1.00,NAND2_X1,0.965517,1.000000,5383,5384
5386,NODE,n5386,2,pi00,n5385,1,6.000000,7.000000,1.000000,6,1.00,NAND2_X1,0.965517,1.000000,1,5385
5387,NODE,n5387,2,n619,n3339,1,4.000000,7.000000,3.000000,4,1.00,NAND2_X1,0.896552,3.000000,619,3339
5388,NODE,n5388,2,n5386,n5387,1,7.000000,8.000000,1.000000,7,1.00,NAND2_X1,0.965517,1.000000,5386,5387
5389,NODE,n5389,2,pi06,n5388,1,8.000000,9.000000,1.000000,8,1.00,AND2_X1,0.965517,1.000000,7,5388
5390,NODE,n5390,2,pi04,n5389,1,9.000000,10.000000,1.000000,9,1.00,NAND2_X1,0.965517,1.000000,5,5389
5391,NODE,n5391,2,n4556,n5390,1,10.000000,11.000000,1.000000,10,1.00,NAND2_X1,0.965517,1.000000,4556,5390
5392,NODE,n5392,2,pi05,n5391,1,11.000000,12.000000,1.000000,11,1.00,NAND2_X1,0.965517,1.000000,6,5391
5393,NODE,n5393,2,n116,n1126,2,4.000000,11.000000,7.000000,4,1.00,AND2_X1,0.758621,7.000000,116,1126
5394,NODE,n5394,2,n1926,n5393,1,5.000000,12.000000,7.000000,5,1.00,NAND2_X1,0.758621,7.000000,1926,5393
5395,NODE,n5395,2,n5392,n5394,1,12.000000,13.000000,1.000000,12,1.00,NAND2_X1,0.965517,1.000000,5392,5394
5396,NODE,n5396,2,pi03,n5395,1,13.000000,14.000000,1.000000,13,1.00,NAND2_X1,0.965517,1.000000,4,5395
5397,NODE,n5397,2,n594,n1954,1,4.000000,13.000000,9.000000,4,1.00,AND2_X1,0.689655,9.000000,594,1954
5398,NODE,n5398,2,n654,n5397,1,5.000000,14.000000,9.000000,5,1.00,NAND2_X1,0.689655,9.000000,654,5397
5399,NODE,n5399,2,n5396,n5398,1,14.000000,15.000000,1.000000,14,1.00,NAND2_X1,0.965517,1.000000,5396,5398
5400,NODE,n5400,2,n61,n5399,1,15.000000,16.000000,1.000000,15,1.00,NAND2_X1,0.965517,1.000000,61,5399
5401,NODE,n5401,2,n5382,n5400,1,16.000000,17.000000,1.000000,16,1.00,NAND2_X1,0.965517,1.000000,5382,5400
5402,NODE,n5402,2,pi09,n5401,1,17.000000,18.000000,1.000000,17,1.00,AND2_X1,0.965517,1.000000,10,5401
5403,NODE,n5403,2,n35,n5402,1,18.000000,19.000000,1.000000,18,1.00,NAND2_X1,0.965517,1.000000,35,5402
5404,NODE,n5404,2,n5357,n5403,1,20.000000,20.000000,0.000000,20,1.00,AND2_X1,1.000000,0.000000,5357,5403
5405,NODE,n5405,2,n5222,n5404,1,21.000000,21.000000,0.000000,21,1.00,NAND2_X1,1.000000,0.000000,5222,5404
5406,NODE,n5406,2,pi10,n5405,1,22.000000,22.000000,0.000000,22,1.00,NAND2_X1,1.000000,0.000000,11,5405
5407,NODE,n5407,2,n3304,n5406,1,23.000000,23.000000,0.000000,23,1.00,AND2_X1,1.000000,0.000000,3304,5406
5408,NODE,n5408,2,n5152,n5407,1,24.000000,24.000000,0.000000,24,1.00,NAND2_X1,1.000000,0.000000,5152,5407
5409,NODE,n5409,2,n44,n5408,1,25.000000,25.000000,0.000000,25,1.00,AND2_X1,1.000000,0.000000,44,5408
5410,NODE,n5410,2,pi13,n5409,1,26.000000,26.000000,0.000000,26,1.00,AND2_X1,1.000000,0.000000,14,5409
5411,NODE,n5411,2,pi12,n5410,1,27.000000,27.000000,0.000000,27,1.00,AND2_X1,1.000000,0.000000,13,5410
5412,NODE,n5412,2,pi11,n5411,1,28.000000,28.000000,0.000000,28,1.00,NAND2_X1,1.000000,0.000000,12,5411
5413,NODE,n5413,2,n5014,n5412,1,29.000000,29.000000,0.000000,29,1.00,NAND2_X1,1.000000,0.000000,5014,5412
5414,NODE,n5414,2,n91,n4715,1,3.000000,14.000000,11.000000,3,1.00,AND2_X1,0.620690,11.000000,91,4715
5415,NODE,n5415,2,n961,n5414,1,5.000000,15.000000,10.000000,5,1.00,NAND2_X1,0.655172,10.000000,961,5414
5416,NODE,n5416,2,n878,n1502,1,6.000000,13.000000,7.000000,6,1.00,NAND2_X1,0.758621,7.000000,878,1502
5417,NODE,n5417,2,n69,n5416,1,7.000000,14.000000,7.000000,7,1.00,NAND2_X1,0.758621,7.000000,69,5416
5418,NODE,n5418,2,pi15,n5417,1,8.000000,15.000000,7.000000,8,1.00,NAND2_X1,0.758621,7.000000,16,5417
5419,NODE,n5419,2,n5415,n5418,1,9.000000,16.000000,7.000000,9,1.00,NAND2_X1,0.758621,7.000000,5415,5418
5420,NODE,n5420,2,n90,n5419,1,10.000000,17.000000,7.000000,10,1.00,NAND2_X1,0.758621,7.000000,90,5419
5421,NODE,n5421,2,pi03,n1414,1,6.000000,17.000000,11.000000,6,1.00,NAND2_X1,0.620690,11.000000,4,1414
5422,NODE,n5422,2,n5420,n5421,1,11.000000,18.000000,7.000000,11,1.00,NAND2_X1,0.758621,7.000000,5420,5421
5423,NODE,n5423,2,n154,n5422,1,12.000000,19.000000,7.000000,12,1.00,NAND2_X1,0.758621,7.000000,154,5422
5424,NODE,n5424,2,pi02,n1414,1,6.000000,19.000000,13.000000,6,1.00,NAND2_X1,0.551724,13.000000,3,1414
5425,NODE,n5425,2,n5423,n5424,1,13.000000,20.000000,7.000000,13,1.00,NAND2_X1,0.758621,7.000000,5423,5424
5426,NODE,n5426,2,n61,n5425,1,14.000000,21.000000,7.000000,14,1.00,NAND2_X1,0.758621,7.000000,61,5425
5427,NODE,n5427,2,n35,n1414,1,6.000000,20.000000,14.000000,6,1.00,AND2_X1,0.517241,14.000000,35,1414
5428,NODE,n5428,2,pi07,n5427,1,7.000000,21.000000,14.000000,7,1.00,NAND2_X1,0.517241,14.000000,8,5427
5429,NODE,n5429,2,n5426,n5428,1,15.000000,22.000000,7.000000,15,1.00,NAND2_X1,0.758621,7.000000,5426,5428
5430,NODE,n5430,2,n62,n5429,1,16.000000,23.000000,7.000000,16,1.00,NAND2_X1,0.758621,7.000000,62,5429
5431,NODE,n5431,2,n2286,n4146,1,4.000000,15.000000,11.000000,4,1.00,NAND2_X1,0.620690,11.000000,2286,4146
5432,NODE,n5432,2,n3298,n5431,1,5.000000,16.000000,11.000000,5,1.00,NAND2_X1,0.620690,11.000000,3298,5431
5433,NODE,n5433,2,n44,n5432,1,6.000000,17.000000,11.000000,6,1.00,AND2_X1,0.620690,11.000000,44,5432
5434,NODE,n5434,2,pi13,n5433,1,7.000000,18.000000,11.000000,7,1.00,AND2_X1,0.620690,11.000000,14,5433
5435,NODE,n5435,2,pi12,n5434,1,8.000000,19.000000,11.000000,8,1.00,AND2_X1,0.620690,11.000000,13,5434
5436,NODE,n5436,2,pi11,n5435,1,9.000000,20.000000,11.000000,9,1.00,AND2_X1,0.620690,11.000000,12,5435
5437,NODE,n5437,2,pi09,n5436,1,10.000000,21.000000,11.000000,10,1.00,AND2_X1,0.620690,11.000000,10,5436
5438,NODE,n5438,2,pi08,n5437,1,11.000000,22.000000,11.000000,11,1.00,AND2_X1,0.620690,11.000000,9,5437
5439,NODE,n5439,2,pi07,n5438,1,12.000000,23.000000,11.000000,12,1.00,NAND2_X1,0.620690,11.000000,8,5438
5440,NODE,n5440,2,n5430,n5439,1,17.000000,24.000000,7.000000,17,1.00,AND2_X1,0.758621,7.000000,5430,5439
5441,NODE,n5441,2,n127,n755,1,4.000000,14.000000,10.000000,4,1.00,AND2_X1,0.655172,10.000000,127,755
5442,NODE,n5442,2,n70,n5441,1,5.000000,15.000000,10.000000,5,1.00,NAND2_X1,0.655172,10.000000,70,5441
5443,NODE,n5443,2,n2118,n5442,1,7.000000,16.000000,9.000000,7,1.00,NAND2_X1,0.689655,9.000000,2118,5442
5444,NODE,n5444,2,pi01,n5443,1,8.000000,17.000000,9.000000,8,1.00,NAND2_X1,0.689655,9.000000,2,5443
5445,NODE,n5445,2,n177,n4064,1,4.000000,16.000000,12.000000,4,1.00,AND2_X1,0.586207,12.000000,177,4064
5446,NODE,n5446,2,n70,n5445,1,5.000000,17.000000,12.000000,5,1.00,NAND2_X1,0.586207,12.000000,70,5445
5447,NODE,n5447,2,n5444,n5446,1,9.000000,18.000000,9.000000,9,1.00,NAND2_X1,0.689655,9.000000,5444,5446
5448,NODE,n5448,2,pi09,n5447,1,10.000000,19.000000,9.000000,10,1.00,NAND2_X1,0.689655,9.000000,10,5447
5449,NODE,n5449,2,pi01,n35,1,2.000000,8.000000,6.000000,2,1.00,NAND2_X1,0.793103,6.000000,2,35
5450,NODE,n5450,2,n725,n5449,1,5.000000,9.000000,4.000000,5,1.00,NAND2_X1,0.862069,4.000000,725,5449
5451,NODE,n5451,2,pi02,n5450,1,6.000000,10.000000,4.000000,6,1.00,NAND2_X1,0.862069,4.000000,3,5450
5452,NODE,n5452,1,n4228,,1,5.000000,9.000000,4.000000,5,1.00,INV_X1,0.862069,4.000000,4228,-1
5453,NODE,n5453,2,n154,n5452,2,6.000000,10.000000,4.000000,6,1.00,NAND2_X1,0.862069,4.000000,154,5452
5454,NODE,n5454,2,n5451,n5453,1,7.000000,11.000000,4.000000,7,1.00,NAND2_X1,0.862069,4.000000,5451,5453
5455,NODE,n5455,2,pi03,n5454,1,8.000000,12.000000,4.000000,8,1.00,NAND2_X1,0.862069,4.000000,4,5454
5456,NODE,n5456,2,n90,n689,1,4.000000,11.000000,7.000000,4,1.00,AND2_X1,0.758621,7.000000,90,689
5457,NODE,n5457,2,n1701,n5456,1,5.000000,12.000000,7.000000,5,1.00,NAND2_X1,0.758621,7.000000,1701,5456
5458,NODE,n5458,2,n5455,n5457,1,9.000000,13.000000,4.000000,9,1.00,NAND2_X1,0.862069,4.000000,5455,5457
5459,NODE,n5459,2,pi14,n5458,1,10.000000,14.000000,4.000000,10,1.00,AND2_X1,0.862069,4.000000,15,5458
5460,NODE,n5460,2,n40,n5459,1,11.000000,15.000000,4.000000,11,1.00,AND2_X1,0.862069,4.000000,40,5459
5461,NODE,n5461,2,n39,n5460,1,12.000000,16.000000,4.000000,12,1.00,AND2_X1,0.862069,4.000000,39,5460
5462,NODE,n5462,2,n36,n5461,1,13.000000,17.000000,4.000000,13,1.00,AND2_X1,0.862069,4.000000,36,5461
5463,NODE,n5463,2,n33,n5462,1,14.000000,18.000000,4.000000,14,1.00,AND2_X1,0.862069,4.000000,33,5462
5464,NODE,n5464,2,n62,n5463,1,15.000000,19.000000,4.000000,15,1.00,NAND2_X1,0.862069,4.000000,62,5463
5465,NODE,n5465,2,n5448,n5464,1,16.000000,20.000000,4.000000,16,1.00,NAND2_X1,0.862069,4.000000,5448,5464
5466,NODE,n5466,2,pi15,n5465,1,17.000000,21.000000,4.000000,17,1.00,NAND2_X1,0.862069,4.000000,16,5465
5467,NODE,n5467,2,pi02,n2109,1,4.000000,9.000000,5.000000,4,1.00,AND2_X1,0.827586,5.000000,3,2109
5468,NODE,n5468,2,pi01,n5467,1,5.000000,10.000000,5.000000,5,1.00,NAND2_X1,0.827586,5.000000,2,5467
5469,NODE,n5469,2,n340,n1518,1,4.000000,10.000000,6.000000,4,1.00,NAND2_X1,0.793103,6.000000,340,1518
5470,NODE,n5470,2,n5468,n5469,1,6.000000,11.000000,5.000000,6,1.00,NAND2_X1,0.827586,5.000000,5468,5469
5471,NODE,n5471,2,n62,n5470,1,7.000000,12.000000,5.000000,7,1.00,NAND2_X1,0.827586,5.000000,62,5470
5472,NODE,n5472,2,pi01,n312,1,4.000000,12.000000,8.000000,4,1.00,NAND2_X1,0.724138,8.000000,2,312
5473,NODE,n5473,2,n5471,n5472,1,8.000000,13.000000,5.000000,8,1.00,NAND2_X1,0.827586,5.000000,5471,5472
5474,NODE,n5474,2,n35,n5473,1,9.000000,14.000000,5.000000,9,1.00,NAND2_X1,0.827586,5.000000,35,5473
5475,NODE,n5475,2,n64,n3412,1,4.000000,12.000000,8.000000,4,1.00,AND2_X1,0.724138,8.000000,64,3412
5476,NODE,n5476,2,n61,n5475,1,5.000000,13.000000,8.000000,5,1.00,AND2_X1,0.724138,8.000000,61,5475
5477,NODE,n5477,2,n138,n5476,1,6.000000,14.000000,8.000000,6,1.00,NAND2_X1,0.724138,8.000000,138,5476
5478,NODE,n5478,2,n5474,n5477,1,10.000000,15.000000,5.000000,10,1.00,NAND2_X1,0.827586,5.000000,5474,5477
5479,NODE,n5479,2,n790,n5478,1,11.000000,16.000000,5.000000,11,1.00,AND2_X1,0.827586,5.000000,790,5478
5480,NODE,n5480,2,pi14,n5479,1,12.000000,17.000000,5.000000,12,1.00,AND2_X1,0.827586,5.000000,15,5479
5481,NODE,n5481,2,n40,n5480,1,13.000000,18.000000,5.000000,13,1.00,AND2_X1,0.827586,5.000000,40,5480
5482,NODE,n5482,2,n39,n5481,1,14.000000,19.000000,5.000000,14,1.00,AND2_X1,0.827586,5.000000,39,5481
5483,NODE,n5483,2,n36,n5482,1,15.000000,20.000000,5.000000,15,1.00,AND2_X1,0.827586,5.000000,36,5482
5484,NODE,n5484,2,n33,n5483,1,16.000000,21.000000,5.000000,16,1.00,NAND2_X1,0.827586,5.000000,33,5483
5485,NODE,n5485,2,n5466,n5484,1,18.000000,22.000000,4.000000,18,1.00,NAND2_X1,0.862069,4.000000,5466,5484
5486,NODE,n5486,2,n54,n5485,1,19.000000,23.000000,4.000000,19,1.00,NAND2_X1,0.862069,4.000000,54,5485
5487,NODE,n5487,2,pi01,n920,1,4.000000,12.000000,8.000000,4,1.00,NAND2_X1,0.724138,8.000000,2,920
5488,NODE,n5488,2,n64,n177,1,4.000000,12.000000,8.000000,4,1.00,NAND2_X1,0.724138,8.000000,64,177
5489,NODE,n5489,2,n5487,n5488,1,5.000000,13.000000,8.000000,5,1.00,NAND2_X1,0.724138,8.000000,5487,5488
5490,NODE,n5490,2,n61,n5489,1,6.000000,14.000000,8.000000,6,1.00,NAND2_X1,0.724138,8.000000,61,5489
5491,NODE,n5491,1,n5453,,1,7.000000,13.000000,6.000000,7,1.00,INV_X1,0.793103,6.000000,5453,-1
5492,NODE,n5492,2,n62,n5491,1,8.000000,14.000000,6.000000,8,1.00,NAND2_X1,0.793103,6.000000,62,5491
5493,NODE,n5493,2,n5490,n5492,1,9.000000,15.000000,6.000000,9,1.00,NAND2_X1,0.793103,6.000000,5490,5492
5494,NODE,n5494,2,n1905,n5493,1,10.000000,16.000000,6.000000,10,1.00,NAND2_X1,0.793103,6.000000,1905,5493
5495,NODE,n5495,2,n334,n1797,1,5.000000,9.000000,4.000000,5,1.00,NAND2_X1,0.862069,4.000000,334,1797
5496,NODE,n5496,2,n35,n5495,1,6.000000,10.000000,4.000000,6,1.00,NAND2_X1,0.862069,4.000000,35,5495
5497,NODE,n5497,2,n82,n340,1,4.000000,10.000000,6.000000,4,1.00,NAND2_X1,0.793103,6.000000,82,340
5498,NODE,n5498,2,n5496,n5497,1,7.000000,11.000000,4.000000,7,1.00,NAND2_X1,0.862069,4.000000,5496,5497
5499,NODE,n5499,2,n62,n5498,1,8.000000,12.000000,4.000000,8,1.00,NAND2_X1,0.862069,4.000000,62,5498
5500,NODE,n5500,2,pi01,n2738,1,6.000000,12.000000,6.000000,6,1.00,NAND2_X1,0.793103,6.000000,2,2738
5501,NODE,n5501,2,n5499,n5500,1,9.000000,13.000000,4.000000,9,1.00,NAND2_X1,0.862069,4.000000,5499,5500
5502,NODE,n5502,2,n790,n5501,1,10.000000,14.000000,4.000000,10,1.00,AND2_X1,0.862069,4.000000,790,5501
5503,NODE,n5503,2,pi03,n5502,1,11.000000,15.000000,4.000000,11,1.00,NAND2_X1,0.862069,4.000000,4,5502
5504,NODE,n5504,2,n311,n586,1,5.000000,10.000000,5.000000,5,1.00,NAND2_X1,0.827586,5.000000,311,586
5505,NODE,n5505,2,pi01,n5504,1,6.000000,11.000000,5.000000,6,1.00,NAND2_X1,0.827586,5.000000,2,5504
5506,NODE,n5506,2,n340,n545,1,4.000000,11.000000,7.000000,4,1.00,NAND2_X1,0.758621,7.000000,340,545
5507,NODE,n5507,2,n5505,n5506,1,7.000000,12.000000,5.000000,7,1.00,NAND2_X1,0.827586,5.000000,5505,5506
5508,NODE,n5508,2,pi15,n5507,1,8.000000,13.000000,5.000000,8,1.00,AND2_X1,0.827586,5.000000,16,5507
5509,NODE,n5509,2,n35,n5508,1,9.000000,14.000000,5.000000,9,1.00,AND2_X1,0.827586,5.000000,35,5508
5510,NODE,n5510,2,n90,n5509,1,10.000000,15.000000,5.000000,10,1.00,NAND2_X1,0.827586,5.000000,90,5509
5511,NODE,n5511,2,n5503,n5510,1,12.000000,16.000000,4.000000,12,1.00,AND2_X1,0.862069,4.000000,5503,5510
5512,NODE,n5512,2,n5494,n5511,1,13.000000,17.000000,4.000000,13,1.00,NAND2_X1,0.862069,4.000000,5494,5511
5513,NODE,n5513,2,pi14,n5512,1,14.000000,18.000000,4.000000,14,1.00,AND2_X1,0.862069,4.000000,15,5512
5514,NODE,n5514,2,n40,n5513,1,15.000000,19.000000,4.000000,15,1.00,AND2_X1,0.862069,4.000000,40,5513
5515,NODE,n5515,2,n39,n5514,1,16.000000,20.000000,4.000000,16,1.00,AND2_X1,0.862069,4.000000,39,5514
5516,NODE,n5516,2,n36,n5515,1,17.000000,21.000000,4.000000,17,1.00,AND2_X1,0.862069,4.000000,36,5515
5517,NODE,n5517,2,n33,n5516,1,18.000000,22.000000,4.000000,18,1.00,AND2_X1,0.862069,4.000000,33,5516
5518,NODE,n5518,2,pi04,n5517,1,19.000000,23.000000,4.000000,19,1.00,NAND2_X1,0.862069,4.000000,5,5517
5519,NODE,n5519,2,n5486,n5518,1,20.000000,24.000000,4.000000,20,1.00,AND2_X1,0.862069,4.000000,5486,5518
5520,NODE,n5520,2,n5440,n5519,1,21.000000,25.000000,4.000000,21,1.00,AND2_X1,0.862069,4.000000,5440,5519
5521,NODE,n5521,2,n54,n1557,4,4.000000,5.000000,1.000000,4,1.00,AND2_X1,0.965517,1.000000,54,1557
5522,NODE,n5522,2,n755,n5521,1,5.000000,21.000000,16.000000,5,1.00,NAND2_X1,0.448276,16.000000,755,5521
5523,NODE,n5523,2,n1555,n2286,1,4.000000,21.000000,17.000000,4,1.00,NAND2_X1,0.413793,17.000000,1555,2286
5524,NODE,n5524,2,n5522,n5523,1,6.000000,22.000000,16.000000,6,1.00,NAND2_X1,0.448276,16.000000,5522,5523
5525,NODE,n5525,2,pi07,n2370,3,5.000000,5.000000,0.000000,5,1.00,NAND2_X1,1.000000,0.000000,8,2370
5526,NODE,n5526,2,n209,n715,1,6.000000,21.000000,15.000000,6,1.00,NAND2_X1,0.482759,15.000000,209,715
5527,NODE,n5527,2,n5525,n5526,1,7.000000,22.000000,15.000000,7,1.00,NAND2_X1,0.482759,15.000000,5525,5526
5528,NODE,n5528,2,n5524,n5527,1,8.000000,23.000000,15.000000,8,1.00,NAND2_X1,0.482759,15.000000,5524,5527
5529,NODE,n5529,2,n54,n82,1,4.000000,6.000000,2.000000,4,1.00,NAND2_X1,0.931035,2.000000,54,82
5530,NODE,n5530,2,n2136,n5529,2,5.000000,7.000000,2.000000,5,1.00,NAND2_X1,0.931035,2.000000,2136,5529
5531,NODE,n5531,2,pi03,n5530,1,6.000000,8.000000,2.000000,6,1.00,NAND2_X1,0.931035,2.000000,4,5530
5532,NODE,n5532,2,n82,n231,1,4.000000,8.000000,4.000000,4,1.00,NAND2_X1,0.862069,4.000000,82,231
5533,NODE,n5533,2,n5531,n5532,1,7.000000,9.000000,2.000000,7,1.00,NAND2_X1,0.931035,2.000000,5531,5532
5534,NODE,n5534,2,pi09,n5533,1,8.000000,10.000000,2.000000,8,1.00,NAND2_X1,0.931035,2.000000,10,5533
5535,NODE,n5535,2,n231,n676,1,6.000000,10.000000,4.000000,6,1.00,NAND2_X1,0.862069,4.000000,231,676
5536,NODE,n5536,2,n5534,n5535,1,9.000000,11.000000,2.000000,9,1.00,NAND2_X1,0.931035,2.000000,5534,5535
5537,NODE,n5537,2,pi15,n5536,1,10.000000,12.000000,2.000000,10,1.00,NAND2_X1,0.931035,2.000000,16,5536
5538,NODE,n5538,2,n54,n2297,1,5.000000,12.000000,7.000000,5,1.00,NAND2_X1,0.758621,7.000000,54,2297
5539,NODE,n5539,2,n5537,n5538,1,11.000000,13.000000,2.000000,11,1.00,NAND2_X1,0.931035,2.000000,5537,5538
5540,NODE,n5540,2,n34,n5539,1,12.000000,14.000000,2.000000,12,1.00,NAND2_X1,0.931035,2.000000,34,5539
5541,NODE,n5541,2,n790,n736,1,3.000000,10.000000,7.000000,3,1.00,AND2_X1,0.758621,7.000000,790,736
5542,NODE,n5542,2,pi09,n5541,1,4.000000,11.000000,7.000000,4,1.00,AND2_X1,0.758621,7.000000,10,5541
5543,NODE,n5543,2,n61,n5542,1,5.000000,12.000000,7.000000,5,1.00,AND2_X1,0.758621,7.000000,61,5542
5544,NODE,n5544,2,pi05,n5543,1,6.000000,13.000000,7.000000,6,1.00,AND2_X1,0.758621,7.000000,6,5543
5545,NODE,n5545,2,pi04,n5544,1,7.000000,14.000000,7.000000,7,1.00,NAND2_X1,0.758621,7.000000,5,5544
5546,NODE,n5546,2,n5540,n5545,1,13.000000,15.000000,2.000000,13,1.00,NAND2_X1,0.931035,2.000000,5540,5545
5547,NODE,n5547,2,n154,n5546,1,14.000000,16.000000,2.000000,14,1.00,NAND2_X1,0.931035,2.000000,154,5546
5548,NODE,n5548,2,n54,n500,2,4.000000,4.000000,0.000000,4,1.00,NAND2_X1,1.000000,0.000000,54,500
5549,NODE,n5549,2,n273,n5548,1,5.000000,9.000000,4.000000,5,1.00,NAND2_X1,0.862069,4.000000,273,5548
5550,NODE,n5550,2,n790,n5549,1,6.000000,10.000000,4.000000,6,1.00,NAND2_X1,0.862069,4.000000,790,5549
5551,NODE,n5551,2,n116,n1078,1,4.000000,10.000000,6.000000,4,1.00,NAND2_X1,0.793103,6.000000,116,1078
5552,NODE,n5552,2,n5550,n5551,1,7.000000,11.000000,4.000000,7,1.00,NAND2_X1,0.862069,4.000000,5550,5551
5553,NODE,n5553,2,n90,n5552,1,8.000000,12.000000,4.000000,8,1.00,NAND2_X1,0.862069,4.000000,90,5552
5554,NODE,n5554,2,n790,n440,1,3.000000,10.000000,7.000000,3,1.00,AND2_X1,0.758621,7.000000,790,440
5555,NODE,n5555,2,pi05,n5554,1,4.000000,11.000000,7.000000,4,1.00,AND2_X1,0.758621,7.000000,6,5554
5556,NODE,n5556,2,pi03,n5555,1,5.000000,12.000000,7.000000,5,1.00,NAND2_X1,0.758621,7.000000,4,5555
5557,NODE,n5557,2,n5553,n5556,1,9.000000,13.000000,4.000000,9,1.00,NAND2_X1,0.862069,4.000000,5553,5556
5558,NODE,n5558,2,pi09,n5557,1,10.000000,14.000000,4.000000,10,1.00,AND2_X1,0.862069,4.000000,10,5557
5559,NODE,n5559,2,n61,n5558,1,11.000000,15.000000,4.000000,11,1.00,AND2_X1,0.862069,4.000000,61,5558
5560,NODE,n5560,2,pi02,n5559,1,12.000000,16.000000,4.000000,12,1.00,NAND2_X1,0.862069,4.000000,3,5559
5561,NODE,n5561,2,n5547,n5560,1,15.000000,17.000000,2.000000,15,1.00,NAND2_X1,0.931035,2.000000,5547,5560
5562,NODE,n5562,2,pi10,n5561,1,16.000000,18.000000,2.000000,16,1.00,NAND2_X1,0.931035,2.000000,11,5561
5563,NODE,n5563,2,n1052,n3498,1,6.000000,17.000000,11.000000,6,1.00,AND2_X1,0.620690,11.000000,1052,3498
5564,NODE,n5564,2,n274,n5563,1,7.000000,18.000000,11.000000,7,1.00,NAND2_X1,0.620690,11.000000,274,5563
5565,NODE,n5565,2,n5562,n5564,1,17.000000,19.000000,2.000000,17,1.00,NAND2_X1,0.931035,2.000000,5562,5564
5566,NODE,n5566,2,n44,n5565,1,18.000000,20.000000,2.000000,18,1.00,AND2_X1,0.931035,2.000000,44,5565
5567,NODE,n5567,2,pi13,n5566,1,19.000000,21.000000,2.000000,19,1.00,AND2_X1,0.931035,2.000000,14,5566
5568,NODE,n5568,2,pi12,n5567,1,20.000000,22.000000,2.000000,20,1.00,AND2_X1,0.931035,2.000000,13,5567
5569,NODE,n5569,2,pi11,n5568,1,21.000000,23.000000,2.000000,21,1.00,NAND2_X1,0.931035,2.000000,12,5568
5570,NODE,n5570,2,n5528,n5569,1,22.000000,24.000000,2.000000,22,1.00,AND2_X1,0.931035,2.000000,5528,5569
5571,NODE,n5571,2,n179,n2393,1,5.000000,12.000000,7.000000,5,1.00,NAND2_X1,0.758621,7.000000,179,2393
5572,NODE,n5572,2,n35,n956,2,3.000000,3.000000,0.000000,3,1.00,AND2_X1,1.000000,0.000000,35,956
5573,NODE,n5573,2,n961,n5572,1,5.000000,12.000000,7.000000,5,1.00,NAND2_X1,0.758621,7.000000,961,5572
5574,NODE,n5574,2,n5571,n5573,1,6.000000,13.000000,7.000000,6,1.00,NAND2_X1,0.758621,7.000000,5571,5573
5575,NODE,n5575,2,n33,n5574,1,7.000000,14.000000,7.000000,7,1.00,AND2_X1,0.758621,7.000000,33,5574
5576,NODE,n5576,2,n61,n5575,1,8.000000,15.000000,7.000000,8,1.00,AND2_X1,0.758621,7.000000,61,5575
5577,NODE,n5577,2,pi05,n5576,1,9.000000,16.000000,7.000000,9,1.00,NAND2_X1,0.758621,7.000000,6,5576
5578,NODE,n5578,1,n5525,,1,6.000000,15.000000,9.000000,6,1.00,INV_X1,0.689655,9.000000,5525,-1
5579,NODE,n5579,2,n34,n5578,1,7.000000,16.000000,9.000000,7,1.00,NAND2_X1,0.689655,9.000000,34,5578
5580,NODE,n5580,2,n5577,n5579,1,10.000000,17.000000,7.000000,10,1.00,NAND2_X1,0.758621,7.000000,5577,5579
5581,NODE,n5581,2,pi04,n5580,1,11.000000,18.000000,7.000000,11,1.00,NAND2_X1,0.758621,7.000000,5,5580
5582,NODE,n5582,2,n597,n2738,1,6.000000,17.000000,11.000000,6,1.00,AND2_X1,0.620690,11.000000,597,2738
5583,NODE,n5583,2,n925,n5582,1,7.000000,18.000000,11.000000,7,1.00,NAND2_X1,0.620690,11.000000,925,5582
5584,NODE,n5584,2,n5581,n5583,1,12.000000,19.000000,7.000000,12,1.00,NAND2_X1,0.758621,7.000000,5581,5583
5585,NODE,n5585,2,n154,n5584,1,13.000000,20.000000,7.000000,13,1.00,AND2_X1,0.758621,7.000000,154,5584
5586,NODE,n5586,2,pi01,n5585,1,14.000000,21.000000,7.000000,14,1.00,NAND2_X1,0.758621,7.000000,2,5585
5587,NODE,n5587,2,n54,n1114,2,4.000000,6.000000,2.000000,4,1.00,NAND2_X1,0.931035,2.000000,54,1114
5588,NODE,n5588,2,n1558,n5587,2,5.000000,7.000000,2.000000,5,1.00,NAND2_X1,0.931035,2.000000,1558,5587
5589,NODE,n5589,2,pi14,n5588,1,6.000000,11.000000,5.000000,6,1.00,AND2_X1,0.827586,5.000000,15,5588
5590,NODE,n5590,2,n40,n5589,1,7.000000,12.000000,5.000000,7,1.00,AND2_X1,0.827586,5.000000,40,5589
5591,NODE,n5591,2,n39,n5590,1,8.000000,13.000000,5.000000,8,1.00,AND2_X1,0.827586,5.000000,39,5590
5592,NODE,n5592,2,n36,n5591,1,9.000000,14.000000,5.000000,9,1.00,AND2_X1,0.827586,5.000000,36,5591
5593,NODE,n5593,2,n33,n5592,1,10.000000,15.000000,5.000000,10,1.00,AND2_X1,0.827586,5.000000,33,5592
5594,NODE,n5594,2,n62,n5593,1,11.000000,16.000000,5.000000,11,1.00,AND2_X1,0.827586,5.000000,62,5593
5595,NODE,n5595,2,n35,n5594,1,12.000000,17.000000,5.000000,12,1.00,NAND2_X1,0.827586,5.000000,35,5594
5596,NODE,n5596,2,n116,n1466,1,4.000000,16.000000,12.000000,4,1.00,AND2_X1,0.586207,12.000000,116,1466
5597,NODE,n5597,2,n1333,n5596,1,5.000000,17.000000,12.000000,5,1.00,NAND2_X1,0.586207,12.000000,1333,5596
5598,NODE,n5598,2,n5595,n5597,1,13.000000,18.000000,5.000000,13,1.00,NAND2_X1,0.827586,5.000000,5595,5597
5599,NODE,n5599,2,n61,n5598,1,14.000000,19.000000,5.000000,14,1.00,AND2_X1,0.827586,5.000000,61,5598
5600,NODE,n5600,2,pi02,n5599,1,15.000000,20.000000,5.000000,15,1.00,AND2_X1,0.827586,5.000000,3,5599
5601,NODE,n5601,2,n138,n5600,1,16.000000,21.000000,5.000000,16,1.00,NAND2_X1,0.827586,5.000000,138,5600
5602,NODE,n5602,2,n5586,n5601,1,17.000000,22.000000,5.000000,17,1.00,NAND2_X1,0.827586,5.000000,5586,5601
5603,NODE,n5603,2,pi03,n5602,1,18.000000,23.000000,5.000000,18,1.00,NAND2_X1,0.827586,5.000000,4,5602
5604,NODE,n5604,2,n36,pi14,1,2.000000,17.000000,15.000000,2,1.00,AND2_X1,0.482759,15.000000,36,15
5605,NODE,n5605,2,n715,n5604,1,4.000000,18.000000,14.000000,4,1.00,AND2_X1,0.517241,14.000000,715,5604
5606,NODE,n5606,2,pi02,n1035,1,4.000000,13.000000,9.000000,4,1.00,NAND2_X1,0.689655,9.000000,3,1035
5607,NODE,n5607,2,n5238,n5606,1,5.000000,14.000000,9.000000,5,1.00,NAND2_X1,0.689655,9.000000,5238,5606
5608,NODE,n5608,2,n138,n5607,1,6.000000,15.000000,9.000000,6,1.00,NAND2_X1,0.689655,9.000000,138,5607
5609,NODE,n5609,2,n1555,n1701,1,4.000000,15.000000,11.000000,4,1.00,NAND2_X1,0.620690,11.000000,1555,1701
5610,NODE,n5610,2,n5608,n5609,1,7.000000,16.000000,9.000000,7,1.00,NAND2_X1,0.689655,9.000000,5608,5609
5611,NODE,n5611,2,n33,n5610,1,8.000000,17.000000,9.000000,8,1.00,AND2_X1,0.689655,9.000000,33,5610
5612,NODE,n5612,2,n62,n39,1,2.000000,16.000000,14.000000,2,1.00,AND2_X1,0.517241,14.000000,62,39
5613,NODE,n5613,2,n40,n5612,1,3.000000,17.000000,14.000000,3,1.00,AND2_X1,0.517241,14.000000,40,5612
5614,NODE,n5614,2,n5611,n5613,1,9.000000,18.000000,9.000000,9,1.00,AND2_X1,0.689655,9.000000,5611,5613
5615,NODE,n5615,2,n5605,n5614,1,10.000000,19.000000,9.000000,10,1.00,NAND2_X1,0.689655,9.000000,5605,5614
5616,NODE,n5616,2,pi07,pi10,2,1.000000,6.000000,5.000000,1,1.00,AND2_X1,0.827586,5.000000,8,11
5617,NODE,n5617,2,pi08,pi12,1,1.000000,17.000000,16.000000,1,1.00,AND2_X1,0.448276,16.000000,9,13
5618,NODE,n5618,2,n5616,n5617,1,2.000000,18.000000,16.000000,2,1.00,AND2_X1,0.448276,16.000000,5616,5617
5619,NODE,n5619,2,n44,n1403,1,4.000000,15.000000,11.000000,4,1.00,AND2_X1,0.620690,11.000000,44,1403
5620,NODE,n5620,2,pi13,n5619,1,5.000000,16.000000,11.000000,5,1.00,AND2_X1,0.620690,11.000000,14,5619
5621,NODE,n5621,2,pi09,n5620,1,6.000000,17.000000,11.000000,6,1.00,AND2_X1,0.620690,11.000000,10,5620
5622,NODE,n5622,2,pi11,n1744,1,4.000000,17.000000,13.000000,4,1.00,AND2_X1,0.551724,13.000000,12,1744
5623,NODE,n5623,2,n5621,n5622,1,7.000000,18.000000,11.000000,7,1.00,AND2_X1,0.620690,11.000000,5621,5622
5624,NODE,n5624,2,n5618,n5623,1,8.000000,19.000000,11.000000,8,1.00,NAND2_X1,0.620690,11.000000,5618,5623
5625,NODE,n5625,2,n5615,n5624,1,11.000000,20.000000,9.000000,11,1.00,NAND2_X1,0.689655,9.000000,5615,5624
5626,NODE,n5626,2,n54,n5625,1,12.000000,21.000000,9.000000,12,1.00,NAND2_X1,0.689655,9.000000,54,5625
5627,NODE,n5627,1,n3987,,1,4.000000,19.000000,15.000000,4,1.00,INV_X1,0.482759,15.000000,3987,-1
5628,NODE,n5628,2,n716,n5627,1,5.000000,20.000000,15.000000,5,1.00,AND2_X1,0.482759,15.000000,716,5627
5629,NODE,n5629,2,n1285,n5628,1,6.000000,21.000000,15.000000,6,1.00,NAND2_X1,0.482759,15.000000,1285,5628
5630,NODE,n5630,2,n5626,n5629,1,13.000000,22.000000,9.000000,13,1.00,NAND2_X1,0.689655,9.000000,5626,5629
5631,NODE,n5631,2,n90,n5630,1,14.000000,23.000000,9.000000,14,1.00,NAND2_X1,0.689655,9.000000,90,5630
5632,NODE,n5632,2,n5603,n5631,1,19.000000,24.000000,5.000000,19,1.00,AND2_X1,0.827586,5.000000,5603,5631
5633,NODE,n5633,2,n5570,n5632,1,23.000000,25.000000,2.000000,23,1.00,AND2_X1,0.931035,2.000000,5570,5632
5634,NODE,n5634,2,n5520,n5633,1,24.000000,26.000000,2.000000,24,1.00,AND2_X1,0.931035,2.000000,5520,5633
5635,NODE,n5635,2,n1192,n2936,1,5.000000,11.000000,6.000000,5,1.00,AND2_X1,0.793103,6.000000,1192,2936
5636,NODE,n5636,2,n1557,n1192,1,4.000000,11.000000,7.000000,4,1.00,NAND2_X1,0.758621,7.000000,1557,1192
5637,NODE,n5637,2,n5635,n5636,1,6.000000,12.000000,6.000000,6,1.00,NAND2_X1,0.793103,6.000000,5635,5636
5638,NODE,n5638,2,pi14,n5637,1,7.000000,13.000000,6.000000,7,1.00,AND2_X1,0.793103,6.000000,15,5637
5639,NODE,n5639,2,n40,n5638,1,8.000000,14.000000,6.000000,8,1.00,AND2_X1,0.793103,6.000000,40,5638
5640,NODE,n5640,2,n39,n5639,1,9.000000,15.000000,6.000000,9,1.00,AND2_X1,0.793103,6.000000,39,5639
5641,NODE,n5641,2,n36,n5640,1,10.000000,16.000000,6.000000,10,1.00,AND2_X1,0.793103,6.000000,36,5640
5642,NODE,n5642,2,n33,n5641,1,11.000000,17.000000,6.000000,11,1.00,AND2_X1,0.793103,6.000000,33,5641
5643,NODE,n5643,2,n35,n5642,1,12.000000,18.000000,6.000000,12,1.00,AND2_X1,0.793103,6.000000,35,5642
5644,NODE,n5644,2,n138,n5643,1,13.000000,19.000000,6.000000,13,1.00,NAND2_X1,0.793103,6.000000,138,5643
5645,NODE,n5645,2,n1701,n2804,1,4.000000,18.000000,14.000000,4,1.00,AND2_X1,0.517241,14.000000,1701,2804
5646,NODE,n5646,2,n925,n5645,1,5.000000,19.000000,14.000000,5,1.00,NAND2_X1,0.517241,14.000000,925,5645
5647,NODE,n5647,2,n5644,n5646,1,14.000000,20.000000,6.000000,14,1.00,NAND2_X1,0.793103,6.000000,5644,5646
5648,NODE,n5648,2,n682,n5647,1,15.000000,21.000000,6.000000,15,1.00,NAND2_X1,0.793103,6.000000,682,5647
5649,NODE,n5649,2,n34,n5616,1,2.000000,7.000000,5.000000,2,1.00,AND2_X1,0.827586,5.000000,34,5616
5650,NODE,n5650,2,n231,n5649,1,4.000000,8.000000,4.000000,4,1.00,NAND2_X1,0.862069,4.000000,231,5649
5651,NODE,n5651,2,n175,n1501,1,4.000000,8.000000,4.000000,4,1.00,NAND2_X1,0.862069,4.000000,175,1501
5652,NODE,n5652,2,n5650,n5651,2,5.000000,9.000000,4.000000,5,1.00,NAND2_X1,0.862069,4.000000,5650,5651
5653,NODE,n5653,2,n44,n5652,1,6.000000,10.000000,4.000000,6,1.00,AND2_X1,0.862069,4.000000,44,5652
5654,NODE,n5654,2,pi13,n5653,1,7.000000,11.000000,4.000000,7,1.00,AND2_X1,0.862069,4.000000,14,5653
5655,NODE,n5655,2,pi12,n5654,1,8.000000,12.000000,4.000000,8,1.00,AND2_X1,0.862069,4.000000,13,5654
5656,NODE,n5656,2,pi11,n5655,1,9.000000,13.000000,4.000000,9,1.00,AND2_X1,0.862069,4.000000,12,5655
5657,NODE,n5657,2,pi08,n5656,1,10.000000,14.000000,4.000000,10,1.00,NAND2_X1,0.862069,4.000000,9,5656
5658,NODE,n5658,2,pi14,n2109,1,4.000000,8.000000,4.000000,4,1.00,AND2_X1,0.862069,4.000000,15,2109
5659,NODE,n5659,2,n40,n5658,1,5.000000,9.000000,4.000000,5,1.00,AND2_X1,0.862069,4.000000,40,5658
5660,NODE,n5660,2,n39,n5659,1,6.000000,10.000000,4.000000,6,1.00,AND2_X1,0.862069,4.000000,39,5659
5661,NODE,n5661,2,n36,n5660,1,7.000000,11.000000,4.000000,7,1.00,AND2_X1,0.862069,4.000000,36,5660
5662,NODE,n5662,2,n33,n5661,2,8.000000,12.000000,4.000000,8,1.00,NAND2_X1,0.862069,4.000000,33,5661
5663,NODE,n5663,1,n5662,,1,9.000000,13.000000,4.000000,9,1.00,INV_X1,0.862069,4.000000,5662,-1
5664,NODE,n5664,2,n35,n5663,1,10.000000,14.000000,4.000000,10,1.00,NAND2_X1,0.862069,4.000000,35,5663
5665,NODE,n5665,2,n5657,n5664,1,11.000000,15.000000,4.000000,11,1.00,NAND2_X1,0.862069,4.000000,5657,5664
5666,NODE,n5666,2,pi15,n5665,1,12.000000,16.000000,4.000000,12,1.00,NAND2_X1,0.862069,4.000000,16,5665
5667,NODE,n5667,2,n159,n534,1,4.000000,12.000000,8.000000,4,1.00,AND2_X1,0.724138,8.000000,159,534
5668,NODE,n5668,2,n70,n5667,1,5.000000,13.000000,8.000000,5,1.00,NAND2_X1,0.724138,8.000000,70,5667
5669,NODE,n5669,2,n5662,n5668,1,9.000000,14.000000,5.000000,9,1.00,NAND2_X1,0.827586,5.000000,5662,5668
5670,NODE,n5670,2,n790,n5669,1,10.000000,15.000000,5.000000,10,1.00,AND2_X1,0.827586,5.000000,790,5669
5671,NODE,n5671,2,n35,n5670,1,11.000000,16.000000,5.000000,11,1.00,NAND2_X1,0.827586,5.000000,35,5670
5672,NODE,n5672,2,n5666,n5671,1,13.000000,17.000000,4.000000,13,1.00,NAND2_X1,0.862069,4.000000,5666,5671
5673,NODE,n5673,2,n154,n5672,1,14.000000,18.000000,4.000000,14,1.00,NAND2_X1,0.862069,4.000000,154,5672
5674,NODE,n5674,1,n5177,,1,5.000000,9.000000,4.000000,5,1.00,INV_X1,0.862069,4.000000,5177,-1
5675,NODE,n5675,2,n156,n5674,1,6.000000,10.000000,4.000000,6,1.00,NAND2_X1,0.862069,4.000000,156,5674
5676,NODE,n5676,2,n682,n5675,1,7.000000,11.000000,4.000000,7,1.00,NAND2_X1,0.862069,4.000000,682,5675
5677,NODE,n5677,2,pi14,n5676,1,8.000000,12.000000,4.000000,8,1.00,AND2_X1,0.862069,4.000000,15,5676
5678,NODE,n5678,2,n40,n5677,1,9.000000,13.000000,4.000000,9,1.00,AND2_X1,0.862069,4.000000,40,5677
5679,NODE,n5679,2,n39,n5678,1,10.000000,14.000000,4.000000,10,1.00,AND2_X1,0.862069,4.000000,39,5678
5680,NODE,n5680,2,n36,n5679,1,11.000000,15.000000,4.000000,11,1.00,AND2_X1,0.862069,4.000000,36,5679
5681,NODE,n5681,2,n33,n5680,1,12.000000,16.000000,4.000000,12,1.00,AND2_X1,0.862069,4.000000,33,5680
5682,NODE,n5682,2,n35,n5681,1,13.000000,17.000000,4.000000,13,1.00,AND2_X1,0.862069,4.000000,35,5681
5683,NODE,n5683,2,pi02,n5682,1,14.000000,18.000000,4.000000,14,1.00,NAND2_X1,0.862069,4.000000,3,5682
5684,NODE,n5684,2,n5673,n5683,1,15.000000,19.000000,4.000000,15,1.00,NAND2_X1,0.862069,4.000000,5673,5683
5685,NODE,n5685,2,n138,n5684,1,16.000000,20.000000,4.000000,16,1.00,NAND2_X1,0.862069,4.000000,138,5684
5686,NODE,n5686,2,pi04,n1183,2,3.000000,9.000000,6.000000,3,1.00,NAND2_X1,0.793103,6.000000,5,1183
5687,NODE,n5687,1,n5686,,1,4.000000,10.000000,6.000000,4,1.00,INV_X1,0.793103,6.000000,5686,-1
5688,NODE,n5688,2,n1052,n5687,2,5.000000,11.000000,6.000000,5,1.00,NAND2_X1,0.793103,6.000000,1052,5687
5689,NODE,n5689,2,pi14,n5688,1,6.000000,12.000000,6.000000,6,1.00,AND2_X1,0.793103,6.000000,15,5688
5690,NODE,n5690,2,n40,n5689,1,7.000000,13.000000,6.000000,7,1.00,AND2_X1,0.793103,6.000000,40,5689
5691,NODE,n5691,2,n39,n5690,1,8.000000,14.000000,6.000000,8,1.00,AND2_X1,0.793103,6.000000,39,5690
5692,NODE,n5692,2,n36,n5691,1,9.000000,15.000000,6.000000,9,1.00,AND2_X1,0.793103,6.000000,36,5691
5693,NODE,n5693,2,n33,n5692,1,10.000000,16.000000,6.000000,10,1.00,NAND2_X1,0.793103,6.000000,33,5692
5694,NODE,n5694,2,pi04,n2425,1,4.000000,15.000000,11.000000,4,1.00,AND2_X1,0.620690,11.000000,5,2425
5695,NODE,n5695,2,n224,n952,1,4.000000,15.000000,11.000000,4,1.00,AND2_X1,0.620690,11.000000,224,952
5696,NODE,n5696,2,n5694,n5695,1,5.000000,16.000000,11.000000,5,1.00,NAND2_X1,0.620690,11.000000,5694,5695
5697,NODE,n5697,2,n5693,n5696,1,11.000000,17.000000,6.000000,11,1.00,NAND2_X1,0.793103,6.000000,5693,5696
5698,NODE,n5698,2,n35,n5697,1,12.000000,18.000000,6.000000,12,1.00,AND2_X1,0.793103,6.000000,35,5697
5699,NODE,n5699,2,pi07,n5698,1,13.000000,19.000000,6.000000,13,1.00,AND2_X1,0.793103,6.000000,8,5698
5700,NODE,n5700,2,pi01,n5699,1,14.000000,20.000000,6.000000,14,1.00,NAND2_X1,0.793103,6.000000,2,5699
5701,NODE,n5701,2,n5685,n5700,1,17.000000,21.000000,4.000000,17,1.00,AND2_X1,0.862069,4.000000,5685,5700
5702,NODE,n5702,2,n5648,n5701,1,18.000000,22.000000,4.000000,18,1.00,NAND2_X1,0.862069,4.000000,5648,5701
5703,NODE,n5703,2,pi09,n5702,1,19.000000,23.000000,4.000000,19,1.00,NAND2_X1,0.862069,4.000000,10,5702
5704,NODE,n5704,2,n755,n4449,1,4.000000,11.000000,7.000000,4,1.00,NAND2_X1,0.758621,7.000000,755,4449
5705,NODE,n5705,2,pi07,n1075,2,4.000000,10.000000,6.000000,4,1.00,AND2_X1,0.793103,6.000000,8,1075
5706,NODE,n5706,2,n1052,n5705,1,5.000000,11.000000,6.000000,5,1.00,NAND2_X1,0.793103,6.000000,1052,5705
5707,NODE,n5707,2,n5704,n5706,1,6.000000,12.000000,6.000000,6,1.00,NAND2_X1,0.793103,6.000000,5704,5706
5708,NODE,n5708,2,n138,n5707,1,7.000000,13.000000,6.000000,7,1.00,NAND2_X1,0.793103,6.000000,138,5707
5709,NODE,n5709,2,pi02,n1275,4,4.000000,8.000000,4.000000,4,1.00,NAND2_X1,0.862069,4.000000,3,1275
5710,NODE,n5710,2,n154,n1905,1,4.000000,8.000000,4.000000,4,1.00,NAND2_X1,0.862069,4.000000,154,1905
5711,NODE,n5711,2,n5709,n5710,1,5.000000,9.000000,4.000000,5,1.00,NAND2_X1,0.862069,4.000000,5709,5710
5712,NODE,n5712,2,pi08,n5711,1,6.000000,10.000000,4.000000,6,1.00,AND2_X1,0.862069,4.000000,9,5711
5713,NODE,n5713,2,n61,n5712,1,7.000000,11.000000,4.000000,7,1.00,NAND2_X1,0.862069,4.000000,61,5712
5714,NODE,n5714,2,n224,n5705,1,5.000000,11.000000,6.000000,5,1.00,NAND2_X1,0.793103,6.000000,224,5705
5715,NODE,n5715,2,n5713,n5714,1,8.000000,12.000000,4.000000,8,1.00,NAND2_X1,0.862069,4.000000,5713,5714
5716,NODE,n5716,2,pi01,n5715,1,9.000000,13.000000,4.000000,9,1.00,NAND2_X1,0.862069,4.000000,2,5715
5717,NODE,n5717,2,n5708,n5716,1,10.000000,14.000000,4.000000,10,1.00,NAND2_X1,0.862069,4.000000,5708,5716
5718,NODE,n5718,2,pi04,n5717,1,11.000000,15.000000,4.000000,11,1.00,NAND2_X1,0.862069,4.000000,5,5717
5719,NODE,n5719,2,n138,n2626,1,5.000000,12.000000,7.000000,5,1.00,NAND2_X1,0.758621,7.000000,138,2626
5720,NODE,n5720,2,pi01,n5709,1,5.000000,11.000000,6.000000,5,1.00,NAND2_X1,0.793103,6.000000,2,5709
5721,NODE,n5721,2,n895,n5720,1,6.000000,12.000000,6.000000,6,1.00,AND2_X1,0.793103,6.000000,895,5720
5722,NODE,n5722,2,n5719,n5721,1,7.000000,13.000000,6.000000,7,1.00,NAND2_X1,0.793103,6.000000,5719,5721
5723,NODE,n5723,2,pi08,n1905,1,4.000000,10.000000,6.000000,4,1.00,AND2_X1,0.793103,6.000000,9,1905
5724,NODE,n5724,2,n61,n5723,1,5.000000,11.000000,6.000000,5,1.00,AND2_X1,0.793103,6.000000,61,5723
5725,NODE,n5725,2,n154,n5724,1,6.000000,12.000000,6.000000,6,1.00,AND2_X1,0.793103,6.000000,154,5724
5726,NODE,n5726,2,pi01,n5725,1,7.000000,13.000000,6.000000,7,1.00,NAND2_X1,0.793103,6.000000,2,5725
5727,NODE,n5727,2,n5722,n5726,1,8.000000,14.000000,6.000000,8,1.00,NAND2_X1,0.793103,6.000000,5722,5726
5728,NODE,n5728,2,n54,n5727,1,9.000000,15.000000,6.000000,9,1.00,NAND2_X1,0.793103,6.000000,54,5727
5729,NODE,n5729,2,n5718,n5728,1,12.000000,16.000000,4.000000,12,1.00,AND2_X1,0.862069,4.000000,5718,5728
5730,NODE,n5730,2,n154,n1095,1,4.000000,8.000000,4.000000,4,1.00,AND2_X1,0.862069,4.000000,154,1095
5731,NODE,n5731,2,pi01,n5730,1,5.000000,9.000000,4.000000,5,1.00,NAND2_X1,0.862069,4.000000,2,5730
5732,NODE,n5732,2,n177,n1574,1,4.000000,9.000000,5.000000,4,1.00,NAND2_X1,0.827586,5.000000,177,1574
5733,NODE,n5733,2,n5731,n5732,1,6.000000,10.000000,4.000000,6,1.00,NAND2_X1,0.862069,4.000000,5731,5732
5734,NODE,n5734,2,n34,n5733,1,7.000000,11.000000,4.000000,7,1.00,NAND2_X1,0.862069,4.000000,34,5733
5735,NODE,n5735,2,n177,n5521,2,5.000000,6.000000,1.000000,5,1.00,NAND2_X1,0.965517,1.000000,177,5521
5736,NODE,n5736,2,n5734,n5735,1,8.000000,12.000000,4.000000,8,1.00,NAND2_X1,0.862069,4.000000,5734,5735
5737,NODE,n5737,2,pi03,n5736,1,9.000000,13.000000,4.000000,9,1.00,NAND2_X1,0.862069,4.000000,4,5736
5738,NODE,n5738,1,n1556,,1,5.000000,12.000000,7.000000,5,1.00,INV_X1,0.758621,7.000000,1556,-1
5739,NODE,n5739,2,n5738,n4251,1,6.000000,13.000000,7.000000,6,1.00,NAND2_X1,0.758621,7.000000,5738,4251
5740,NODE,n5740,2,n5737,n5739,1,10.000000,14.000000,4.000000,10,1.00,NAND2_X1,0.862069,4.000000,5737,5739
5741,NODE,n5741,2,n35,n5740,1,11.000000,15.000000,4.000000,11,1.00,AND2_X1,0.862069,4.000000,35,5740
5742,NODE,n5742,2,n61,n5741,1,12.000000,16.000000,4.000000,12,1.00,NAND2_X1,0.862069,4.000000,61,5741
5743,NODE,n5743,2,n5729,n5742,1,13.000000,17.000000,4.000000,13,1.00,NAND2_X1,0.862069,4.000000,5729,5742
5744,NODE,n5744,2,pi14,n5743,1,14.000000,18.000000,4.000000,14,1.00,AND2_X1,0.862069,4.000000,15,5743
5745,NODE,n5745,2,n40,n5744,1,15.000000,19.000000,4.000000,15,1.00,AND2_X1,0.862069,4.000000,40,5744
5746,NODE,n5746,2,n39,n5745,1,16.000000,20.000000,4.000000,16,1.00,AND2_X1,0.862069,4.000000,39,5745
5747,NODE,n5747,2,n36,n5746,1,17.000000,21.000000,4.000000,17,1.00,AND2_X1,0.862069,4.000000,36,5746
5748,NODE,n5748,2,n33,n5747,1,18.000000,22.000000,4.000000,18,1.00,AND2_X1,0.862069,4.000000,33,5747
5749,NODE,n5749,2,n62,n5748,1,19.000000,23.000000,4.000000,19,1.00,NAND2_X1,0.862069,4.000000,62,5748
5750,NODE,n5750,2,n5703,n5749,1,20.000000,24.000000,4.000000,20,1.00,NAND2_X1,0.862069,4.000000,5703,5749
5751,NODE,n5751,2,pi00,n5750,1,21.000000,25.000000,4.000000,21,1.00,NAND2_X1,0.862069,4.000000,1,5750
5752,NODE,n5752,2,pi14,n339,1,3.000000,14.000000,11.000000,3,1.00,AND2_X1,0.620690,11.000000,15,339
5753,NODE,n5753,2,n958,n5752,1,4.000000,15.000000,11.000000,4,1.00,AND2_X1,0.620690,11.000000,958,5752
5754,NODE,n5754,2,n36,n5753,1,5.000000,16.000000,11.000000,5,1.00,AND2_X1,0.620690,11.000000,36,5753
5755,NODE,n5755,2,n33,n5754,1,6.000000,17.000000,11.000000,6,1.00,AND2_X1,0.620690,11.000000,33,5754
5756,NODE,n5756,2,n62,n5755,1,7.000000,18.000000,11.000000,7,1.00,NAND2_X1,0.620690,11.000000,62,5755
5757,NODE,n5757,2,n335,n3373,1,6.000000,17.000000,11.000000,6,1.00,AND2_X1,0.620690,11.000000,335,3373
5758,NODE,n5758,2,n114,n5757,1,7.000000,18.000000,11.000000,7,1.00,NAND2_X1,0.620690,11.000000,114,5757
5759,NODE,n5759,2,n5756,n5758,1,8.000000,19.000000,11.000000,8,1.00,AND2_X1,0.620690,11.000000,5756,5758
5760,NODE,n5760,2,n54,n1301,1,3.000000,17.000000,14.000000,3,1.00,AND2_X1,0.517241,14.000000,54,1301
5761,NODE,n5761,2,n1997,n5760,1,5.000000,18.000000,13.000000,5,1.00,AND2_X1,0.551724,13.000000,1997,5760
5762,NODE,n5762,2,n1414,n5761,1,6.000000,19.000000,13.000000,6,1.00,NAND2_X1,0.551724,13.000000,1414,5761
5763,NODE,n5763,2,n5759,n5762,1,9.000000,20.000000,11.000000,9,1.00,NAND2_X1,0.620690,11.000000,5759,5762
5764,NODE,n5764,2,pi07,n5763,1,10.000000,21.000000,11.000000,10,1.00,NAND2_X1,0.620690,11.000000,8,5763
5765,NODE,n5765,2,n154,n2561,2,3.000000,12.000000,9.000000,3,1.00,NAND2_X1,0.689655,9.000000,154,2561
5766,NODE,n5766,2,n5709,n5765,1,5.000000,13.000000,8.000000,5,1.00,NAND2_X1,0.724138,8.000000,5709,5765
5767,NODE,n5767,2,pi14,n5766,1,6.000000,14.000000,8.000000,6,1.00,AND2_X1,0.724138,8.000000,15,5766
5768,NODE,n5768,2,n40,n5767,1,7.000000,15.000000,8.000000,7,1.00,AND2_X1,0.724138,8.000000,40,5767
5769,NODE,n5769,2,n39,n5768,1,8.000000,16.000000,8.000000,8,1.00,AND2_X1,0.724138,8.000000,39,5768
5770,NODE,n5770,2,n36,n5769,1,9.000000,17.000000,8.000000,9,1.00,AND2_X1,0.724138,8.000000,36,5769
5771,NODE,n5771,2,n33,n5770,1,10.000000,18.000000,8.000000,10,1.00,AND2_X1,0.724138,8.000000,33,5770
5772,NODE,n5772,2,n62,n5771,1,11.000000,19.000000,8.000000,11,1.00,AND2_X1,0.724138,8.000000,62,5771
5773,NODE,n5773,2,n61,n5772,1,12.000000,20.000000,8.000000,12,1.00,AND2_X1,0.724138,8.000000,61,5772
5774,NODE,n5774,2,n138,n5773,1,13.000000,21.000000,8.000000,13,1.00,NAND2_X1,0.724138,8.000000,138,5773
5775,NODE,n5775,2,n5764,n5774,1,14.000000,22.000000,8.000000,14,1.00,NAND2_X1,0.724138,8.000000,5764,5774
5776,NODE,n5776,2,pi08,n5775,1,15.000000,23.000000,8.000000,15,1.00,NAND2_X1,0.724138,8.000000,9,5775
5777,NODE,n5777,2,n284,n978,1,4.000000,9.000000,5.000000,4,1.00,NAND2_X1,0.827586,5.000000,284,978
5778,NODE,n5778,2,n981,n1535,1,4.000000,9.000000,5.000000,4,1.00,NAND2_X1,0.827586,5.000000,981,1535
5779,NODE,n5779,2,n5777,n5778,1,5.000000,10.000000,5.000000,5,1.00,NAND2_X1,0.827586,5.000000,5777,5778
5780,NODE,n5780,2,pi01,n5779,1,6.000000,11.000000,5.000000,6,1.00,NAND2_X1,0.827586,5.000000,2,5779
5781,NODE,n5781,2,n177,n1528,1,5.000000,11.000000,6.000000,5,1.00,NAND2_X1,0.793103,6.000000,177,1528
5782,NODE,n5782,2,n5780,n5781,1,7.000000,12.000000,5.000000,7,1.00,NAND2_X1,0.827586,5.000000,5780,5781
5783,NODE,n5783,2,n34,n5782,1,8.000000,13.000000,5.000000,8,1.00,NAND2_X1,0.827586,5.000000,34,5782
5784,NODE,n5784,2,pi05,n2283,1,6.000000,11.000000,5.000000,6,1.00,AND2_X1,0.827586,5.000000,6,2283
5785,NODE,n5785,2,n154,n5784,1,7.000000,12.000000,5.000000,7,1.00,AND2_X1,0.827586,5.000000,154,5784
5786,NODE,n5786,2,pi01,n5785,1,8.000000,13.000000,5.000000,8,1.00,NAND2_X1,0.827586,5.000000,2,5785
5787,NODE,n5787,2,n5783,n5786,1,9.000000,14.000000,5.000000,9,1.00,NAND2_X1,0.827586,5.000000,5783,5786
5788,NODE,n5788,2,n90,n5787,1,10.000000,15.000000,5.000000,10,1.00,NAND2_X1,0.827586,5.000000,90,5787
5789,NODE,n5789,2,pi07,n1095,1,4.000000,12.000000,8.000000,4,1.00,AND2_X1,0.724138,8.000000,8,1095
5790,NODE,n5790,2,pi03,n5789,1,5.000000,13.000000,8.000000,5,1.00,AND2_X1,0.724138,8.000000,4,5789
5791,NODE,n5791,2,n154,n5790,1,6.000000,14.000000,8.000000,6,1.00,AND2_X1,0.724138,8.000000,154,5790
5792,NODE,n5792,2,pi01,n5791,1,7.000000,15.000000,8.000000,7,1.00,NAND2_X1,0.724138,8.000000,2,5791
5793,NODE,n5793,2,n5788,n5792,1,11.000000,16.000000,5.000000,11,1.00,NAND2_X1,0.827586,5.000000,5788,5792
5794,NODE,n5794,2,pi14,n5793,1,12.000000,17.000000,5.000000,12,1.00,AND2_X1,0.827586,5.000000,15,5793
5795,NODE,n5795,2,n40,n5794,1,13.000000,18.000000,5.000000,13,1.00,AND2_X1,0.827586,5.000000,40,5794
5796,NODE,n5796,2,n39,n5795,1,14.000000,19.000000,5.000000,14,1.00,AND2_X1,0.827586,5.000000,39,5795
5797,NODE,n5797,2,n36,n5796,1,15.000000,20.000000,5.000000,15,1.00,AND2_X1,0.827586,5.000000,36,5796
5798,NODE,n5798,2,n33,n5797,1,16.000000,21.000000,5.000000,16,1.00,AND2_X1,0.827586,5.000000,33,5797
5799,NODE,n5799,2,n62,n5798,1,17.000000,22.000000,5.000000,17,1.00,AND2_X1,0.827586,5.000000,62,5798
5800,NODE,n5800,2,n35,n5799,1,18.000000,23.000000,5.000000,18,1.00,NAND2_X1,0.827586,5.000000,35,5799
5801,NODE,n5801,2,n5776,n5800,1,19.000000,24.000000,5.000000,19,1.00,NAND2_X1,0.827586,5.000000,5776,5800
5802,NODE,n5802,2,n78,n5801,1,20.000000,25.000000,5.000000,20,1.00,NAND2_X1,0.827586,5.000000,78,5801
5803,NODE,n5803,2,n5751,n5802,1,22.000000,26.000000,4.000000,22,1.00,AND2_X1,0.862069,4.000000,5751,5802
5804,NODE,n5804,2,n5634,n5803,1,25.000000,27.000000,2.000000,25,1.00,AND2_X1,0.931035,2.000000,5634,5803
5805,NODE,n5805,2,n920,n1040,1,4.000000,11.000000,7.000000,4,1.00,NAND2_X1,0.758621,7.000000,920,1040
5806,NODE,n5806,2,n3665,n5805,1,5.000000,12.000000,7.000000,5,1.00,NAND2_X1,0.758621,7.000000,3665,5805
5807,NODE,n5807,2,pi10,n5806,1,6.000000,13.000000,7.000000,6,1.00,AND2_X1,0.758621,7.000000,11,5806
5808,NODE,n5808,2,pi04,n5807,1,7.000000,14.000000,7.000000,7,1.00,NAND2_X1,0.758621,7.000000,5,5807
5809,NODE,n5809,2,n54,n1040,2,4.000000,12.000000,8.000000,4,1.00,AND2_X1,0.724138,8.000000,54,1040
5810,NODE,n5810,2,n456,n5809,1,6.000000,14.000000,8.000000,6,1.00,NAND2_X1,0.724138,8.000000,456,5809
5811,NODE,n5811,2,n5808,n5810,1,8.000000,15.000000,7.000000,8,1.00,AND2_X1,0.758621,7.000000,5808,5810
5812,NODE,n5812,2,pi03,n435,1,4.000000,12.000000,8.000000,4,1.00,AND2_X1,0.724138,8.000000,4,435
5813,NODE,n5813,2,n2191,n5812,1,5.000000,13.000000,8.000000,5,1.00,NAND2_X1,0.724138,8.000000,2191,5812
5814,NODE,n5814,2,n90,n2696,1,2.000000,11.000000,9.000000,2,1.00,AND2_X1,0.689655,9.000000,90,2696
5815,NODE,n5815,2,n373,n5814,1,4.000000,12.000000,8.000000,4,1.00,AND2_X1,0.724138,8.000000,373,5814
5816,NODE,n5816,2,n61,n5815,1,5.000000,13.000000,8.000000,5,1.00,NAND2_X1,0.724138,8.000000,61,5815
5817,NODE,n5817,2,n5813,n5816,1,6.000000,14.000000,8.000000,6,1.00,NAND2_X1,0.724138,8.000000,5813,5816
5818,NODE,n5818,2,pi08,n5817,1,7.000000,15.000000,8.000000,7,1.00,NAND2_X1,0.724138,8.000000,9,5817
5819,NODE,n5819,2,n5811,n5818,1,9.000000,16.000000,7.000000,9,1.00,NAND2_X1,0.758621,7.000000,5811,5818
5820,NODE,n5820,2,pi15,n5819,1,10.000000,17.000000,7.000000,10,1.00,NAND2_X1,0.758621,7.000000,16,5819
5821,NODE,n5821,2,n920,n4146,1,4.000000,16.000000,12.000000,4,1.00,AND2_X1,0.586207,12.000000,920,4146
5822,NODE,n5822,2,n3995,n5821,1,5.000000,17.000000,12.000000,5,1.00,NAND2_X1,0.586207,12.000000,3995,5821
5823,NODE,n5823,2,n5820,n5822,1,11.000000,18.000000,7.000000,11,1.00,AND2_X1,0.758621,7.000000,5820,5822
5824,NODE,n5824,2,n368,n978,1,4.000000,6.000000,2.000000,4,1.00,AND2_X1,0.931035,2.000000,368,978
5825,NODE,n5825,2,n274,n5824,2,5.000000,7.000000,2.000000,5,1.00,NAND2_X1,0.931035,2.000000,274,5824
5826,NODE,n5826,2,pi06,n981,2,4.000000,8.000000,4.000000,4,1.00,AND2_X1,0.862069,4.000000,7,981
5827,NODE,n5827,2,n116,n5826,1,5.000000,9.000000,4.000000,5,1.00,NAND2_X1,0.862069,4.000000,116,5826
5828,NODE,n5828,2,n5825,n5827,1,6.000000,10.000000,4.000000,6,1.00,NAND2_X1,0.862069,4.000000,5825,5827
5829,NODE,n5829,2,pi08,n5828,1,7.000000,11.000000,4.000000,7,1.00,NAND2_X1,0.862069,4.000000,9,5828
5830,NODE,n5830,2,pi07,n1094,1,3.000000,5.000000,2.000000,3,1.00,NAND2_X1,0.931035,2.000000,8,1094
5831,NODE,n5831,2,n2281,n5830,1,5.000000,6.000000,1.000000,5,1.00,NAND2_X1,0.965517,1.000000,2281,5830
5832,NODE,n5832,2,pi05,n5831,1,6.000000,7.000000,1.000000,6,1.00,NAND2_X1,0.965517,1.000000,6,5831
5833,NODE,n5833,2,n594,n822,1,4.000000,7.000000,3.000000,4,1.00,NAND2_X1,0.896552,3.000000,594,822
5834,NODE,n5834,2,n5832,n5833,1,7.000000,8.000000,1.000000,7,1.00,NAND2_X1,0.965517,1.000000,5832,5833
5835,NODE,n5835,2,pi06,n5834,1,8.000000,9.000000,1.000000,8,1.00,NAND2_X1,0.965517,1.000000,7,5834
5836,NODE,n5836,2,pi07,n1093,1,2.000000,7.000000,5.000000,2,1.00,AND2_X1,0.827586,5.000000,8,1093
5837,NODE,n5837,2,n368,n5836,1,3.000000,8.000000,5.000000,3,1.00,AND2_X1,0.827586,5.000000,368,5836
5838,NODE,n5838,2,n34,n5837,1,4.000000,9.000000,5.000000,4,1.00,NAND2_X1,0.827586,5.000000,34,5837
5839,NODE,n5839,2,n5835,n5838,1,9.000000,10.000000,1.000000,9,1.00,NAND2_X1,0.965517,1.000000,5835,5838
5840,NODE,n5840,2,n35,n5839,1,10.000000,11.000000,1.000000,10,1.00,NAND2_X1,0.965517,1.000000,35,5839
5841,NODE,n5841,2,n5829,n5840,1,11.000000,12.000000,1.000000,11,1.00,NAND2_X1,0.965517,1.000000,5829,5840
5842,NODE,n5842,2,n90,n5841,1,12.000000,13.000000,1.000000,12,1.00,NAND2_X1,0.965517,1.000000,90,5841
5843,NODE,n5843,2,pi04,n1214,2,3.000000,6.000000,3.000000,3,1.00,NAND2_X1,0.896552,3.000000,5,1214
5844,NODE,n5844,2,n54,n4186,1,3.000000,6.000000,3.000000,3,1.00,NAND2_X1,0.896552,3.000000,54,4186
5845,NODE,n5845,2,n5843,n5844,1,4.000000,7.000000,3.000000,4,1.00,AND2_X1,0.896552,3.000000,5843,5844
5846,NODE,n5846,2,n689,n2696,1,4.000000,7.000000,3.000000,4,1.00,NAND2_X1,0.896552,3.000000,689,2696
5847,NODE,n5847,2,n5845,n5846,1,5.000000,8.000000,3.000000,5,1.00,NAND2_X1,0.896552,3.000000,5845,5846
5848,NODE,n5848,2,pi15,n5847,1,6.000000,9.000000,3.000000,6,1.00,NAND2_X1,0.896552,3.000000,16,5847
5849,NODE,n5849,2,n790,n5530,1,6.000000,8.000000,2.000000,6,1.00,AND2_X1,0.931035,2.000000,790,5530
5850,NODE,n5850,2,pi06,n5849,1,7.000000,9.000000,2.000000,7,1.00,NAND2_X1,0.931035,2.000000,7,5849
5851,NODE,n5851,2,n5848,n5850,1,8.000000,10.000000,2.000000,8,1.00,NAND2_X1,0.931035,2.000000,5848,5850
5852,NODE,n5852,2,pi05,n5851,1,9.000000,11.000000,2.000000,9,1.00,NAND2_X1,0.931035,2.000000,6,5851
5853,NODE,n5853,2,n435,n1443,1,4.000000,8.000000,4.000000,4,1.00,NAND2_X1,0.862069,4.000000,435,1443
5854,NODE,n5854,2,n790,n1255,1,4.000000,8.000000,4.000000,4,1.00,NAND2_X1,0.862069,4.000000,790,1255
5855,NODE,n5855,2,n5853,n5854,1,5.000000,9.000000,4.000000,5,1.00,NAND2_X1,0.862069,4.000000,5853,5854
5856,NODE,n5856,2,n35,n5855,1,6.000000,10.000000,4.000000,6,1.00,AND2_X1,0.862069,4.000000,35,5855
5857,NODE,n5857,2,n34,n5856,1,7.000000,11.000000,4.000000,7,1.00,NAND2_X1,0.862069,4.000000,34,5856
5858,NODE,n5858,2,n5852,n5857,1,10.000000,12.000000,2.000000,10,1.00,NAND2_X1,0.931035,2.000000,5852,5857
5859,NODE,n5859,2,pi03,n5858,1,11.000000,13.000000,2.000000,11,1.00,NAND2_X1,0.931035,2.000000,4,5858
5860,NODE,n5860,2,n5842,n5859,1,13.000000,14.000000,1.000000,13,1.00,NAND2_X1,0.965517,1.000000,5842,5859
5861,NODE,n5861,2,pi10,n5860,1,14.000000,15.000000,1.000000,14,1.00,NAND2_X1,0.965517,1.000000,11,5860
5862,NODE,n5862,1,n3960,,2,7.000000,7.000000,0.000000,7,1.00,INV_X1,1.000000,0.000000,3960,-1
5863,NODE,n5863,2,n5862,n4176,1,8.000000,15.000000,7.000000,8,1.00,NAND2_X1,0.758621,7.000000,5862,4176
5864,NODE,n5864,2,n5861,n5863,1,15.000000,16.000000,1.000000,15,1.00,NAND2_X1,0.965517,1.000000,5861,5863
5865,NODE,n5865,2,pi09,n5864,1,16.000000,17.000000,1.000000,16,1.00,NAND2_X1,0.965517,1.000000,10,5864
5866,NODE,n5866,1,n3272,,1,5.000000,16.000000,11.000000,5,1.00,INV_X1,0.620690,11.000000,3272,-1
5867,NODE,n5867,2,n62,n3514,2,2.000000,15.000000,13.000000,2,1.00,AND2_X1,0.551724,13.000000,62,3514
5868,NODE,n5868,2,n127,n5867,1,3.000000,16.000000,13.000000,3,1.00,AND2_X1,0.551724,13.000000,127,5867
5869,NODE,n5869,2,n5866,n5868,1,6.000000,17.000000,11.000000,6,1.00,NAND2_X1,0.620690,11.000000,5866,5868
5870,NODE,n5870,2,n5865,n5869,1,17.000000,18.000000,1.000000,17,1.00,AND2_X1,0.965517,1.000000,5865,5869
5871,NODE,n5871,2,n5823,n5870,1,18.000000,19.000000,1.000000,18,1.00,AND2_X1,0.965517,1.000000,5823,5870
5872,NODE,n5872,2,pi04,n1037,1,4.000000,12.000000,8.000000,4,1.00,AND2_X1,0.724138,8.000000,5,1037
5873,NODE,n5873,2,n687,n5872,1,5.000000,13.000000,8.000000,5,1.00,NAND2_X1,0.724138,8.000000,687,5872
5874,NODE,n5874,2,n101,n5809,1,5.000000,13.000000,8.000000,5,1.00,NAND2_X1,0.724138,8.000000,101,5809
5875,NODE,n5875,2,n5873,n5874,1,6.000000,14.000000,8.000000,6,1.00,NAND2_X1,0.724138,8.000000,5873,5874
5876,NODE,n5876,2,pi15,n5875,1,7.000000,15.000000,8.000000,7,1.00,AND2_X1,0.724138,8.000000,16,5875
5877,NODE,n5877,2,pi10,n5876,1,8.000000,16.000000,8.000000,8,1.00,AND2_X1,0.724138,8.000000,11,5876
5878,NODE,n5878,2,pi09,n5877,1,9.000000,17.000000,8.000000,9,1.00,AND2_X1,0.724138,8.000000,10,5877
5879,NODE,n5879,2,n35,n5878,1,10.000000,18.000000,8.000000,10,1.00,AND2_X1,0.724138,8.000000,35,5878
5880,NODE,n5880,2,n34,n5879,1,11.000000,19.000000,8.000000,11,1.00,NAND2_X1,0.724138,8.000000,34,5879
5881,NODE,n5881,2,n5871,n5880,1,19.000000,20.000000,1.000000,19,1.00,AND2_X1,0.965517,1.000000,5871,5880
5882,NODE,n5882,2,n338,n1175,1,4.000000,8.000000,4.000000,4,1.00,NAND2_X1,0.862069,4.000000,338,1175
5883,NODE,n5883,2,n333,n1178,1,4.000000,8.000000,4.000000,4,1.00,NAND2_X1,0.862069,4.000000,333,1178
5884,NODE,n5884,2,n5882,n5883,1,5.000000,9.000000,4.000000,5,1.00,NAND2_X1,0.862069,4.000000,5882,5883
5885,NODE,n5885,2,pi07,n5884,1,6.000000,10.000000,4.000000,6,1.00,AND2_X1,0.862069,4.000000,8,5884
5886,NODE,n5886,2,pi02,n5885,1,7.000000,11.000000,4.000000,7,1.00,NAND2_X1,0.862069,4.000000,3,5885
5887,NODE,n5887,1,n351,,1,5.000000,10.000000,5.000000,5,1.00,INV_X1,0.827586,5.000000,351,-1
5888,NODE,n5888,2,n5887,n4449,1,6.000000,11.000000,5.000000,6,1.00,NAND2_X1,0.827586,5.000000,5887,4449
5889,NODE,n5889,2,n5886,n5888,1,8.000000,12.000000,4.000000,8,1.00,NAND2_X1,0.862069,4.000000,5886,5888
5890,NODE,n5890,2,pi04,n5889,1,9.000000,13.000000,4.000000,9,1.00,NAND2_X1,0.862069,4.000000,5,5889
5891,NODE,n5891,2,n1931,n5123,1,5.000000,10.000000,5.000000,5,1.00,NAND2_X1,0.827586,5.000000,1931,5123
5892,NODE,n5892,2,n54,n5891,1,6.000000,11.000000,5.000000,6,1.00,AND2_X1,0.827586,5.000000,54,5891
5893,NODE,n5893,2,pi03,n5892,1,7.000000,12.000000,5.000000,7,1.00,AND2_X1,0.827586,5.000000,4,5892
5894,NODE,n5894,2,pi02,n5893,1,8.000000,13.000000,5.000000,8,1.00,NAND2_X1,0.827586,5.000000,3,5893
5895,NODE,n5895,2,n5890,n5894,1,10.000000,14.000000,4.000000,10,1.00,NAND2_X1,0.862069,4.000000,5890,5894
5896,NODE,n5896,2,pi06,n5895,1,11.000000,15.000000,4.000000,11,1.00,NAND2_X1,0.862069,4.000000,7,5895
5897,NODE,n5897,2,n159,n1443,1,4.000000,10.000000,6.000000,4,1.00,NAND2_X1,0.793103,6.000000,159,1443
5898,NODE,n5898,2,n156,n822,1,4.000000,10.000000,6.000000,4,1.00,NAND2_X1,0.793103,6.000000,156,822
5899,NODE,n5899,2,n5897,n5898,1,5.000000,11.000000,6.000000,5,1.00,NAND2_X1,0.793103,6.000000,5897,5898
5900,NODE,n5900,2,pi08,n5899,1,6.000000,12.000000,6.000000,6,1.00,AND2_X1,0.793103,6.000000,9,5899
5901,NODE,n5901,2,n368,n5900,1,7.000000,13.000000,6.000000,7,1.00,AND2_X1,0.793103,6.000000,368,5900
5902,NODE,n5902,2,n34,n5901,1,8.000000,14.000000,6.000000,8,1.00,AND2_X1,0.793103,6.000000,34,5901
5903,NODE,n5903,2,n154,n5902,1,9.000000,15.000000,6.000000,9,1.00,NAND2_X1,0.793103,6.000000,154,5902
5904,NODE,n5904,2,n5896,n5903,1,12.000000,16.000000,4.000000,12,1.00,AND2_X1,0.862069,4.000000,5896,5903
5905,NODE,n5905,2,n1555,n1374,1,4.000000,7.000000,3.000000,4,1.00,NAND2_X1,0.896552,3.000000,1555,1374
5906,NODE,n5906,2,n574,n1557,1,4.000000,7.000000,3.000000,4,1.00,NAND2_X1,0.896552,3.000000,574,1557
5907,NODE,n5907,2,n5905,n5906,1,5.000000,8.000000,3.000000,5,1.00,NAND2_X1,0.896552,3.000000,5905,5906
5908,NODE,n5908,2,n35,n5907,1,6.000000,9.000000,3.000000,6,1.00,AND2_X1,0.896552,3.000000,35,5907
5909,NODE,n5909,2,n368,n5908,1,7.000000,10.000000,3.000000,7,1.00,AND2_X1,0.896552,3.000000,368,5908
5910,NODE,n5910,2,n90,n5909,1,8.000000,11.000000,3.000000,8,1.00,NAND2_X1,0.896552,3.000000,90,5909
5911,NODE,n5911,2,pi08,n5588,1,6.000000,8.000000,2.000000,6,1.00,AND2_X1,0.931035,2.000000,9,5588
5912,NODE,n5912,2,pi06,n5911,1,7.000000,9.000000,2.000000,7,1.00,AND2_X1,0.931035,2.000000,7,5911
5913,NODE,n5913,2,pi03,n5912,1,8.000000,10.000000,2.000000,8,1.00,AND2_X1,0.931035,2.000000,4,5912
5914,NODE,n5914,2,n78,n5913,1,9.000000,11.000000,2.000000,9,1.00,NAND2_X1,0.931035,2.000000,78,5913
5915,NODE,n5915,2,n5910,n5914,1,10.000000,12.000000,2.000000,10,1.00,NAND2_X1,0.931035,2.000000,5910,5914
5916,NODE,n5916,2,pi07,n5915,1,11.000000,13.000000,2.000000,11,1.00,NAND2_X1,0.931035,2.000000,8,5915
5917,NODE,n5917,2,n1040,n1178,1,4.000000,12.000000,8.000000,4,1.00,AND2_X1,0.724138,8.000000,1040,1178
5918,NODE,n5918,2,n4598,n5917,1,5.000000,13.000000,8.000000,5,1.00,NAND2_X1,0.724138,8.000000,4598,5917
5919,NODE,n5919,2,n5916,n5918,1,12.000000,14.000000,2.000000,12,1.00,NAND2_X1,0.931035,2.000000,5916,5918
5920,NODE,n5920,2,n154,n5919,1,13.000000,15.000000,2.000000,13,1.00,NAND2_X1,0.931035,2.000000,154,5919
5921,NODE,n5921,2,n61,n1175,2,4.000000,10.000000,6.000000,4,1.00,AND2_X1,0.793103,6.000000,61,1175
5922,NODE,n5922,2,n1143,n5921,1,5.000000,14.000000,9.000000,5,1.00,AND2_X1,0.689655,9.000000,1143,5921
5923,NODE,n5923,2,n1167,n5922,1,6.000000,15.000000,9.000000,6,1.00,NAND2_X1,0.689655,9.000000,1167,5922
5924,NODE,n5924,2,n5920,n5923,1,14.000000,16.000000,2.000000,14,1.00,AND2_X1,0.931035,2.000000,5920,5923
5925,NODE,n5925,2,n5904,n5924,1,15.000000,17.000000,2.000000,15,1.00,NAND2_X1,0.931035,2.000000,5904,5924
5926,NODE,n5926,2,pi09,n5925,1,16.000000,18.000000,2.000000,16,1.00,NAND2_X1,0.931035,2.000000,10,5925
5927,NODE,n5927,2,n1037,n5219,1,5.000000,17.000000,12.000000,5,1.00,AND2_X1,0.586207,12.000000,1037,5219
5928,NODE,n5928,2,n5218,n5927,1,7.000000,18.000000,11.000000,7,1.00,NAND2_X1,0.620690,11.000000,5218,5927
5929,NODE,n5929,2,n5926,n5928,1,17.000000,19.000000,2.000000,17,1.00,NAND2_X1,0.931035,2.000000,5926,5928
5930,NODE,n5930,2,pi10,n5929,1,18.000000,20.000000,2.000000,18,1.00,NAND2_X1,0.931035,2.000000,11,5929
5931,NODE,n5931,2,n5881,n5930,1,20.000000,21.000000,1.000000,20,1.00,NAND2_X1,0.965517,1.000000,5881,5930
5932,NODE,n5932,2,n44,n5931,1,21.000000,22.000000,1.000000,21,1.00,AND2_X1,0.965517,1.000000,44,5931
5933,NODE,n5933,2,pi13,n5932,1,22.000000,23.000000,1.000000,22,1.00,AND2_X1,0.965517,1.000000,14,5932
5934,NODE,n5934,2,pi12,n5933,1,23.000000,24.000000,1.000000,23,1.00,AND2_X1,0.965517,1.000000,13,5933
5935,NODE,n5935,2,pi11,n5934,1,24.000000,25.000000,1.000000,24,1.00,NAND2_X1,0.965517,1.000000,12,5934
5936,NODE,n5936,2,n1053,n4420,1,5.000000,24.000000,19.000000,5,1.00,AND2_X1,0.344828,19.000000,1053,4420
5937,NODE,n5937,2,n1268,n1283,1,5.000000,24.000000,19.000000,5,1.00,AND2_X1,0.344828,19.000000,1268,1283
5938,NODE,n5938,2,n5936,n5937,1,6.000000,25.000000,19.000000,6,1.00,NAND2_X1,0.344828,19.000000,5936,5937
5939,NODE,n5939,2,n5935,n5938,1,25.000000,26.000000,1.000000,25,1.00,AND2_X1,0.965517,1.000000,5935,5938
5940,NODE,n5940,2,n90,n1114,1,4.000000,6.000000,2.000000,4,1.00,AND2_X1,0.931035,2.000000,90,1114
5941,NODE,n5941,2,pi02,n5940,1,5.000000,7.000000,2.000000,5,1.00,AND2_X1,0.931035,2.000000,3,5940
5942,NODE,n5942,2,pi01,n5941,1,6.000000,8.000000,2.000000,6,1.00,NAND2_X1,0.931035,2.000000,2,5941
5943,NODE,n5943,1,n341,,1,5.000000,7.000000,2.000000,5,1.00,INV_X1,0.931035,2.000000,341,-1
5944,NODE,n5944,2,n790,n5943,1,6.000000,8.000000,2.000000,6,1.00,NAND2_X1,0.931035,2.000000,790,5943
5945,NODE,n5945,2,n5942,n5944,1,7.000000,9.000000,2.000000,7,1.00,NAND2_X1,0.931035,2.000000,5942,5944
5946,NODE,n5946,2,n368,n5945,1,8.000000,10.000000,2.000000,8,1.00,NAND2_X1,0.931035,2.000000,368,5945
5947,NODE,n5947,2,n2865,n2291,1,6.000000,10.000000,4.000000,6,1.00,NAND2_X1,0.862069,4.000000,2865,2291
5948,NODE,n5948,2,n5946,n5947,1,9.000000,11.000000,2.000000,9,1.00,NAND2_X1,0.931035,2.000000,5946,5947
5949,NODE,n5949,2,pi04,n5948,1,10.000000,12.000000,2.000000,10,1.00,NAND2_X1,0.931035,2.000000,5,5948
5950,NODE,n5950,2,n5375,n5393,1,6.000000,12.000000,6.000000,6,1.00,NAND2_X1,0.793103,6.000000,5375,5393
5951,NODE,n5951,2,n5949,n5950,1,11.000000,13.000000,2.000000,11,1.00,NAND2_X1,0.931035,2.000000,5949,5950
5952,NODE,n5952,2,pi08,n5951,1,12.000000,14.000000,2.000000,12,1.00,NAND2_X1,0.931035,2.000000,9,5951
5953,NODE,n5953,2,n159,n1701,1,4.000000,13.000000,9.000000,4,1.00,AND2_X1,0.689655,9.000000,159,1701
5954,NODE,n5954,2,n379,n1075,2,4.000000,11.000000,7.000000,4,1.00,AND2_X1,0.758621,7.000000,379,1075
5955,NODE,n5955,2,n5953,n5954,1,5.000000,14.000000,9.000000,5,1.00,NAND2_X1,0.689655,9.000000,5953,5954
5956,NODE,n5956,2,n5952,n5955,1,13.000000,15.000000,2.000000,13,1.00,AND2_X1,0.931035,2.000000,5952,5955
5957,NODE,n5957,2,n90,n1985,1,4.000000,4.000000,0.000000,4,1.00,AND2_X1,1.000000,0.000000,90,1985
5958,NODE,n5958,2,pi02,n5957,1,5.000000,5.000000,0.000000,5,1.00,AND2_X1,1.000000,0.000000,3,5957
5959,NODE,n5959,2,pi01,n5958,1,6.000000,6.000000,0.000000,6,1.00,NAND2_X1,1.000000,0.000000,2,5958
5960,NODE,n5960,1,n3841,,1,5.000000,5.000000,0.000000,5,1.00,INV_X1,1.000000,0.000000,3841,-1
5961,NODE,n5961,2,pi15,n5960,1,6.000000,6.000000,0.000000,6,1.00,NAND2_X1,1.000000,0.000000,16,5960
5962,NODE,n5962,2,n5959,n5961,1,7.000000,7.000000,0.000000,7,1.00,NAND2_X1,1.000000,0.000000,5959,5961
5963,NODE,n5963,2,pi05,n5962,1,8.000000,8.000000,0.000000,8,1.00,NAND2_X1,1.000000,0.000000,6,5962
5964,NODE,n5964,2,n34,n1991,1,4.000000,7.000000,3.000000,4,1.00,AND2_X1,0.896552,3.000000,34,1991
5965,NODE,n5965,2,n2291,n5964,1,6.000000,8.000000,2.000000,6,1.00,NAND2_X1,0.931035,2.000000,2291,5964
5966,NODE,n5966,2,n5963,n5965,1,9.000000,9.000000,0.000000,9,1.00,NAND2_X1,1.000000,0.000000,5963,5965
5967,NODE,n5967,2,pi00,n5966,1,10.000000,10.000000,0.000000,10,1.00,NAND2_X1,1.000000,0.000000,1,5966
5968,NODE,n5968,2,n344,n1953,1,2.000000,5.000000,3.000000,2,1.00,NAND2_X1,0.896552,3.000000,344,1953
5969,NODE,n5969,2,n347,n1129,1,3.000000,5.000000,2.000000,3,1.00,NAND2_X1,0.931035,2.000000,347,1129
5970,NODE,n5970,2,n5968,n5969,1,4.000000,6.000000,2.000000,4,1.00,AND2_X1,0.931035,2.000000,5968,5969
5971,NODE,n5971,2,n154,n5970,1,5.000000,7.000000,2.000000,5,1.00,NAND2_X1,0.931035,2.000000,154,5970
5972,NODE,n5972,2,n34,n1126,2,4.000000,6.000000,2.000000,4,1.00,AND2_X1,0.931035,2.000000,34,1126
5973,NODE,n5973,2,n1052,n5972,1,5.000000,7.000000,2.000000,5,1.00,NAND2_X1,0.931035,2.000000,1052,5972
5974,NODE,n5974,2,n5971,n5973,1,6.000000,8.000000,2.000000,6,1.00,NAND2_X1,0.931035,2.000000,5971,5973
5975,NODE,n5975,2,n138,n5974,1,7.000000,9.000000,2.000000,7,1.00,AND2_X1,0.931035,2.000000,138,5974
5976,NODE,n5976,2,n78,n5975,1,8.000000,10.000000,2.000000,8,1.00,NAND2_X1,0.931035,2.000000,78,5975
5977,NODE,n5977,2,n5967,n5976,1,11.000000,11.000000,0.000000,11,1.00,NAND2_X1,1.000000,0.000000,5967,5976
5978,NODE,n5978,2,pi08,n5977,1,12.000000,12.000000,0.000000,12,1.00,NAND2_X1,1.000000,0.000000,9,5977
5979,NODE,n5979,2,n755,n1833,1,4.000000,11.000000,7.000000,4,1.00,AND2_X1,0.758621,7.000000,755,1833
5980,NODE,n5980,2,n1075,n1150,1,4.000000,11.000000,7.000000,4,1.00,AND2_X1,0.758621,7.000000,1075,1150
5981,NODE,n5981,2,n5979,n5980,1,5.000000,12.000000,7.000000,5,1.00,NAND2_X1,0.758621,7.000000,5979,5980
5982,NODE,n5982,2,n5978,n5981,1,13.000000,13.000000,0.000000,13,1.00,NAND2_X1,1.000000,0.000000,5978,5981
5983,NODE,n5983,2,n54,n5982,1,14.000000,14.000000,0.000000,14,1.00,NAND2_X1,1.000000,0.000000,54,5982
5984,NODE,n5984,2,pi02,n4569,1,5.000000,9.000000,4.000000,5,1.00,AND2_X1,0.862069,4.000000,3,4569
5985,NODE,n5985,2,n348,n5984,1,6.000000,10.000000,4.000000,6,1.00,NAND2_X1,0.862069,4.000000,348,5984
5986,NODE,n5986,2,pi06,n1178,1,4.000000,9.000000,5.000000,4,1.00,AND2_X1,0.827586,5.000000,7,1178
5987,NODE,n5987,2,n1975,n5986,1,5.000000,10.000000,5.000000,5,1.00,NAND2_X1,0.827586,5.000000,1975,5986
5988,NODE,n5988,2,n5985,n5987,1,7.000000,11.000000,4.000000,7,1.00,NAND2_X1,0.862069,4.000000,5985,5987
5989,NODE,n5989,2,pi04,n5988,1,8.000000,12.000000,4.000000,8,1.00,AND2_X1,0.862069,4.000000,5,5988
5990,NODE,n5990,2,n138,n5989,1,9.000000,13.000000,4.000000,9,1.00,AND2_X1,0.862069,4.000000,138,5989
5991,NODE,n5991,2,pi00,n5990,1,10.000000,14.000000,4.000000,10,1.00,NAND2_X1,0.862069,4.000000,1,5990
5992,NODE,n5992,2,n5983,n5991,1,15.000000,15.000000,0.000000,15,1.00,AND2_X1,1.000000,0.000000,5983,5991
5993,NODE,n5993,2,n5956,n5992,1,16.000000,16.000000,0.000000,16,1.00,NAND2_X1,1.000000,0.000000,5956,5992
5994,NODE,n5994,2,pi07,n5993,1,17.000000,17.000000,0.000000,17,1.00,NAND2_X1,1.000000,0.000000,8,5993
5995,NODE,n5995,2,n1174,n3096,1,3.000000,10.000000,7.000000,3,1.00,NAND2_X1,0.758621,7.000000,1174,3096
5996,NODE,n5996,2,n1177,n3095,1,3.000000,9.000000,6.000000,3,1.00,NAND2_X1,0.793103,6.000000,1177,3095
5997,NODE,n5997,2,n54,n2152,1,3.000000,9.000000,6.000000,3,1.00,AND2_X1,0.793103,6.000000,54,2152
5998,NODE,n5998,2,n5996,n5997,1,4.000000,10.000000,6.000000,4,1.00,AND2_X1,0.793103,6.000000,5996,5997
5999,NODE,n5999,2,n5995,n5998,1,5.000000,11.000000,6.000000,5,1.00,NAND2_X1,0.793103,6.000000,5995,5998
6000,NODE,n6000,2,pi08,n1985,1,4.000000,7.000000,3.000000,4,1.00,AND2_X1,0.896552,3.000000,9,1985
6001,NODE,n6001,2,pi04,n6000,1,5.000000,8.000000,3.000000,5,1.00,AND2_X1,0.896552,3.000000,5,6000
6002,NODE,n6002,2,n90,n6001,1,6.000000,9.000000,3.000000,6,1.00,AND2_X1,0.896552,3.000000,90,6001
6003,NODE,n6003,2,pi02,n6002,1,7.000000,10.000000,3.000000,7,1.00,AND2_X1,0.896552,3.000000,3,6002
6004,NODE,n6004,2,n138,n6003,1,8.000000,11.000000,3.000000,8,1.00,NAND2_X1,0.896552,3.000000,138,6003
6005,NODE,n6005,2,n5999,n6004,1,9.000000,12.000000,3.000000,9,1.00,NAND2_X1,0.896552,3.000000,5999,6004
6006,NODE,n6006,2,n34,n6005,1,10.000000,13.000000,3.000000,10,1.00,NAND2_X1,0.896552,3.000000,34,6005
6007,NODE,n6007,2,n54,n5954,1,5.000000,12.000000,7.000000,5,1.00,AND2_X1,0.758621,7.000000,54,5954
6008,NODE,n6008,2,n2291,n6007,1,6.000000,13.000000,7.000000,6,1.00,NAND2_X1,0.758621,7.000000,2291,6007
6009,NODE,n6009,2,n6006,n6008,1,11.000000,14.000000,3.000000,11,1.00,NAND2_X1,0.896552,3.000000,6006,6008
6010,NODE,n6010,2,n78,n6009,1,12.000000,15.000000,3.000000,12,1.00,NAND2_X1,0.896552,3.000000,78,6009
6011,NODE,n6011,2,n163,n2865,1,5.000000,10.000000,5.000000,5,1.00,NAND2_X1,0.827586,5.000000,163,2865
6012,NODE,n6012,1,n5587,,1,5.000000,9.000000,4.000000,5,1.00,INV_X1,0.862069,4.000000,5587,-1
6013,NODE,n6013,1,n3313,,1,3.000000,8.000000,5.000000,3,1.00,INV_X1,0.827586,5.000000,3313,-1
6014,NODE,n6014,2,pi03,n6013,1,4.000000,9.000000,5.000000,4,1.00,AND2_X1,0.827586,5.000000,4,6013
6015,NODE,n6015,2,n6012,n6014,1,6.000000,10.000000,4.000000,6,1.00,NAND2_X1,0.862069,4.000000,6012,6014
6016,NODE,n6016,2,n6011,n6015,1,7.000000,11.000000,4.000000,7,1.00,NAND2_X1,0.862069,4.000000,6011,6015
6017,NODE,n6017,2,pi02,n6016,1,8.000000,12.000000,4.000000,8,1.00,NAND2_X1,0.862069,4.000000,3,6016
6018,NODE,n6018,2,n1998,n4251,1,5.000000,12.000000,7.000000,5,1.00,NAND2_X1,0.758621,7.000000,1998,4251
6019,NODE,n6019,2,n6017,n6018,1,9.000000,13.000000,4.000000,9,1.00,NAND2_X1,0.862069,4.000000,6017,6018
6020,NODE,n6020,2,pi08,n6019,1,10.000000,14.000000,4.000000,10,1.00,AND2_X1,0.862069,4.000000,9,6019
6021,NODE,n6021,2,pi00,n6020,1,11.000000,15.000000,4.000000,11,1.00,NAND2_X1,0.862069,4.000000,1,6020
6022,NODE,n6022,2,n6010,n6021,1,13.000000,16.000000,3.000000,13,1.00,NAND2_X1,0.896552,3.000000,6010,6021
6023,NODE,n6023,2,n61,n6022,1,14.000000,17.000000,3.000000,14,1.00,NAND2_X1,0.896552,3.000000,61,6022
6024,NODE,n6024,2,n5994,n6023,1,18.000000,18.000000,0.000000,18,1.00,NAND2_X1,1.000000,0.000000,5994,6023
6025,NODE,n6025,2,pi10,n6024,1,19.000000,19.000000,0.000000,19,1.00,NAND2_X1,1.000000,0.000000,11,6024
6026,NODE,n6026,2,n3268,n4135,1,5.000000,18.000000,13.000000,5,1.00,AND2_X1,0.551724,13.000000,3268,4135
6027,NODE,n6027,2,n776,n6026,1,6.000000,19.000000,13.000000,6,1.00,NAND2_X1,0.551724,13.000000,776,6026
6028,NODE,n6028,2,n6025,n6027,1,20.000000,20.000000,0.000000,20,1.00,NAND2_X1,1.000000,0.000000,6025,6027
6029,NODE,n6029,2,pi09,n6028,1,21.000000,21.000000,0.000000,21,1.00,NAND2_X1,1.000000,0.000000,10,6028
6030,NODE,n6030,2,n616,n733,1,6.000000,20.000000,14.000000,6,1.00,AND2_X1,0.517241,14.000000,616,733
6031,NODE,n6031,2,n3780,n5867,1,4.000000,20.000000,16.000000,4,1.00,AND2_X1,0.448276,16.000000,3780,5867
6032,NODE,n6032,2,n6030,n6031,1,7.000000,21.000000,14.000000,7,1.00,NAND2_X1,0.517241,14.000000,6030,6031
6033,NODE,n6033,2,n6029,n6032,1,22.000000,22.000000,0.000000,22,1.00,NAND2_X1,1.000000,0.000000,6029,6032
6034,NODE,n6034,2,n44,n6033,1,23.000000,23.000000,0.000000,23,1.00,AND2_X1,1.000000,0.000000,44,6033
6035,NODE,n6035,2,pi13,n6034,1,24.000000,24.000000,0.000000,24,1.00,AND2_X1,1.000000,0.000000,14,6034
6036,NODE,n6036,2,pi12,n6035,1,25.000000,25.000000,0.000000,25,1.00,AND2_X1,1.000000,0.000000,13,6035
6037,NODE,n6037,2,pi11,n6036,1,26.000000,26.000000,0.000000,26,1.00,NAND2_X1,1.000000,0.000000,12,6036
6038,NODE,n6038,2,n5939,n6037,1,27.000000,27.000000,0.000000,27,1.00,AND2_X1,1.000000,0.000000,5939,6037
6039,NODE,n6039,2,n5804,n6038,1,28.000000,28.000000,0.000000,28,1.00,NAND2_X1,1.000000,0.000000,5804,6038
6040,NODE,n6040,2,n380,n416,1,5.000000,12.000000,7.000000,5,1.00,NAND2_X1,0.758621,7.000000,380,416
6041,NODE,n6041,2,pi15,n6040,1,6.000000,13.000000,7.000000,6,1.00,AND2_X1,0.758621,7.000000,16,6040
6042,NODE,n6042,2,n44,n6041,1,7.000000,14.000000,7.000000,7,1.00,AND2_X1,0.758621,7.000000,44,6041
6043,NODE,n6043,2,pi13,n6042,1,8.000000,15.000000,7.000000,8,1.00,AND2_X1,0.758621,7.000000,14,6042
6044,NODE,n6044,2,pi12,n6043,1,9.000000,16.000000,7.000000,9,1.00,AND2_X1,0.758621,7.000000,13,6043
6045,NODE,n6045,2,pi11,n6044,1,10.000000,17.000000,7.000000,10,1.00,NAND2_X1,0.758621,7.000000,12,6044
6046,NODE,n6046,2,n790,n3333,1,5.000000,16.000000,11.000000,5,1.00,AND2_X1,0.620690,11.000000,790,3333
6047,NODE,n6047,2,n879,n6046,1,6.000000,17.000000,11.000000,6,1.00,NAND2_X1,0.620690,11.000000,879,6046
6048,NODE,n6048,2,n6045,n6047,1,11.000000,18.000000,7.000000,11,1.00,NAND2_X1,0.758621,7.000000,6045,6047
6049,NODE,n6049,2,pi07,n6048,1,12.000000,19.000000,7.000000,12,1.00,NAND2_X1,0.758621,7.000000,8,6048
6050,NODE,n6050,2,n62,n1414,1,6.000000,18.000000,12.000000,6,1.00,AND2_X1,0.586207,12.000000,62,1414
6051,NODE,n6051,2,n61,n6050,1,7.000000,19.000000,12.000000,7,1.00,NAND2_X1,0.586207,12.000000,61,6050
6052,NODE,n6052,2,n6049,n6051,1,13.000000,20.000000,7.000000,13,1.00,AND2_X1,0.758621,7.000000,6049,6051
6053,NODE,n6053,2,n921,n1046,1,5.000000,19.000000,14.000000,5,1.00,AND2_X1,0.517241,14.000000,921,1046
6054,NODE,n6054,2,n1510,n6053,1,7.000000,20.000000,13.000000,7,1.00,NAND2_X1,0.551724,13.000000,1510,6053
6055,NODE,n6055,2,n6052,n6054,1,14.000000,21.000000,7.000000,14,1.00,AND2_X1,0.758621,7.000000,6052,6054
6056,NODE,n6056,2,pi00,n895,1,4.000000,8.000000,4.000000,4,1.00,NAND2_X1,0.862069,4.000000,1,895
6057,NODE,n6057,2,n851,n6056,1,5.000000,9.000000,4.000000,5,1.00,NAND2_X1,0.862069,4.000000,851,6056
6058,NODE,n6058,2,n790,n6057,1,6.000000,10.000000,4.000000,6,1.00,AND2_X1,0.862069,4.000000,790,6057
6059,NODE,n6059,2,pi02,n6058,1,7.000000,11.000000,4.000000,7,1.00,NAND2_X1,0.862069,4.000000,3,6058
6060,NODE,n6060,2,n860,n4449,1,4.000000,11.000000,7.000000,4,1.00,NAND2_X1,0.758621,7.000000,860,4449
6061,NODE,n6061,2,n6059,n6060,1,8.000000,12.000000,4.000000,8,1.00,NAND2_X1,0.862069,4.000000,6059,6060
6062,NODE,n6062,2,pi03,n6061,1,9.000000,13.000000,4.000000,9,1.00,NAND2_X1,0.862069,4.000000,4,6061
6063,NODE,n6063,2,n90,n896,1,5.000000,11.000000,6.000000,5,1.00,AND2_X1,0.793103,6.000000,90,896
6064,NODE,n6064,2,n154,n6063,1,6.000000,12.000000,6.000000,6,1.00,AND2_X1,0.793103,6.000000,154,6063
6065,NODE,n6065,2,pi00,n6064,1,7.000000,13.000000,6.000000,7,1.00,NAND2_X1,0.793103,6.000000,1,6064
6066,NODE,n6066,2,n6062,n6065,1,10.000000,14.000000,4.000000,10,1.00,NAND2_X1,0.862069,4.000000,6062,6065
6067,NODE,n6067,2,n62,n6066,1,11.000000,15.000000,4.000000,11,1.00,NAND2_X1,0.862069,4.000000,62,6066
6068,NODE,n6068,1,n4290,,2,5.000000,14.000000,9.000000,5,1.00,INV_X1,0.689655,9.000000,4290,-1
6069,NODE,n6069,2,n689,n1107,1,4.000000,14.000000,10.000000,4,1.00,AND2_X1,0.655172,10.000000,689,1107
6070,NODE,n6070,2,n6068,n6069,1,6.000000,15.000000,9.000000,6,1.00,NAND2_X1,0.689655,9.000000,6068,6069
6071,NODE,n6071,2,n6067,n6070,1,12.000000,16.000000,4.000000,12,1.00,NAND2_X1,0.862069,4.000000,6067,6070
6072,NODE,n6072,2,pi14,n6071,1,13.000000,17.000000,4.000000,13,1.00,AND2_X1,0.862069,4.000000,15,6071
6073,NODE,n6073,2,n40,n6072,1,14.000000,18.000000,4.000000,14,1.00,AND2_X1,0.862069,4.000000,40,6072
6074,NODE,n6074,2,n39,n6073,1,15.000000,19.000000,4.000000,15,1.00,AND2_X1,0.862069,4.000000,39,6073
6075,NODE,n6075,2,n36,n6074,1,16.000000,20.000000,4.000000,16,1.00,AND2_X1,0.862069,4.000000,36,6074
6076,NODE,n6076,2,n33,n6075,1,17.000000,21.000000,4.000000,17,1.00,NAND2_X1,0.862069,4.000000,33,6075
6077,NODE,n6077,2,n6055,n6076,1,18.000000,22.000000,4.000000,18,1.00,AND2_X1,0.862069,4.000000,6055,6076
6078,NODE,n6078,2,n348,n1078,1,4.000000,10.000000,6.000000,4,1.00,NAND2_X1,0.793103,6.000000,348,1078
6079,NODE,n6079,2,n3011,n6078,1,5.000000,11.000000,6.000000,5,1.00,NAND2_X1,0.793103,6.000000,3011,6078
6080,NODE,n6080,2,pi00,n6079,1,6.000000,12.000000,6.000000,6,1.00,NAND2_X1,0.793103,6.000000,1,6079
6081,NODE,n6081,1,n1766,,2,5.000000,10.000000,5.000000,5,1.00,INV_X1,0.827586,5.000000,1766,-1
6082,NODE,n6082,2,n118,n6081,1,6.000000,12.000000,6.000000,6,1.00,NAND2_X1,0.793103,6.000000,118,6081
6083,NODE,n6083,2,n6080,n6082,1,7.000000,13.000000,6.000000,7,1.00,AND2_X1,0.793103,6.000000,6080,6082
6084,NODE,n6084,2,n90,n1768,1,6.000000,7.000000,1.000000,6,1.00,NAND2_X1,0.965517,1.000000,90,1768
6085,NODE,n6085,2,n345,n1178,1,4.000000,7.000000,3.000000,4,1.00,NAND2_X1,0.896552,3.000000,345,1178
6086,NODE,n6086,2,n6084,n6085,2,7.000000,8.000000,1.000000,7,1.00,NAND2_X1,0.965517,1.000000,6084,6085
6087,NODE,n6087,2,n78,n6086,1,8.000000,11.000000,3.000000,8,1.00,NAND2_X1,0.896552,3.000000,78,6086
6088,NODE,n6088,2,n854,n6081,1,6.000000,11.000000,5.000000,6,1.00,NAND2_X1,0.827586,5.000000,854,6081
6089,NODE,n6089,2,n6087,n6088,1,9.000000,12.000000,3.000000,9,1.00,NAND2_X1,0.896552,3.000000,6087,6088
6090,NODE,n6090,2,pi02,n6089,1,10.000000,13.000000,3.000000,10,1.00,NAND2_X1,0.896552,3.000000,3,6089
6091,NODE,n6091,2,n6083,n6090,1,11.000000,14.000000,3.000000,11,1.00,NAND2_X1,0.896552,3.000000,6083,6090
6092,NODE,n6092,2,n44,n6091,1,12.000000,15.000000,3.000000,12,1.00,AND2_X1,0.896552,3.000000,44,6091
6093,NODE,n6093,2,pi13,n6092,1,13.000000,16.000000,3.000000,13,1.00,AND2_X1,0.896552,3.000000,14,6092
6094,NODE,n6094,2,pi12,n6093,1,14.000000,17.000000,3.000000,14,1.00,AND2_X1,0.896552,3.000000,13,6093
6095,NODE,n6095,2,pi11,n6094,1,15.000000,18.000000,3.000000,15,1.00,AND2_X1,0.896552,3.000000,12,6094
6096,NODE,n6096,2,pi10,n6095,1,16.000000,19.000000,3.000000,16,1.00,NAND2_X1,0.896552,3.000000,11,6095
6097,NODE,n6097,2,pi03,n2438,1,4.000000,17.000000,13.000000,4,1.00,AND2_X1,0.551724,13.000000,4,2438
6098,NODE,n6098,2,n404,n6097,1,5.000000,18.000000,13.000000,5,1.00,AND2_X1,0.551724,13.000000,404,6097
6099,NODE,n6099,2,n1510,n6098,1,7.000000,19.000000,12.000000,7,1.00,NAND2_X1,0.586207,12.000000,1510,6098
6100,NODE,n6100,2,n6096,n6099,1,17.000000,20.000000,3.000000,17,1.00,NAND2_X1,0.896552,3.000000,6096,6099
6101,NODE,n6101,2,pi09,n6100,1,18.000000,21.000000,3.000000,18,1.00,AND2_X1,0.896552,3.000000,10,6100
6102,NODE,n6102,2,pi07,n6101,1,19.000000,22.000000,3.000000,19,1.00,NAND2_X1,0.896552,3.000000,8,6101
6103,NODE,n6103,2,n6077,n6102,1,20.000000,23.000000,3.000000,20,1.00,AND2_X1,0.896552,3.000000,6077,6102
6104,NODE,n6104,2,n116,n5921,1,5.000000,11.000000,6.000000,5,1.00,NAND2_X1,0.793103,6.000000,116,5921
6105,NODE,n6105,2,n274,n5167,1,5.000000,11.000000,6.000000,5,1.00,NAND2_X1,0.793103,6.000000,274,5167
6106,NODE,n6106,2,n6104,n6105,1,6.000000,12.000000,6.000000,6,1.00,NAND2_X1,0.793103,6.000000,6104,6105
6107,NODE,n6107,2,n90,n6106,1,7.000000,13.000000,6.000000,7,1.00,NAND2_X1,0.793103,6.000000,90,6106
6108,NODE,n6108,2,n5098,n4308,1,6.000000,13.000000,7.000000,6,1.00,NAND2_X1,0.758621,7.000000,5098,4308
6109,NODE,n6109,2,n6107,n6108,1,8.000000,14.000000,6.000000,8,1.00,NAND2_X1,0.793103,6.000000,6107,6108
6110,NODE,n6110,2,n44,n6109,1,9.000000,15.000000,6.000000,9,1.00,AND2_X1,0.793103,6.000000,44,6109
6111,NODE,n6111,2,pi13,n6110,1,10.000000,16.000000,6.000000,10,1.00,AND2_X1,0.793103,6.000000,14,6110
6112,NODE,n6112,2,pi12,n6111,1,11.000000,17.000000,6.000000,11,1.00,AND2_X1,0.793103,6.000000,13,6111
6113,NODE,n6113,2,pi11,n6112,1,12.000000,18.000000,6.000000,12,1.00,AND2_X1,0.793103,6.000000,12,6112
6114,NODE,n6114,2,pi10,n6113,1,13.000000,19.000000,6.000000,13,1.00,AND2_X1,0.793103,6.000000,11,6113
6115,NODE,n6115,2,pi09,n6114,1,14.000000,20.000000,6.000000,14,1.00,NAND2_X1,0.793103,6.000000,10,6114
6116,NODE,n6116,2,n231,n1183,1,4.000000,11.000000,7.000000,4,1.00,NAND2_X1,0.758621,7.000000,231,1183
6117,NODE,n6117,2,n2310,n6116,1,5.000000,12.000000,7.000000,5,1.00,NAND2_X1,0.758621,7.000000,2310,6116
6118,NODE,n6118,2,pi14,n6117,1,6.000000,13.000000,7.000000,6,1.00,AND2_X1,0.758621,7.000000,15,6117
6119,NODE,n6119,2,n40,n6118,1,7.000000,14.000000,7.000000,7,1.00,AND2_X1,0.758621,7.000000,40,6118
6120,NODE,n6120,2,n39,n6119,1,8.000000,15.000000,7.000000,8,1.00,AND2_X1,0.758621,7.000000,39,6119
6121,NODE,n6121,2,n36,n6120,1,9.000000,16.000000,7.000000,9,1.00,AND2_X1,0.758621,7.000000,36,6120
6122,NODE,n6122,2,n33,n6121,1,10.000000,17.000000,7.000000,10,1.00,AND2_X1,0.758621,7.000000,33,6121
6123,NODE,n6123,2,n62,n6122,1,11.000000,18.000000,7.000000,11,1.00,AND2_X1,0.758621,7.000000,62,6122
6124,NODE,n6124,2,n35,n6123,1,12.000000,19.000000,7.000000,12,1.00,AND2_X1,0.758621,7.000000,35,6123
6125,NODE,n6125,2,n61,n6124,1,13.000000,20.000000,7.000000,13,1.00,NAND2_X1,0.758621,7.000000,61,6124
6126,NODE,n6126,2,n6115,n6125,1,15.000000,21.000000,6.000000,15,1.00,AND2_X1,0.793103,6.000000,6115,6125
6127,NODE,n6127,2,n231,n2438,1,4.000000,15.000000,11.000000,4,1.00,AND2_X1,0.620690,11.000000,231,2438
6128,NODE,n6128,2,n42,n956,3,4.000000,9.000000,5.000000,4,1.00,AND2_X1,0.827586,5.000000,42,956
6129,NODE,n6129,2,n6127,n6128,1,5.000000,16.000000,11.000000,5,1.00,NAND2_X1,0.620690,11.000000,6127,6128
6130,NODE,n6130,2,n175,n181,1,5.000000,16.000000,11.000000,5,1.00,NAND2_X1,0.620690,11.000000,175,181
6131,NODE,n6131,2,n6129,n6130,1,6.000000,17.000000,11.000000,6,1.00,NAND2_X1,0.620690,11.000000,6129,6130
6132,NODE,n6132,2,pi15,n6131,1,7.000000,18.000000,11.000000,7,1.00,AND2_X1,0.620690,11.000000,16,6131
6133,NODE,n6133,2,n33,n6132,1,8.000000,19.000000,11.000000,8,1.00,AND2_X1,0.620690,11.000000,33,6132
6134,NODE,n6134,2,n61,n6133,1,9.000000,20.000000,11.000000,9,1.00,AND2_X1,0.620690,11.000000,61,6133
6135,NODE,n6135,2,pi00,n6134,1,10.000000,21.000000,11.000000,10,1.00,NAND2_X1,0.620690,11.000000,1,6134
6136,NODE,n6136,2,n6126,n6135,1,16.000000,22.000000,6.000000,16,1.00,AND2_X1,0.793103,6.000000,6126,6135
6137,NODE,n6137,2,n275,n1449,1,5.000000,9.000000,4.000000,5,1.00,NAND2_X1,0.862069,4.000000,275,1449
6138,NODE,n6138,2,n113,n1452,1,4.000000,9.000000,5.000000,4,1.00,NAND2_X1,0.827586,5.000000,113,1452
6139,NODE,n6139,2,n6137,n6138,1,6.000000,10.000000,4.000000,6,1.00,NAND2_X1,0.862069,4.000000,6137,6138
6140,NODE,n6140,2,n61,n6139,1,7.000000,11.000000,4.000000,7,1.00,AND2_X1,0.862069,4.000000,61,6139
6141,NODE,n6141,2,pi03,n6140,1,8.000000,12.000000,4.000000,8,1.00,AND2_X1,0.862069,4.000000,4,6140
6142,NODE,n6142,2,pi02,n6141,1,9.000000,13.000000,4.000000,9,1.00,NAND2_X1,0.862069,4.000000,3,6141
6143,NODE,n6143,2,n35,n6128,1,5.000000,10.000000,5.000000,5,1.00,AND2_X1,0.827586,5.000000,35,6128
6144,NODE,n6144,2,pi07,n6143,1,6.000000,11.000000,5.000000,6,1.00,AND2_X1,0.827586,5.000000,8,6143
6145,NODE,n6145,2,n90,n6144,1,7.000000,12.000000,5.000000,7,1.00,AND2_X1,0.827586,5.000000,90,6144
6146,NODE,n6146,2,n154,n6145,1,8.000000,13.000000,5.000000,8,1.00,NAND2_X1,0.827586,5.000000,154,6145
6147,NODE,n6147,2,n6142,n6146,1,10.000000,14.000000,4.000000,10,1.00,NAND2_X1,0.862069,4.000000,6142,6146
6148,NODE,n6148,2,pi15,n6147,1,11.000000,15.000000,4.000000,11,1.00,NAND2_X1,0.862069,4.000000,16,6147
6149,NODE,n6149,2,n535,n1795,1,5.000000,7.000000,2.000000,5,1.00,NAND2_X1,0.931035,2.000000,535,1795
6150,NODE,n6150,2,n790,n6149,1,6.000000,8.000000,2.000000,6,1.00,AND2_X1,0.931035,2.000000,790,6149
6151,NODE,n6151,2,pi14,n6150,1,7.000000,9.000000,2.000000,7,1.00,AND2_X1,0.931035,2.000000,15,6150
6152,NODE,n6152,2,n40,n6151,1,8.000000,10.000000,2.000000,8,1.00,AND2_X1,0.931035,2.000000,40,6151
6153,NODE,n6153,2,n39,n6152,1,9.000000,11.000000,2.000000,9,1.00,AND2_X1,0.931035,2.000000,39,6152
6154,NODE,n6154,2,n36,n6153,1,10.000000,12.000000,2.000000,10,1.00,AND2_X1,0.931035,2.000000,36,6153
6155,NODE,n6155,2,n62,n6154,1,11.000000,13.000000,2.000000,11,1.00,AND2_X1,0.931035,2.000000,62,6154
6156,NODE,n6156,2,n35,n6155,1,12.000000,14.000000,2.000000,12,1.00,AND2_X1,0.931035,2.000000,35,6155
6157,NODE,n6157,2,n90,n6156,1,13.000000,15.000000,2.000000,13,1.00,NAND2_X1,0.931035,2.000000,90,6156
6158,NODE,n6158,2,n6148,n6157,1,14.000000,16.000000,2.000000,14,1.00,NAND2_X1,0.931035,2.000000,6148,6157
6159,NODE,n6159,2,n33,n6158,1,15.000000,17.000000,2.000000,15,1.00,NAND2_X1,0.931035,2.000000,33,6158
6160,NODE,n6160,2,pi07,n6086,1,8.000000,9.000000,1.000000,8,1.00,NAND2_X1,0.965517,1.000000,8,6086
6161,NODE,n6161,2,n348,n4584,1,5.000000,9.000000,4.000000,5,1.00,NAND2_X1,0.862069,4.000000,348,4584
6162,NODE,n6162,2,n6160,n6161,1,9.000000,10.000000,1.000000,9,1.00,NAND2_X1,0.965517,1.000000,6160,6161
6163,NODE,n6163,2,n44,n6162,1,10.000000,11.000000,1.000000,10,1.00,AND2_X1,0.965517,1.000000,44,6162
6164,NODE,n6164,2,pi13,n6163,1,11.000000,12.000000,1.000000,11,1.00,AND2_X1,0.965517,1.000000,14,6163
6165,NODE,n6165,2,pi12,n6164,1,12.000000,13.000000,1.000000,12,1.00,AND2_X1,0.965517,1.000000,13,6164
6166,NODE,n6166,2,pi11,n6165,1,13.000000,14.000000,1.000000,13,1.00,AND2_X1,0.965517,1.000000,12,6165
6167,NODE,n6167,2,pi10,n6166,1,14.000000,15.000000,1.000000,14,1.00,AND2_X1,0.965517,1.000000,11,6166
6168,NODE,n6168,2,pi09,n6167,1,15.000000,16.000000,1.000000,15,1.00,AND2_X1,0.965517,1.000000,10,6167
6169,NODE,n6169,2,n154,n6168,1,16.000000,17.000000,1.000000,16,1.00,NAND2_X1,0.965517,1.000000,154,6168
6170,NODE,n6170,2,n6159,n6169,1,17.000000,18.000000,1.000000,17,1.00,NAND2_X1,0.965517,1.000000,6159,6169
6171,NODE,n6171,2,pi04,n6170,1,18.000000,19.000000,1.000000,18,1.00,NAND2_X1,0.965517,1.000000,5,6170
6172,NODE,n6172,1,n2108,,3,3.000000,6.000000,3.000000,3,1.00,INV_X1,0.896552,3.000000,2108,-1
6173,NODE,n6173,2,pi02,n6172,2,4.000000,7.000000,3.000000,4,1.00,NAND2_X1,0.896552,3.000000,3,6172
6174,NODE,n6174,1,n906,,2,3.000000,5.000000,2.000000,3,1.00,INV_X1,0.931035,2.000000,906,-1
6175,NODE,n6175,2,n154,n6174,2,4.000000,7.000000,3.000000,4,1.00,NAND2_X1,0.896552,3.000000,154,6174
6176,NODE,n6176,2,n6173,n6175,1,5.000000,8.000000,3.000000,5,1.00,AND2_X1,0.896552,3.000000,6173,6175
6177,NODE,n6177,2,n224,n527,1,4.000000,8.000000,4.000000,4,1.00,NAND2_X1,0.862069,4.000000,224,527
6178,NODE,n6178,2,n6176,n6177,1,6.000000,9.000000,3.000000,6,1.00,NAND2_X1,0.896552,3.000000,6176,6177
6179,NODE,n6179,2,pi15,n6178,1,7.000000,10.000000,3.000000,7,1.00,NAND2_X1,0.896552,3.000000,16,6178
6180,NODE,n6180,1,n5201,,1,5.000000,9.000000,4.000000,5,1.00,INV_X1,0.862069,4.000000,5201,-1
6181,NODE,n6181,2,n755,n6180,1,6.000000,10.000000,4.000000,6,1.00,NAND2_X1,0.862069,4.000000,755,6180
6182,NODE,n6182,2,n6179,n6181,1,8.000000,11.000000,3.000000,8,1.00,NAND2_X1,0.896552,3.000000,6179,6181
6183,NODE,n6183,2,pi14,n6182,1,9.000000,12.000000,3.000000,9,1.00,AND2_X1,0.896552,3.000000,15,6182
6184,NODE,n6184,2,n40,n6183,1,10.000000,13.000000,3.000000,10,1.00,AND2_X1,0.896552,3.000000,40,6183
6185,NODE,n6185,2,n39,n6184,1,11.000000,14.000000,3.000000,11,1.00,AND2_X1,0.896552,3.000000,39,6184
6186,NODE,n6186,2,n36,n6185,1,12.000000,15.000000,3.000000,12,1.00,AND2_X1,0.896552,3.000000,36,6185
6187,NODE,n6187,2,n33,n6186,1,13.000000,16.000000,3.000000,13,1.00,AND2_X1,0.896552,3.000000,33,6186
6188,NODE,n6188,2,n62,n6187,1,14.000000,17.000000,3.000000,14,1.00,AND2_X1,0.896552,3.000000,62,6187
6189,NODE,n6189,2,n35,n6188,1,15.000000,18.000000,3.000000,15,1.00,AND2_X1,0.896552,3.000000,35,6188
6190,NODE,n6190,2,n54,n6189,1,16.000000,19.000000,3.000000,16,1.00,NAND2_X1,0.896552,3.000000,54,6189
6191,NODE,n6191,2,n6171,n6190,1,19.000000,20.000000,1.000000,19,1.00,NAND2_X1,0.965517,1.000000,6171,6190
6192,NODE,n6192,2,n78,n6191,1,20.000000,21.000000,1.000000,20,1.00,NAND2_X1,0.965517,1.000000,78,6191
6193,NODE,n6193,2,n159,n2287,1,4.000000,7.000000,3.000000,4,1.00,NAND2_X1,0.896552,3.000000,159,2287
6194,NODE,n6194,2,n61,n797,1,4.000000,6.000000,2.000000,4,1.00,AND2_X1,0.931035,2.000000,61,797
6195,NODE,n6195,2,n156,n6194,1,5.000000,7.000000,2.000000,5,1.00,NAND2_X1,0.931035,2.000000,156,6194
6196,NODE,n6196,2,n6193,n6195,1,6.000000,8.000000,2.000000,6,1.00,NAND2_X1,0.931035,2.000000,6193,6195
6197,NODE,n6197,2,pi02,n6196,1,7.000000,9.000000,2.000000,7,1.00,NAND2_X1,0.931035,2.000000,3,6196
6198,NODE,n6198,2,n62,n1905,1,4.000000,6.000000,2.000000,4,1.00,AND2_X1,0.931035,2.000000,62,1905
6199,NODE,n6199,2,n61,n6198,1,5.000000,7.000000,2.000000,5,1.00,AND2_X1,0.931035,2.000000,61,6198
6200,NODE,n6200,2,n54,n6199,1,6.000000,8.000000,2.000000,6,1.00,AND2_X1,0.931035,2.000000,54,6199
6201,NODE,n6201,2,n154,n6200,1,7.000000,9.000000,2.000000,7,1.00,NAND2_X1,0.931035,2.000000,154,6200
6202,NODE,n6202,2,n6197,n6201,1,8.000000,10.000000,2.000000,8,1.00,NAND2_X1,0.931035,2.000000,6197,6201
6203,NODE,n6203,2,pi14,n6202,1,9.000000,11.000000,2.000000,9,1.00,AND2_X1,0.931035,2.000000,15,6202
6204,NODE,n6204,2,n40,n6203,1,10.000000,12.000000,2.000000,10,1.00,AND2_X1,0.931035,2.000000,40,6203
6205,NODE,n6205,2,n39,n6204,1,11.000000,13.000000,2.000000,11,1.00,AND2_X1,0.931035,2.000000,39,6204
6206,NODE,n6206,2,n36,n6205,1,12.000000,14.000000,2.000000,12,1.00,AND2_X1,0.931035,2.000000,36,6205
6207,NODE,n6207,2,n33,n6206,1,13.000000,15.000000,2.000000,13,1.00,NAND2_X1,0.931035,2.000000,33,6206
6208,NODE,n6208,2,n319,n755,1,4.000000,14.000000,10.000000,4,1.00,AND2_X1,0.655172,10.000000,319,755
6209,NODE,n6209,2,n925,n6208,1,5.000000,15.000000,10.000000,5,1.00,NAND2_X1,0.655172,10.000000,925,6208
6210,NODE,n6210,2,n6207,n6209,1,14.000000,16.000000,2.000000,14,1.00,NAND2_X1,0.931035,2.000000,6207,6209
6211,NODE,n6211,2,pi05,n6210,1,15.000000,17.000000,2.000000,15,1.00,NAND2_X1,0.931035,2.000000,6,6210
6212,NODE,n6212,2,pi04,n1905,1,4.000000,7.000000,3.000000,4,1.00,AND2_X1,0.896552,3.000000,5,1905
6213,NODE,n6213,2,pi02,n6212,1,5.000000,8.000000,3.000000,5,1.00,NAND2_X1,0.896552,3.000000,3,6212
6214,NODE,n6214,2,n1579,n6213,1,6.000000,9.000000,3.000000,6,1.00,NAND2_X1,0.896552,3.000000,1579,6213
6215,NODE,n6215,2,pi14,n6214,1,7.000000,10.000000,3.000000,7,1.00,AND2_X1,0.896552,3.000000,15,6214
6216,NODE,n6216,2,n40,n6215,1,8.000000,11.000000,3.000000,8,1.00,AND2_X1,0.896552,3.000000,40,6215
6217,NODE,n6217,2,n39,n6216,1,9.000000,12.000000,3.000000,9,1.00,AND2_X1,0.896552,3.000000,39,6216
6218,NODE,n6218,2,n36,n6217,1,10.000000,13.000000,3.000000,10,1.00,AND2_X1,0.896552,3.000000,36,6217
6219,NODE,n6219,2,n33,n6218,1,11.000000,14.000000,3.000000,11,1.00,AND2_X1,0.896552,3.000000,33,6218
6220,NODE,n6220,2,n62,n6219,1,12.000000,15.000000,3.000000,12,1.00,AND2_X1,0.896552,3.000000,62,6219
6221,NODE,n6221,2,n61,n6220,1,13.000000,16.000000,3.000000,13,1.00,AND2_X1,0.896552,3.000000,61,6220
6222,NODE,n6222,2,n34,n6221,1,14.000000,17.000000,3.000000,14,1.00,NAND2_X1,0.896552,3.000000,34,6221
6223,NODE,n6223,2,n6211,n6222,1,16.000000,18.000000,2.000000,16,1.00,NAND2_X1,0.931035,2.000000,6211,6222
6224,NODE,n6224,2,n35,n6223,1,17.000000,19.000000,2.000000,17,1.00,NAND2_X1,0.931035,2.000000,35,6223
6225,NODE,n6225,2,n83,n1163,1,6.000000,18.000000,12.000000,6,1.00,AND2_X1,0.586207,12.000000,83,1163
6226,NODE,n6226,2,n2090,n6225,1,7.000000,19.000000,12.000000,7,1.00,NAND2_X1,0.586207,12.000000,2090,6225
6227,NODE,n6227,2,n6224,n6226,1,18.000000,20.000000,2.000000,18,1.00,NAND2_X1,0.931035,2.000000,6224,6226
6228,NODE,n6228,2,pi00,n6227,1,19.000000,21.000000,2.000000,19,1.00,NAND2_X1,0.931035,2.000000,1,6227
6229,NODE,n6229,2,n6192,n6228,1,21.000000,22.000000,1.000000,21,1.00,AND2_X1,0.965517,1.000000,6192,6228
6230,NODE,n6230,2,n6136,n6229,1,22.000000,23.000000,1.000000,22,1.00,AND2_X1,0.965517,1.000000,6136,6229
6231,NODE,n6231,2,n6103,n6230,1,23.000000,24.000000,1.000000,23,1.00,AND2_X1,0.965517,1.000000,6103,6230
6232,NODE,n6232,2,n35,n2689,1,4.000000,8.000000,4.000000,4,1.00,AND2_X1,0.862069,4.000000,35,2689
6233,NODE,n6233,2,pi05,n6232,1,5.000000,9.000000,4.000000,5,1.00,NAND2_X1,0.862069,4.000000,6,6232
6234,NODE,n6234,2,n82,n450,1,4.000000,9.000000,5.000000,4,1.00,NAND2_X1,0.827586,5.000000,82,450
6235,NODE,n6235,2,n6233,n6234,1,6.000000,10.000000,4.000000,6,1.00,NAND2_X1,0.862069,4.000000,6233,6234
6236,NODE,n6236,2,pi10,n6235,1,7.000000,11.000000,4.000000,7,1.00,NAND2_X1,0.862069,4.000000,11,6235
6237,NODE,n6237,2,n61,n885,2,4.000000,7.000000,3.000000,4,1.00,AND2_X1,0.896552,3.000000,61,885
6238,NODE,n6238,2,n1143,n6237,1,5.000000,11.000000,6.000000,5,1.00,NAND2_X1,0.793103,6.000000,1143,6237
6239,NODE,n6239,2,n6236,n6238,1,8.000000,12.000000,4.000000,8,1.00,AND2_X1,0.862069,4.000000,6236,6238
6240,NODE,n6240,2,n368,n1612,1,4.000000,9.000000,5.000000,4,1.00,AND2_X1,0.827586,5.000000,368,1612
6241,NODE,n6241,2,n338,n6240,1,5.000000,10.000000,5.000000,5,1.00,NAND2_X1,0.827586,5.000000,338,6240
6242,NODE,n6242,2,pi06,n885,1,4.000000,9.000000,5.000000,4,1.00,AND2_X1,0.827586,5.000000,7,885
6243,NODE,n6243,2,n333,n6242,1,5.000000,10.000000,5.000000,5,1.00,NAND2_X1,0.827586,5.000000,333,6242
6244,NODE,n6244,2,n6241,n6243,1,6.000000,11.000000,5.000000,6,1.00,NAND2_X1,0.827586,5.000000,6241,6243
6245,NODE,n6245,2,n61,n6244,1,7.000000,12.000000,5.000000,7,1.00,NAND2_X1,0.827586,5.000000,61,6244
6246,NODE,n6246,2,n6239,n6245,1,9.000000,13.000000,4.000000,9,1.00,AND2_X1,0.862069,4.000000,6239,6245
6247,NODE,n6247,2,n34,n4186,1,3.000000,5.000000,2.000000,3,1.00,NAND2_X1,0.931035,2.000000,34,4186
6248,NODE,n6248,2,n1215,n6247,1,4.000000,6.000000,2.000000,4,1.00,NAND2_X1,0.931035,2.000000,1215,6247
6249,NODE,n6249,2,pi07,n6248,1,5.000000,7.000000,2.000000,5,1.00,AND2_X1,0.931035,2.000000,8,6248
6250,NODE,n6250,2,pi03,n6249,1,6.000000,8.000000,2.000000,6,1.00,NAND2_X1,0.931035,2.000000,4,6249
6251,NODE,n6251,2,n368,n715,1,4.000000,7.000000,3.000000,4,1.00,AND2_X1,0.896552,3.000000,368,715
6252,NODE,n6252,2,n348,n6251,1,5.000000,8.000000,3.000000,5,1.00,NAND2_X1,0.896552,3.000000,348,6251
6253,NODE,n6253,2,n6250,n6252,1,7.000000,9.000000,2.000000,7,1.00,NAND2_X1,0.931035,2.000000,6250,6252
6254,NODE,n6254,2,pi04,n6253,1,8.000000,10.000000,2.000000,8,1.00,NAND2_X1,0.931035,2.000000,5,6253
6255,NODE,n6255,2,n3373,n5139,1,6.000000,10.000000,4.000000,6,1.00,NAND2_X1,0.862069,4.000000,3373,5139
6256,NODE,n6256,2,n6254,n6255,1,9.000000,11.000000,2.000000,9,1.00,NAND2_X1,0.931035,2.000000,6254,6255
6257,NODE,n6257,2,pi10,n6256,1,10.000000,12.000000,2.000000,10,1.00,NAND2_X1,0.931035,2.000000,11,6256
6258,NODE,n6258,2,n885,n1040,1,4.000000,11.000000,7.000000,4,1.00,AND2_X1,0.758621,7.000000,885,1040
6259,NODE,n6259,2,n4182,n6258,1,6.000000,12.000000,6.000000,6,1.00,NAND2_X1,0.793103,6.000000,4182,6258
6260,NODE,n6260,2,n6257,n6259,1,11.000000,13.000000,2.000000,11,1.00,AND2_X1,0.931035,2.000000,6257,6259
6261,NODE,n6261,2,n6246,n6260,1,12.000000,14.000000,2.000000,12,1.00,AND2_X1,0.931035,2.000000,6246,6260
6262,NODE,n6262,2,n118,n597,1,4.000000,13.000000,9.000000,4,1.00,AND2_X1,0.689655,9.000000,118,597
6263,NODE,n6263,2,n1068,n1459,1,4.000000,13.000000,9.000000,4,1.00,AND2_X1,0.689655,9.000000,1068,1459
6264,NODE,n6264,2,n6262,n6263,1,5.000000,14.000000,9.000000,5,1.00,NAND2_X1,0.689655,9.000000,6262,6263
6265,NODE,n6265,2,n6261,n6264,1,13.000000,15.000000,2.000000,13,1.00,AND2_X1,0.931035,2.000000,6261,6264
6266,NODE,n6266,2,pi06,n5652,1,6.000000,11.000000,5.000000,6,1.00,AND2_X1,0.827586,5.000000,7,5652
6267,NODE,n6267,2,n78,n6266,1,7.000000,12.000000,5.000000,7,1.00,NAND2_X1,0.827586,5.000000,78,6266
6268,NODE,n6268,1,n4917,,1,5.000000,11.000000,6.000000,5,1.00,INV_X1,0.793103,6.000000,4917,-1
6269,NODE,n6269,2,n278,n1150,1,4.000000,11.000000,7.000000,4,1.00,AND2_X1,0.758621,7.000000,278,1150
6270,NODE,n6270,2,n6268,n6269,1,6.000000,12.000000,6.000000,6,1.00,NAND2_X1,0.793103,6.000000,6268,6269
6271,NODE,n6271,2,n6267,n6270,1,8.000000,13.000000,5.000000,8,1.00,NAND2_X1,0.827586,5.000000,6267,6270
6272,NODE,n6272,2,pi08,n6271,1,9.000000,14.000000,5.000000,9,1.00,AND2_X1,0.827586,5.000000,9,6271
6273,NODE,n6273,2,n154,n6272,1,10.000000,15.000000,5.000000,10,1.00,NAND2_X1,0.827586,5.000000,154,6272
6274,NODE,n6274,2,n6265,n6273,1,14.000000,16.000000,2.000000,14,1.00,NAND2_X1,0.931035,2.000000,6265,6273
6275,NODE,n6275,2,n44,n6274,1,15.000000,17.000000,2.000000,15,1.00,AND2_X1,0.931035,2.000000,44,6274
6276,NODE,n6276,2,pi13,n6275,1,16.000000,18.000000,2.000000,16,1.00,AND2_X1,0.931035,2.000000,14,6275
6277,NODE,n6277,2,pi12,n6276,1,17.000000,19.000000,2.000000,17,1.00,AND2_X1,0.931035,2.000000,13,6276
6278,NODE,n6278,2,pi11,n6277,1,18.000000,20.000000,2.000000,18,1.00,NAND2_X1,0.931035,2.000000,12,6277
6279,NODE,n6279,1,n2894,,4,5.000000,11.000000,6.000000,5,1.00,INV_X1,0.793103,6.000000,2894,-1
6280,NODE,n6280,2,n1053,n6279,1,6.000000,18.000000,12.000000,6,1.00,AND2_X1,0.586207,12.000000,1053,6279
6281,NODE,n6281,2,pi07,n275,1,5.000000,18.000000,13.000000,5,1.00,AND2_X1,0.551724,13.000000,8,275
6282,NODE,n6282,2,n6280,n6281,1,7.000000,19.000000,12.000000,7,1.00,AND2_X1,0.586207,12.000000,6280,6281
6283,NODE,n6283,2,n878,n6282,1,8.000000,20.000000,12.000000,8,1.00,NAND2_X1,0.586207,12.000000,878,6282
6284,NODE,n6284,2,n6278,n6283,1,19.000000,21.000000,2.000000,19,1.00,NAND2_X1,0.931035,2.000000,6278,6283
6285,NODE,n6285,2,pi15,n6284,1,20.000000,22.000000,2.000000,20,1.00,NAND2_X1,0.931035,2.000000,16,6284
6286,NODE,n6286,2,n116,n5139,2,5.000000,14.000000,9.000000,5,1.00,NAND2_X1,0.689655,9.000000,116,5139
6287,NODE,n6287,2,pi05,n82,2,4.000000,11.000000,7.000000,4,1.00,NAND2_X1,0.758621,7.000000,6,82
6288,NODE,n6288,2,n690,n6287,2,5.000000,12.000000,7.000000,5,1.00,AND2_X1,0.758621,7.000000,690,6287
6289,NODE,n6289,2,pi08,n5862,1,8.000000,8.000000,0.000000,8,1.00,NAND2_X1,1.000000,0.000000,9,5862
6290,NODE,n6290,2,n3373,n689,1,6.000000,8.000000,2.000000,6,1.00,NAND2_X1,0.931035,2.000000,3373,689
6291,NODE,n6291,2,n6289,n6290,1,9.000000,9.000000,0.000000,9,1.00,NAND2_X1,1.000000,0.000000,6289,6290
6292,NODE,n6292,2,n154,n6291,1,10.000000,10.000000,0.000000,10,1.00,NAND2_X1,1.000000,0.000000,154,6291
6293,NODE,n6293,1,n3381,,1,5.000000,9.000000,4.000000,5,1.00,INV_X1,0.862069,4.000000,3381,-1
6294,NODE,n6294,2,n1703,n6293,1,6.000000,10.000000,4.000000,6,1.00,NAND2_X1,0.862069,4.000000,1703,6293
6295,NODE,n6295,2,n6292,n6294,1,11.000000,11.000000,0.000000,11,1.00,AND2_X1,1.000000,0.000000,6292,6294
6296,NODE,n6296,2,pi00,n348,1,4.000000,9.000000,5.000000,4,1.00,NAND2_X1,0.827586,5.000000,1,348
6297,NODE,n6297,2,n5165,n6296,1,5.000000,10.000000,5.000000,5,1.00,NAND2_X1,0.827586,5.000000,5165,6296
6298,NODE,n6298,2,n570,n4076,1,4.000000,10.000000,6.000000,4,1.00,AND2_X1,0.793103,6.000000,570,4076
6299,NODE,n6299,2,n6297,n6298,1,6.000000,11.000000,5.000000,6,1.00,NAND2_X1,0.827586,5.000000,6297,6298
6300,NODE,n6300,2,n6295,n6299,1,12.000000,12.000000,0.000000,12,1.00,AND2_X1,1.000000,0.000000,6295,6299
6301,NODE,n6301,2,n6288,n6300,1,13.000000,13.000000,0.000000,13,1.00,NAND2_X1,1.000000,0.000000,6288,6300
6302,NODE,n6302,2,pi06,n6301,1,14.000000,14.000000,0.000000,14,1.00,NAND2_X1,1.000000,0.000000,7,6301
6303,NODE,n6303,2,n6286,n6302,1,15.000000,15.000000,0.000000,15,1.00,AND2_X1,1.000000,0.000000,6286,6302
6304,NODE,n6304,2,pi02,n2155,1,4.000000,11.000000,7.000000,4,1.00,NAND2_X1,0.758621,7.000000,3,2155
6305,NODE,n6305,2,n154,n570,3,4.000000,4.000000,0.000000,4,1.00,NAND2_X1,1.000000,0.000000,154,570
6306,NODE,n6306,2,n6304,n6305,1,5.000000,12.000000,7.000000,5,1.00,NAND2_X1,0.758621,7.000000,6304,6305
6307,NODE,n6307,2,n78,n6306,1,6.000000,13.000000,7.000000,6,1.00,NAND2_X1,0.758621,7.000000,78,6306
6308,NODE,n6308,2,n404,n2155,1,4.000000,13.000000,9.000000,4,1.00,NAND2_X1,0.689655,9.000000,404,2155
6309,NODE,n6309,2,n6307,n6308,1,7.000000,14.000000,7.000000,7,1.00,NAND2_X1,0.758621,7.000000,6307,6308
6310,NODE,n6310,2,n34,n1221,1,3.000000,14.000000,11.000000,3,1.00,AND2_X1,0.620690,11.000000,34,1221
6311,NODE,n6311,2,n6309,n6310,1,8.000000,15.000000,7.000000,8,1.00,NAND2_X1,0.758621,7.000000,6309,6310
6312,NODE,n6312,2,n6303,n6311,1,16.000000,16.000000,0.000000,16,1.00,NAND2_X1,1.000000,0.000000,6303,6311
6313,NODE,n6313,2,n790,n6312,1,17.000000,17.000000,0.000000,17,1.00,AND2_X1,1.000000,0.000000,790,6312
6314,NODE,n6314,2,n44,n6313,1,18.000000,18.000000,0.000000,18,1.00,AND2_X1,1.000000,0.000000,44,6313
6315,NODE,n6315,2,pi13,n6314,1,19.000000,19.000000,0.000000,19,1.00,AND2_X1,1.000000,0.000000,14,6314
6316,NODE,n6316,2,pi12,n6315,1,20.000000,20.000000,0.000000,20,1.00,AND2_X1,1.000000,0.000000,13,6315
6317,NODE,n6317,2,pi11,n6316,1,21.000000,21.000000,0.000000,21,1.00,AND2_X1,1.000000,0.000000,12,6316
6318,NODE,n6318,2,pi10,n6317,1,22.000000,22.000000,0.000000,22,1.00,NAND2_X1,1.000000,0.000000,11,6317
6319,NODE,n6319,2,n6285,n6318,1,23.000000,23.000000,0.000000,23,1.00,NAND2_X1,1.000000,0.000000,6285,6318
6320,NODE,n6320,2,pi09,n6319,1,24.000000,24.000000,0.000000,24,1.00,NAND2_X1,1.000000,0.000000,10,6319
6321,NODE,n6321,2,n6231,n6320,1,25.000000,25.000000,0.000000,25,1.00,AND2_X1,1.000000,0.000000,6231,6320
6322,NODE,n6322,2,n368,n1443,1,3.000000,9.000000,6.000000,3,1.00,AND2_X1,0.793103,6.000000,368,1443
6323,NODE,n6323,2,n3976,n6322,1,5.000000,10.000000,5.000000,5,1.00,NAND2_X1,0.827586,5.000000,3976,6322
6324,NODE,n6324,2,pi06,n822,2,4.000000,9.000000,5.000000,4,1.00,AND2_X1,0.827586,5.000000,7,822
6325,NODE,n6325,2,n4308,n6324,1,6.000000,10.000000,4.000000,6,1.00,NAND2_X1,0.862069,4.000000,4308,6324
6326,NODE,n6326,2,n6323,n6325,1,7.000000,11.000000,4.000000,7,1.00,NAND2_X1,0.862069,4.000000,6323,6325
6327,NODE,n6327,2,n44,n6326,1,8.000000,12.000000,4.000000,8,1.00,AND2_X1,0.862069,4.000000,44,6326
6328,NODE,n6328,2,pi13,n6327,1,9.000000,13.000000,4.000000,9,1.00,AND2_X1,0.862069,4.000000,14,6327
6329,NODE,n6329,2,pi12,n6328,1,10.000000,14.000000,4.000000,10,1.00,AND2_X1,0.862069,4.000000,13,6328
6330,NODE,n6330,2,pi11,n6329,1,11.000000,15.000000,4.000000,11,1.00,AND2_X1,0.862069,4.000000,12,6329
6331,NODE,n6331,2,pi10,n6330,1,12.000000,16.000000,4.000000,12,1.00,AND2_X1,0.862069,4.000000,11,6330
6332,NODE,n6332,2,pi09,n6331,1,13.000000,17.000000,4.000000,13,1.00,NAND2_X1,0.862069,4.000000,10,6331
6333,NODE,n6333,2,n61,n4705,1,7.000000,16.000000,9.000000,7,1.00,AND2_X1,0.689655,9.000000,61,4705
6334,NODE,n6334,2,n90,n6333,1,8.000000,17.000000,9.000000,8,1.00,NAND2_X1,0.689655,9.000000,90,6333
6335,NODE,n6335,2,n6332,n6334,1,14.000000,18.000000,4.000000,14,1.00,NAND2_X1,0.862069,4.000000,6332,6334
6336,NODE,n6336,2,pi08,n6335,1,15.000000,19.000000,4.000000,15,1.00,NAND2_X1,0.862069,4.000000,9,6335
6337,NODE,n6337,2,n35,n1285,1,6.000000,16.000000,10.000000,6,1.00,AND2_X1,0.655172,10.000000,35,1285
6338,NODE,n6338,2,pi07,n6337,1,7.000000,17.000000,10.000000,7,1.00,AND2_X1,0.655172,10.000000,8,6337
6339,NODE,n6339,2,n54,n6338,1,8.000000,18.000000,10.000000,8,1.00,AND2_X1,0.655172,10.000000,54,6338
6340,NODE,n6340,2,pi03,n6339,1,9.000000,19.000000,10.000000,9,1.00,NAND2_X1,0.655172,10.000000,4,6339
6341,NODE,n6341,2,n6336,n6340,1,16.000000,20.000000,4.000000,16,1.00,NAND2_X1,0.862069,4.000000,6336,6340
6342,NODE,n6342,2,pi02,n6341,1,17.000000,21.000000,4.000000,17,1.00,NAND2_X1,0.862069,4.000000,3,6341
6343,NODE,n6343,2,n35,n4705,3,7.000000,17.000000,10.000000,7,1.00,AND2_X1,0.655172,10.000000,35,4705
6344,NODE,n6344,2,pi07,n6343,1,8.000000,18.000000,10.000000,8,1.00,AND2_X1,0.655172,10.000000,8,6343
6345,NODE,n6345,2,pi04,n6344,1,9.000000,19.000000,10.000000,9,1.00,AND2_X1,0.655172,10.000000,5,6344
6346,NODE,n6346,2,pi03,n6345,1,10.000000,20.000000,10.000000,10,1.00,AND2_X1,0.655172,10.000000,4,6345
6347,NODE,n6347,2,n154,n6346,1,11.000000,21.000000,10.000000,11,1.00,NAND2_X1,0.655172,10.000000,154,6346
6348,NODE,n6348,2,n6342,n6347,1,18.000000,22.000000,4.000000,18,1.00,AND2_X1,0.862069,4.000000,6342,6347
6349,NODE,n6349,2,n90,n1555,2,4.000000,12.000000,8.000000,4,1.00,NAND2_X1,0.724138,8.000000,90,1555
6350,NODE,n6350,2,n3011,n6349,1,5.000000,16.000000,11.000000,5,1.00,NAND2_X1,0.620690,11.000000,3011,6349
6351,NODE,n6351,2,n258,n3780,1,4.000000,14.000000,10.000000,4,1.00,AND2_X1,0.655172,10.000000,258,3780
6352,NODE,n6352,2,n70,n6351,1,5.000000,15.000000,10.000000,5,1.00,NAND2_X1,0.655172,10.000000,70,6351
6353,NODE,n6353,2,n2118,n6352,1,7.000000,16.000000,9.000000,7,1.00,NAND2_X1,0.689655,9.000000,2118,6352
6354,NODE,n6354,2,n6350,n6353,1,8.000000,17.000000,9.000000,8,1.00,NAND2_X1,0.689655,9.000000,6350,6353
6355,NODE,n6355,2,pi03,n1183,1,3.000000,7.000000,4.000000,3,1.00,NAND2_X1,0.862069,4.000000,4,1183
6356,NODE,n6356,2,n90,n1291,1,4.000000,7.000000,3.000000,4,1.00,NAND2_X1,0.896552,3.000000,90,1291
6357,NODE,n6357,2,n6355,n6356,1,5.000000,8.000000,3.000000,5,1.00,AND2_X1,0.896552,3.000000,6355,6356
6358,NODE,n6358,2,n3005,n6357,1,6.000000,9.000000,3.000000,6,1.00,NAND2_X1,0.896552,3.000000,3005,6357
6359,NODE,n6359,2,pi14,n6358,1,7.000000,10.000000,3.000000,7,1.00,AND2_X1,0.896552,3.000000,15,6358
6360,NODE,n6360,2,n40,n6359,1,8.000000,11.000000,3.000000,8,1.00,AND2_X1,0.896552,3.000000,40,6359
6361,NODE,n6361,2,n39,n6360,1,9.000000,12.000000,3.000000,9,1.00,AND2_X1,0.896552,3.000000,39,6360
6362,NODE,n6362,2,n36,n6361,1,10.000000,13.000000,3.000000,10,1.00,AND2_X1,0.896552,3.000000,36,6361
6363,NODE,n6363,2,n35,n6362,1,11.000000,14.000000,3.000000,11,1.00,NAND2_X1,0.896552,3.000000,35,6362
6364,NODE,n6364,2,n321,n6279,1,6.000000,12.000000,6.000000,6,1.00,AND2_X1,0.793103,6.000000,321,6279
6365,NODE,n6365,2,pi08,n6364,1,7.000000,13.000000,6.000000,7,1.00,AND2_X1,0.793103,6.000000,9,6364
6366,NODE,n6366,2,n952,n6365,1,8.000000,14.000000,6.000000,8,1.00,NAND2_X1,0.793103,6.000000,952,6365
6367,NODE,n6367,2,n6363,n6366,1,12.000000,15.000000,3.000000,12,1.00,NAND2_X1,0.896552,3.000000,6363,6366
6368,NODE,n6368,2,n33,n6367,1,13.000000,16.000000,3.000000,13,1.00,AND2_X1,0.896552,3.000000,33,6367
6369,NODE,n6369,2,n61,n6368,1,14.000000,17.000000,3.000000,14,1.00,NAND2_X1,0.896552,3.000000,61,6368
6370,NODE,n6370,2,n6354,n6369,1,15.000000,18.000000,3.000000,15,1.00,NAND2_X1,0.896552,3.000000,6354,6369
6371,NODE,n6371,2,pi09,n6370,1,16.000000,19.000000,3.000000,16,1.00,NAND2_X1,0.896552,3.000000,10,6370
6372,NODE,n6372,2,pi08,n2628,1,6.000000,10.000000,4.000000,6,1.00,AND2_X1,0.862069,4.000000,9,2628
6373,NODE,n6373,2,n61,n6372,1,7.000000,11.000000,4.000000,7,1.00,NAND2_X1,0.862069,4.000000,61,6372
6374,NODE,n6374,2,n1590,n1524,1,6.000000,11.000000,5.000000,6,1.00,NAND2_X1,0.827586,5.000000,1590,1524
6375,NODE,n6375,2,n6373,n6374,1,8.000000,12.000000,4.000000,8,1.00,AND2_X1,0.862069,4.000000,6373,6374
6376,NODE,n6376,2,n154,n1574,1,4.000000,7.000000,3.000000,4,1.00,NAND2_X1,0.896552,3.000000,154,1574
6377,NODE,n6377,2,pi02,n1426,2,4.000000,7.000000,3.000000,4,1.00,NAND2_X1,0.896552,3.000000,3,1426
6378,NODE,n6378,2,n6376,n6377,1,5.000000,8.000000,3.000000,5,1.00,NAND2_X1,0.896552,3.000000,6376,6377
6379,NODE,n6379,2,n35,n6378,1,6.000000,9.000000,3.000000,6,1.00,AND2_X1,0.896552,3.000000,35,6378
6380,NODE,n6380,2,n61,n6379,1,7.000000,10.000000,3.000000,7,1.00,AND2_X1,0.896552,3.000000,61,6379
6381,NODE,n6381,2,n34,n6380,1,8.000000,11.000000,3.000000,8,1.00,AND2_X1,0.896552,3.000000,34,6380
6382,NODE,n6382,2,n90,n6381,1,9.000000,12.000000,3.000000,9,1.00,NAND2_X1,0.896552,3.000000,90,6381
6383,NODE,n6383,2,n6375,n6382,1,10.000000,13.000000,3.000000,10,1.00,NAND2_X1,0.896552,3.000000,6375,6382
6384,NODE,n6384,2,pi14,n6383,1,11.000000,14.000000,3.000000,11,1.00,AND2_X1,0.896552,3.000000,15,6383
6385,NODE,n6385,2,n40,n6384,1,12.000000,15.000000,3.000000,12,1.00,AND2_X1,0.896552,3.000000,40,6384
6386,NODE,n6386,2,n39,n6385,1,13.000000,16.000000,3.000000,13,1.00,AND2_X1,0.896552,3.000000,39,6385
6387,NODE,n6387,2,n36,n6386,1,14.000000,17.000000,3.000000,14,1.00,AND2_X1,0.896552,3.000000,36,6386
6388,NODE,n6388,2,n33,n6387,1,15.000000,18.000000,3.000000,15,1.00,AND2_X1,0.896552,3.000000,33,6387
6389,NODE,n6389,2,n62,n6388,1,16.000000,19.000000,3.000000,16,1.00,NAND2_X1,0.896552,3.000000,62,6388
6390,NODE,n6390,2,n6371,n6389,1,17.000000,20.000000,3.000000,17,1.00,NAND2_X1,0.896552,3.000000,6371,6389
6391,NODE,n6391,2,n78,n6390,1,18.000000,21.000000,3.000000,18,1.00,NAND2_X1,0.896552,3.000000,78,6390
6392,NODE,n6392,2,n594,n1175,1,4.000000,4.000000,0.000000,4,1.00,NAND2_X1,1.000000,0.000000,594,1175
6393,NODE,n6393,2,n597,n1178,1,4.000000,4.000000,0.000000,4,1.00,NAND2_X1,1.000000,0.000000,597,1178
6394,NODE,n6394,2,n6392,n6393,1,5.000000,5.000000,0.000000,5,1.00,NAND2_X1,1.000000,0.000000,6392,6393
6395,NODE,n6395,2,n44,n6394,1,6.000000,6.000000,0.000000,6,1.00,AND2_X1,1.000000,0.000000,44,6394
6396,NODE,n6396,2,pi13,n6395,1,7.000000,7.000000,0.000000,7,1.00,AND2_X1,1.000000,0.000000,14,6395
6397,NODE,n6397,2,pi12,n6396,1,8.000000,8.000000,0.000000,8,1.00,AND2_X1,1.000000,0.000000,13,6396
6398,NODE,n6398,2,pi11,n6397,1,9.000000,9.000000,0.000000,9,1.00,AND2_X1,1.000000,0.000000,12,6397
6399,NODE,n6399,2,pi10,n6398,1,10.000000,10.000000,0.000000,10,1.00,AND2_X1,1.000000,0.000000,11,6398
6400,NODE,n6400,2,pi09,n6399,1,11.000000,11.000000,0.000000,11,1.00,NAND2_X1,1.000000,0.000000,10,6399
6401,NODE,n6401,2,pi08,n4705,2,7.000000,11.000000,4.000000,7,1.00,NAND2_X1,0.862069,4.000000,9,4705
6402,NODE,n6402,2,n6400,n6401,1,12.000000,12.000000,0.000000,12,1.00,NAND2_X1,1.000000,0.000000,6400,6401
6403,NODE,n6403,2,n90,n6402,1,13.000000,13.000000,0.000000,13,1.00,NAND2_X1,1.000000,0.000000,90,6402
6404,NODE,n6404,1,n6401,,1,8.000000,12.000000,4.000000,8,1.00,INV_X1,0.862069,4.000000,6401,-1
6405,NODE,n6405,2,pi03,n6404,1,9.000000,13.000000,4.000000,9,1.00,NAND2_X1,0.862069,4.000000,4,6404
6406,NODE,n6406,2,n6403,n6405,1,14.000000,14.000000,0.000000,14,1.00,NAND2_X1,1.000000,0.000000,6403,6405
6407,NODE,n6407,2,pi02,n6406,1,15.000000,15.000000,0.000000,15,1.00,NAND2_X1,1.000000,0.000000,3,6406
6408,NODE,n6408,2,pi03,n3482,1,4.000000,6.000000,2.000000,4,1.00,NAND2_X1,0.931035,2.000000,4,3482
6409,NODE,n6409,2,n35,n6408,1,5.000000,7.000000,2.000000,5,1.00,NAND2_X1,0.931035,2.000000,35,6408
6410,NODE,n6410,2,n790,n6409,1,6.000000,8.000000,2.000000,6,1.00,AND2_X1,0.931035,2.000000,790,6409
6411,NODE,n6411,2,pi14,n6410,1,7.000000,9.000000,2.000000,7,1.00,AND2_X1,0.931035,2.000000,15,6410
6412,NODE,n6412,2,n40,n6411,1,8.000000,10.000000,2.000000,8,1.00,AND2_X1,0.931035,2.000000,40,6411
6413,NODE,n6413,2,n39,n6412,1,9.000000,11.000000,2.000000,9,1.00,AND2_X1,0.931035,2.000000,39,6412
6414,NODE,n6414,2,n36,n6413,1,10.000000,12.000000,2.000000,10,1.00,AND2_X1,0.931035,2.000000,36,6413
6415,NODE,n6415,2,n33,n6414,1,11.000000,13.000000,2.000000,11,1.00,AND2_X1,0.931035,2.000000,33,6414
6416,NODE,n6416,2,n62,n6415,1,12.000000,14.000000,2.000000,12,1.00,AND2_X1,0.931035,2.000000,62,6415
6417,NODE,n6417,2,n154,n6416,1,13.000000,15.000000,2.000000,13,1.00,NAND2_X1,0.931035,2.000000,154,6416
6418,NODE,n6418,2,n6407,n6417,1,16.000000,16.000000,0.000000,16,1.00,NAND2_X1,1.000000,0.000000,6407,6417
6419,NODE,n6419,2,pi06,n6418,1,17.000000,17.000000,0.000000,17,1.00,NAND2_X1,1.000000,0.000000,7,6418
6420,NODE,n6420,2,n321,n3482,1,4.000000,7.000000,3.000000,4,1.00,NAND2_X1,0.896552,3.000000,321,3482
6421,NODE,n6421,2,n35,n6420,1,5.000000,8.000000,3.000000,5,1.00,NAND2_X1,0.896552,3.000000,35,6420
6422,NODE,n6422,2,pi14,n6421,1,6.000000,9.000000,3.000000,6,1.00,AND2_X1,0.896552,3.000000,15,6421
6423,NODE,n6423,2,n40,n6422,1,7.000000,10.000000,3.000000,7,1.00,AND2_X1,0.896552,3.000000,40,6422
6424,NODE,n6424,2,n39,n6423,1,8.000000,11.000000,3.000000,8,1.00,AND2_X1,0.896552,3.000000,39,6423
6425,NODE,n6425,2,n36,n6424,1,9.000000,12.000000,3.000000,9,1.00,AND2_X1,0.896552,3.000000,36,6424
6426,NODE,n6426,2,n33,n6425,1,10.000000,13.000000,3.000000,10,1.00,AND2_X1,0.896552,3.000000,33,6425
6427,NODE,n6427,2,n62,n6426,1,11.000000,14.000000,3.000000,11,1.00,NAND2_X1,0.896552,3.000000,62,6426
6428,NODE,n6428,2,n54,n1780,2,4.000000,10.000000,6.000000,4,1.00,AND2_X1,0.793103,6.000000,54,1780
6429,NODE,n6429,2,n755,n6428,1,5.000000,13.000000,8.000000,5,1.00,AND2_X1,0.724138,8.000000,755,6428
6430,NODE,n6430,2,n114,n6429,1,6.000000,14.000000,8.000000,6,1.00,NAND2_X1,0.724138,8.000000,114,6429
6431,NODE,n6431,2,n6427,n6430,1,12.000000,15.000000,3.000000,12,1.00,NAND2_X1,0.896552,3.000000,6427,6430
6432,NODE,n6432,2,n790,n6431,1,13.000000,16.000000,3.000000,13,1.00,AND2_X1,0.896552,3.000000,790,6431
6433,NODE,n6433,2,n368,n6432,1,14.000000,17.000000,3.000000,14,1.00,NAND2_X1,0.896552,3.000000,368,6432
6434,NODE,n6434,2,n6419,n6433,1,18.000000,18.000000,0.000000,18,1.00,NAND2_X1,1.000000,0.000000,6419,6433
6435,NODE,n6435,2,pi07,n6434,1,19.000000,19.000000,0.000000,19,1.00,NAND2_X1,1.000000,0.000000,8,6434
6436,NODE,n6436,2,pi02,n2799,1,4.000000,10.000000,6.000000,4,1.00,NAND2_X1,0.793103,6.000000,3,2799
6437,NODE,n6437,1,n2822,,1,5.000000,9.000000,4.000000,5,1.00,INV_X1,0.862069,4.000000,2822,-1
6438,NODE,n6438,2,n321,n6437,1,6.000000,10.000000,4.000000,6,1.00,NAND2_X1,0.862069,4.000000,321,6437
6439,NODE,n6439,2,n6436,n6438,1,7.000000,11.000000,4.000000,7,1.00,NAND2_X1,0.862069,4.000000,6436,6438
6440,NODE,n6440,2,pi15,n6439,1,8.000000,12.000000,4.000000,8,1.00,AND2_X1,0.862069,4.000000,16,6439
6441,NODE,n6441,2,pi14,n6440,1,9.000000,13.000000,4.000000,9,1.00,AND2_X1,0.862069,4.000000,15,6440
6442,NODE,n6442,2,n40,n6441,1,10.000000,14.000000,4.000000,10,1.00,AND2_X1,0.862069,4.000000,40,6441
6443,NODE,n6443,2,n39,n6442,1,11.000000,15.000000,4.000000,11,1.00,AND2_X1,0.862069,4.000000,39,6442
6444,NODE,n6444,2,n36,n6443,1,12.000000,16.000000,4.000000,12,1.00,AND2_X1,0.862069,4.000000,36,6443
6445,NODE,n6445,2,n33,n6444,1,13.000000,17.000000,4.000000,13,1.00,AND2_X1,0.862069,4.000000,33,6444
6446,NODE,n6446,2,n62,n6445,1,14.000000,18.000000,4.000000,14,1.00,AND2_X1,0.862069,4.000000,62,6445
6447,NODE,n6447,2,n61,n6446,1,15.000000,19.000000,4.000000,15,1.00,NAND2_X1,0.862069,4.000000,61,6446
6448,NODE,n6448,2,n6435,n6447,1,20.000000,20.000000,0.000000,20,1.00,NAND2_X1,1.000000,0.000000,6435,6447
6449,NODE,n6449,2,pi00,n6448,1,21.000000,21.000000,0.000000,21,1.00,NAND2_X1,1.000000,0.000000,1,6448
6450,NODE,n6450,2,n6391,n6449,1,22.000000,22.000000,0.000000,22,1.00,AND2_X1,1.000000,0.000000,6391,6449
6451,NODE,n6451,2,n6348,n6450,1,23.000000,23.000000,0.000000,23,1.00,NAND2_X1,1.000000,0.000000,6348,6450
6452,NODE,n6452,2,pi01,n6451,1,24.000000,24.000000,0.000000,24,1.00,NAND2_X1,1.000000,0.000000,2,6451
6453,NODE,n6453,2,n154,n3754,1,7.000000,13.000000,6.000000,7,1.00,AND2_X1,0.793103,6.000000,154,3754
6454,NODE,n6454,2,pi00,n6453,1,8.000000,14.000000,6.000000,8,1.00,NAND2_X1,0.793103,6.000000,1,6453
6455,NODE,n6455,2,n487,n545,1,4.000000,13.000000,9.000000,4,1.00,AND2_X1,0.689655,9.000000,487,545
6456,NODE,n6456,2,n255,n6455,1,6.000000,14.000000,8.000000,6,1.00,NAND2_X1,0.724138,8.000000,255,6455
6457,NODE,n6457,2,n6454,n6456,1,9.000000,15.000000,6.000000,9,1.00,NAND2_X1,0.793103,6.000000,6454,6456
6458,NODE,n6458,2,pi03,n6457,1,10.000000,16.000000,6.000000,10,1.00,NAND2_X1,0.793103,6.000000,4,6457
6459,NODE,n6459,2,n90,n545,1,4.000000,14.000000,10.000000,4,1.00,AND2_X1,0.655172,10.000000,90,545
6460,NODE,n6460,2,n487,n6459,1,5.000000,15.000000,10.000000,5,1.00,AND2_X1,0.655172,10.000000,487,6459
6461,NODE,n6461,2,n255,n6460,1,6.000000,16.000000,10.000000,6,1.00,NAND2_X1,0.655172,10.000000,255,6460
6462,NODE,n6462,2,n6458,n6461,1,11.000000,17.000000,6.000000,11,1.00,NAND2_X1,0.793103,6.000000,6458,6461
6463,NODE,n6463,2,n5314,n6462,1,12.000000,18.000000,6.000000,12,1.00,NAND2_X1,0.793103,6.000000,5314,6462
6464,NODE,n6464,2,pi07,n1372,1,6.000000,7.000000,1.000000,6,1.00,NAND2_X1,0.965517,1.000000,8,1372
6465,NODE,n6465,2,n61,n207,2,4.000000,6.000000,2.000000,4,1.00,AND2_X1,0.931035,2.000000,61,207
6466,NODE,n6466,2,n961,n6465,1,5.000000,7.000000,2.000000,5,1.00,NAND2_X1,0.931035,2.000000,961,6465
6467,NODE,n6467,2,n6464,n6466,1,7.000000,8.000000,1.000000,7,1.00,NAND2_X1,0.965517,1.000000,6464,6466
6468,NODE,n6468,2,n154,n6467,1,8.000000,9.000000,1.000000,8,1.00,NAND2_X1,0.965517,1.000000,154,6467
6469,NODE,n6469,2,n4705,n3523,1,7.000000,9.000000,2.000000,7,1.00,NAND2_X1,0.931035,2.000000,4705,3523
6470,NODE,n6470,2,n6468,n6469,1,9.000000,10.000000,1.000000,9,1.00,NAND2_X1,0.965517,1.000000,6468,6469
6471,NODE,n6471,2,pi03,n6470,1,10.000000,11.000000,1.000000,10,1.00,NAND2_X1,0.965517,1.000000,4,6470
6472,NODE,n6472,2,pi09,n279,1,5.000000,7.000000,2.000000,5,1.00,NAND2_X1,0.931035,2.000000,10,279
6473,NODE,n6473,2,n289,n6472,1,7.000000,8.000000,1.000000,7,1.00,NAND2_X1,0.965517,1.000000,289,6472
6474,NODE,n6474,2,n790,n6473,1,8.000000,9.000000,1.000000,8,1.00,AND2_X1,0.965517,1.000000,790,6473
6475,NODE,n6475,2,n90,n6474,1,9.000000,10.000000,1.000000,9,1.00,AND2_X1,0.965517,1.000000,90,6474
6476,NODE,n6476,2,pi02,n6475,1,10.000000,11.000000,1.000000,10,1.00,NAND2_X1,0.965517,1.000000,3,6475
6477,NODE,n6477,2,n6471,n6476,1,11.000000,12.000000,1.000000,11,1.00,NAND2_X1,0.965517,1.000000,6471,6476
6478,NODE,n6478,2,n368,n6477,1,12.000000,13.000000,1.000000,12,1.00,NAND2_X1,0.965517,1.000000,368,6477
6479,NODE,n6479,2,n321,n822,2,4.000000,5.000000,1.000000,4,1.00,NAND2_X1,0.965517,1.000000,321,822
6480,NODE,n6480,2,n3522,n6479,1,5.000000,6.000000,1.000000,5,1.00,NAND2_X1,0.965517,1.000000,3522,6479
6481,NODE,n6481,2,pi14,n6480,1,6.000000,7.000000,1.000000,6,1.00,AND2_X1,0.965517,1.000000,15,6480
6482,NODE,n6482,2,n40,n6481,1,7.000000,8.000000,1.000000,7,1.00,AND2_X1,0.965517,1.000000,40,6481
6483,NODE,n6483,2,n39,n6482,1,8.000000,9.000000,1.000000,8,1.00,AND2_X1,0.965517,1.000000,39,6482
6484,NODE,n6484,2,n36,n6483,1,9.000000,10.000000,1.000000,9,1.00,AND2_X1,0.965517,1.000000,36,6483
6485,NODE,n6485,2,n33,n6484,1,10.000000,11.000000,1.000000,10,1.00,AND2_X1,0.965517,1.000000,33,6484
6486,NODE,n6486,2,n62,n6485,1,11.000000,12.000000,1.000000,11,1.00,AND2_X1,0.965517,1.000000,62,6485
6487,NODE,n6487,2,pi06,n6486,1,12.000000,13.000000,1.000000,12,1.00,NAND2_X1,0.965517,1.000000,7,6486
6488,NODE,n6488,2,n6478,n6487,1,13.000000,14.000000,1.000000,13,1.00,NAND2_X1,0.965517,1.000000,6478,6487
6489,NODE,n6489,2,n78,n6488,1,14.000000,15.000000,1.000000,14,1.00,NAND2_X1,0.965517,1.000000,78,6488
6490,NODE,n6490,2,n813,n6479,1,5.000000,7.000000,2.000000,5,1.00,AND2_X1,0.931035,2.000000,813,6479
6491,NODE,n6491,2,n321,n5084,1,5.000000,7.000000,2.000000,5,1.00,NAND2_X1,0.931035,2.000000,321,5084
6492,NODE,n6492,2,n6490,n6491,1,6.000000,8.000000,2.000000,6,1.00,NAND2_X1,0.931035,2.000000,6490,6491
6493,NODE,n6493,2,pi14,n6492,1,7.000000,9.000000,2.000000,7,1.00,AND2_X1,0.931035,2.000000,15,6492
6494,NODE,n6494,2,n40,n6493,1,8.000000,10.000000,2.000000,8,1.00,AND2_X1,0.931035,2.000000,40,6493
6495,NODE,n6495,2,n39,n6494,1,9.000000,11.000000,2.000000,9,1.00,AND2_X1,0.931035,2.000000,39,6494
6496,NODE,n6496,2,n36,n6495,1,10.000000,12.000000,2.000000,10,1.00,AND2_X1,0.931035,2.000000,36,6495
6497,NODE,n6497,2,n33,n6496,1,11.000000,13.000000,2.000000,11,1.00,AND2_X1,0.931035,2.000000,33,6496
6498,NODE,n6498,2,n62,n6497,1,12.000000,14.000000,2.000000,12,1.00,AND2_X1,0.931035,2.000000,62,6497
6499,NODE,n6499,2,pi00,n6498,1,13.000000,15.000000,2.000000,13,1.00,NAND2_X1,0.931035,2.000000,1,6498
6500,NODE,n6500,2,n6489,n6499,1,15.000000,16.000000,1.000000,15,1.00,NAND2_X1,0.965517,1.000000,6489,6499
6501,NODE,n6501,2,pi04,n6500,1,16.000000,17.000000,1.000000,16,1.00,NAND2_X1,0.965517,1.000000,5,6500
6502,NODE,n6502,2,pi02,n1443,1,3.000000,4.000000,1.000000,3,1.00,NAND2_X1,0.965517,1.000000,3,1443
6503,NODE,n6503,2,n823,n6502,1,5.000000,5.000000,0.000000,5,1.00,NAND2_X1,1.000000,0.000000,823,6502
6504,NODE,n6504,2,n78,n6503,1,6.000000,6.000000,0.000000,6,1.00,NAND2_X1,1.000000,0.000000,78,6503
6505,NODE,n6505,2,pi15,n1798,1,3.000000,5.000000,2.000000,3,1.00,AND2_X1,0.931035,2.000000,16,1798
6506,NODE,n6506,2,pi00,n6505,1,4.000000,6.000000,2.000000,4,1.00,NAND2_X1,0.931035,2.000000,1,6505
6507,NODE,n6507,2,n6504,n6506,1,7.000000,7.000000,0.000000,7,1.00,NAND2_X1,1.000000,0.000000,6504,6506
6508,NODE,n6508,2,pi03,n6507,1,8.000000,8.000000,0.000000,8,1.00,NAND2_X1,1.000000,0.000000,4,6507
6509,NODE,n6509,2,pi15,n859,1,3.000000,6.000000,3.000000,3,1.00,AND2_X1,0.896552,3.000000,16,859
6510,NODE,n6510,2,pi07,n6509,1,4.000000,7.000000,3.000000,4,1.00,AND2_X1,0.896552,3.000000,8,6509
6511,NODE,n6511,2,n90,n6510,1,5.000000,8.000000,3.000000,5,1.00,NAND2_X1,0.896552,3.000000,90,6510
6512,NODE,n6512,2,n6508,n6511,1,9.000000,9.000000,0.000000,9,1.00,AND2_X1,1.000000,0.000000,6508,6511
6513,NODE,n6513,2,n78,n3523,1,3.000000,6.000000,3.000000,3,1.00,NAND2_X1,0.896552,3.000000,78,3523
6514,NODE,n6514,2,n6174,n1046,1,4.000000,6.000000,2.000000,4,1.00,NAND2_X1,0.931035,2.000000,6174,1046
6515,NODE,n6515,2,n6513,n6514,2,5.000000,7.000000,2.000000,5,1.00,NAND2_X1,0.931035,2.000000,6513,6514
6516,NODE,n6516,2,n790,n6515,1,6.000000,8.000000,2.000000,6,1.00,AND2_X1,0.931035,2.000000,790,6515
6517,NODE,n6517,2,n368,n6516,1,7.000000,9.000000,2.000000,7,1.00,NAND2_X1,0.931035,2.000000,368,6516
6518,NODE,n6518,2,n6512,n6517,1,10.000000,10.000000,0.000000,10,1.00,NAND2_X1,1.000000,0.000000,6512,6517
6519,NODE,n6519,2,pi14,n6518,1,11.000000,11.000000,0.000000,11,1.00,AND2_X1,1.000000,0.000000,15,6518
6520,NODE,n6520,2,n40,n6519,1,12.000000,12.000000,0.000000,12,1.00,AND2_X1,1.000000,0.000000,40,6519
6521,NODE,n6521,2,n39,n6520,1,13.000000,13.000000,0.000000,13,1.00,AND2_X1,1.000000,0.000000,39,6520
6522,NODE,n6522,2,n36,n6521,1,14.000000,14.000000,0.000000,14,1.00,AND2_X1,1.000000,0.000000,36,6521
6523,NODE,n6523,2,n33,n6522,1,15.000000,15.000000,0.000000,15,1.00,AND2_X1,1.000000,0.000000,33,6522
6524,NODE,n6524,2,n62,n6523,1,16.000000,16.000000,0.000000,16,1.00,AND2_X1,1.000000,0.000000,62,6523
6525,NODE,n6525,2,n54,n6524,1,17.000000,17.000000,0.000000,17,1.00,NAND2_X1,1.000000,0.000000,54,6524
6526,NODE,n6526,2,n6501,n6525,1,18.000000,18.000000,0.000000,18,1.00,AND2_X1,1.000000,0.000000,6501,6525
6527,NODE,n6527,2,n6463,n6526,1,19.000000,19.000000,0.000000,19,1.00,NAND2_X1,1.000000,0.000000,6463,6526
6528,NODE,n6528,2,n34,n6527,1,20.000000,20.000000,0.000000,20,1.00,NAND2_X1,1.000000,0.000000,34,6527
6529,NODE,n6529,1,n6515,,1,6.000000,11.000000,5.000000,6,1.00,INV_X1,0.827586,5.000000,6515,-1
6530,NODE,n6530,2,pi00,n1443,1,3.000000,10.000000,7.000000,3,1.00,NAND2_X1,0.758621,7.000000,1,1443
6531,NODE,n6531,2,pi03,n822,1,4.000000,9.000000,5.000000,4,1.00,AND2_X1,0.827586,5.000000,4,822
6532,NODE,n6532,2,n860,n6531,1,5.000000,10.000000,5.000000,5,1.00,NAND2_X1,0.827586,5.000000,860,6531
6533,NODE,n6533,2,n6530,n6532,1,6.000000,11.000000,5.000000,6,1.00,AND2_X1,0.827586,5.000000,6530,6532
6534,NODE,n6534,2,n6529,n6533,1,7.000000,12.000000,5.000000,7,1.00,NAND2_X1,0.827586,5.000000,6529,6533
6535,NODE,n6535,2,pi14,n6534,1,8.000000,13.000000,5.000000,8,1.00,AND2_X1,0.827586,5.000000,15,6534
6536,NODE,n6536,2,n40,n6535,1,9.000000,14.000000,5.000000,9,1.00,AND2_X1,0.827586,5.000000,40,6535
6537,NODE,n6537,2,n39,n6536,1,10.000000,15.000000,5.000000,10,1.00,AND2_X1,0.827586,5.000000,39,6536
6538,NODE,n6538,2,n36,n6537,1,11.000000,16.000000,5.000000,11,1.00,AND2_X1,0.827586,5.000000,36,6537
6539,NODE,n6539,2,n33,n6538,1,12.000000,17.000000,5.000000,12,1.00,AND2_X1,0.827586,5.000000,33,6538
6540,NODE,n6540,2,n62,n6539,1,13.000000,18.000000,5.000000,13,1.00,NAND2_X1,0.827586,5.000000,62,6539
6541,NODE,n6541,2,n1053,n5021,1,5.000000,17.000000,12.000000,5,1.00,AND2_X1,0.586207,12.000000,1053,5021
6542,NODE,n6542,2,n1372,n6541,1,6.000000,18.000000,12.000000,6,1.00,NAND2_X1,0.586207,12.000000,1372,6541
6543,NODE,n6543,2,n6540,n6542,1,14.000000,19.000000,5.000000,14,1.00,NAND2_X1,0.827586,5.000000,6540,6542
6544,NODE,n6544,2,pi05,n6543,1,15.000000,20.000000,5.000000,15,1.00,NAND2_X1,0.827586,5.000000,6,6543
6545,NODE,n6545,2,n6528,n6544,1,21.000000,21.000000,0.000000,21,1.00,NAND2_X1,1.000000,0.000000,6528,6544
6546,NODE,n6546,2,pi08,n6545,1,22.000000,22.000000,0.000000,22,1.00,NAND2_X1,1.000000,0.000000,9,6545
6547,NODE,n6547,2,n154,n1426,1,4.000000,7.000000,3.000000,4,1.00,NAND2_X1,0.896552,3.000000,154,1426
6548,NODE,n6548,2,n2070,n6547,1,5.000000,8.000000,3.000000,5,1.00,NAND2_X1,0.896552,3.000000,2070,6547
6549,NODE,n6549,2,pi00,n6548,1,6.000000,9.000000,3.000000,6,1.00,NAND2_X1,0.896552,3.000000,1,6548
6550,NODE,n6550,2,n4898,n6549,1,7.000000,10.000000,3.000000,7,1.00,NAND2_X1,0.896552,3.000000,4898,6549
6551,NODE,n6551,2,pi07,n6550,1,8.000000,11.000000,3.000000,8,1.00,NAND2_X1,0.896552,3.000000,8,6550
6552,NODE,n6552,2,pi02,n4970,1,5.000000,11.000000,6.000000,5,1.00,NAND2_X1,0.793103,6.000000,3,4970
6553,NODE,n6553,2,n6551,n6552,1,9.000000,12.000000,3.000000,9,1.00,NAND2_X1,0.896552,3.000000,6551,6552
6554,NODE,n6554,2,n90,n6553,1,10.000000,13.000000,3.000000,10,1.00,NAND2_X1,0.896552,3.000000,90,6553
6555,NODE,n6555,1,n4913,,1,5.000000,12.000000,7.000000,5,1.00,INV_X1,0.758621,7.000000,4913,-1
6556,NODE,n6556,2,n3450,n6555,1,6.000000,13.000000,7.000000,6,1.00,NAND2_X1,0.758621,7.000000,3450,6555
6557,NODE,n6557,2,n6554,n6556,1,11.000000,14.000000,3.000000,11,1.00,NAND2_X1,0.896552,3.000000,6554,6556
6558,NODE,n6558,2,pi14,n6557,1,12.000000,15.000000,3.000000,12,1.00,AND2_X1,0.896552,3.000000,15,6557
6559,NODE,n6559,2,n40,n6558,1,13.000000,16.000000,3.000000,13,1.00,AND2_X1,0.896552,3.000000,40,6558
6560,NODE,n6560,2,n39,n6559,1,14.000000,17.000000,3.000000,14,1.00,AND2_X1,0.896552,3.000000,39,6559
6561,NODE,n6561,2,n36,n6560,1,15.000000,18.000000,3.000000,15,1.00,AND2_X1,0.896552,3.000000,36,6560
6562,NODE,n6562,2,n33,n6561,1,16.000000,19.000000,3.000000,16,1.00,AND2_X1,0.896552,3.000000,33,6561
6563,NODE,n6563,2,n62,n6562,1,17.000000,20.000000,3.000000,17,1.00,NAND2_X1,0.896552,3.000000,62,6562
6564,NODE,n6564,2,n116,n1040,1,4.000000,19.000000,15.000000,4,1.00,AND2_X1,0.482759,15.000000,116,1040
6565,NODE,n6565,2,n3297,n1372,1,6.000000,19.000000,13.000000,6,1.00,AND2_X1,0.551724,13.000000,3297,1372
6566,NODE,n6566,2,n6564,n6565,1,7.000000,20.000000,13.000000,7,1.00,NAND2_X1,0.551724,13.000000,6564,6565
6567,NODE,n6567,2,n6563,n6566,1,18.000000,21.000000,3.000000,18,1.00,NAND2_X1,0.896552,3.000000,6563,6566
6568,NODE,n6568,2,n35,n6567,1,19.000000,22.000000,3.000000,19,1.00,NAND2_X1,0.896552,3.000000,35,6567
6569,NODE,n6569,2,n6546,n6568,1,23.000000,23.000000,0.000000,23,1.00,NAND2_X1,1.000000,0.000000,6546,6568
6570,NODE,n6570,2,n138,n6569,1,24.000000,24.000000,0.000000,24,1.00,NAND2_X1,1.000000,0.000000,138,6569
6571,NODE,n6571,2,n6452,n6570,1,25.000000,25.000000,0.000000,25,1.00,AND2_X1,1.000000,0.000000,6452,6570
6572,NODE,n6572,2,n6321,n6571,1,26.000000,26.000000,0.000000,26,1.00,NAND2_X1,1.000000,0.000000,6321,6571
6573,NODE,n6573,2,n111,n1465,2,3.000000,9.000000,6.000000,3,1.00,NAND2_X1,0.793103,6.000000,111,1465
6574,NODE,n6574,2,n2205,n3743,1,4.000000,19.000000,15.000000,4,1.00,NAND2_X1,0.482759,15.000000,2205,3743
6575,NODE,n6575,2,n6573,n6574,2,5.000000,20.000000,15.000000,5,1.00,NAND2_X1,0.482759,15.000000,6573,6574
6576,NODE,n6576,2,pi07,n6575,1,6.000000,21.000000,15.000000,6,1.00,NAND2_X1,0.482759,15.000000,8,6575
6577,NODE,n6577,2,n3752,n3743,1,4.000000,21.000000,17.000000,4,1.00,NAND2_X1,0.413793,17.000000,3752,3743
6578,NODE,n6578,2,n6576,n6577,1,7.000000,22.000000,15.000000,7,1.00,NAND2_X1,0.482759,15.000000,6576,6577
6579,NODE,n6579,2,n2628,n6578,1,8.000000,23.000000,15.000000,8,1.00,NAND2_X1,0.482759,15.000000,2628,6578
6580,NODE,n6580,2,pi02,n2609,1,4.000000,19.000000,15.000000,4,1.00,NAND2_X1,0.482759,15.000000,3,2609
6581,NODE,n6581,2,n5765,n6580,1,5.000000,20.000000,15.000000,5,1.00,NAND2_X1,0.482759,15.000000,5765,6580
6582,NODE,n6582,2,n6575,n6581,1,6.000000,21.000000,15.000000,6,1.00,NAND2_X1,0.482759,15.000000,6575,6581
6583,NODE,n6583,2,pi09,n45,1,2.000000,20.000000,18.000000,2,1.00,AND2_X1,0.379310,18.000000,10,45
6584,NODE,n6584,2,pi11,n3337,1,4.000000,19.000000,15.000000,4,1.00,AND2_X1,0.482759,15.000000,12,3337
6585,NODE,n6585,2,pi10,n6584,1,5.000000,20.000000,15.000000,5,1.00,AND2_X1,0.482759,15.000000,11,6584
6586,NODE,n6586,2,n6583,n6585,1,6.000000,21.000000,15.000000,6,1.00,NAND2_X1,0.482759,15.000000,6583,6585
6587,NODE,n6587,2,n6582,n6586,1,7.000000,22.000000,15.000000,7,1.00,NAND2_X1,0.482759,15.000000,6582,6586
6588,NODE,n6588,2,pi07,n6587,1,8.000000,23.000000,15.000000,8,1.00,NAND2_X1,0.482759,15.000000,8,6587
6589,NODE,n6589,2,n6579,n6588,1,9.000000,24.000000,15.000000,9,1.00,NAND2_X1,0.482759,15.000000,6579,6588
6590,NODE,n6590,2,pi00,n6589,1,10.000000,25.000000,15.000000,10,1.00,NAND2_X1,0.482759,15.000000,1,6589
6591,NODE,n6591,2,pi10,pi13,1,1.000000,2.000000,1.000000,1,1.00,AND2_X1,0.965517,1.000000,11,14
6592,NODE,n6592,2,n112,n6591,6,2.000000,3.000000,1.000000,2,1.00,AND2_X1,0.965517,1.000000,112,6591
6593,NODE,n6593,2,n318,n754,1,3.000000,22.000000,19.000000,3,1.00,AND2_X1,0.344828,19.000000,318,754
6594,NODE,n6594,2,n6592,n6593,1,4.000000,23.000000,19.000000,4,1.00,NAND2_X1,0.344828,19.000000,6592,6593
6595,NODE,n6595,2,n91,n958,6,3.000000,11.000000,8.000000,3,1.00,AND2_X1,0.724138,8.000000,91,958
6596,NODE,n6596,1,n5709,,1,5.000000,21.000000,16.000000,5,1.00,INV_X1,0.448276,16.000000,5709,-1
6597,NODE,n6597,2,n260,n6596,1,6.000000,22.000000,16.000000,6,1.00,AND2_X1,0.448276,16.000000,260,6596
6598,NODE,n6598,2,n6595,n6597,1,7.000000,23.000000,16.000000,7,1.00,NAND2_X1,0.448276,16.000000,6595,6597
6599,NODE,n6599,2,n6594,n6598,1,8.000000,24.000000,16.000000,8,1.00,NAND2_X1,0.448276,16.000000,6594,6598
6600,NODE,n6600,2,n78,n6599,1,9.000000,25.000000,16.000000,9,1.00,NAND2_X1,0.448276,16.000000,78,6599
6601,NODE,n6601,2,n6590,n6600,1,11.000000,26.000000,15.000000,11,1.00,NAND2_X1,0.482759,15.000000,6590,6600
6602,NODE,n6602,2,pi14,n6601,1,12.000000,27.000000,15.000000,12,1.00,NAND2_X1,0.482759,15.000000,15,6601
6603,NODE,n6603,2,pi07,n415,1,4.000000,24.000000,20.000000,4,1.00,NAND2_X1,0.310345,20.000000,8,415
6604,NODE,n6604,2,n61,n370,1,4.000000,24.000000,20.000000,4,1.00,NAND2_X1,0.310345,20.000000,61,370
6605,NODE,n6605,2,n6603,n6604,1,5.000000,25.000000,20.000000,5,1.00,NAND2_X1,0.310345,20.000000,6603,6604
6606,NODE,n6606,2,pi15,n6605,1,6.000000,26.000000,20.000000,6,1.00,AND2_X1,0.310345,20.000000,16,6605
6607,NODE,n6607,2,n113,n6606,1,7.000000,27.000000,20.000000,7,1.00,NAND2_X1,0.310345,20.000000,113,6606
6608,NODE,n6608,2,n6602,n6607,1,13.000000,28.000000,15.000000,13,1.00,NAND2_X1,0.482759,15.000000,6602,6607
6609,NODE,n6609,2,pi08,n6608,1,14.000000,29.000000,15.000000,14,1.00,NAND2_X1,0.482759,15.000000,9,6608
6610,NODE,n6610,1,n6305,,1,5.000000,5.000000,0.000000,5,1.00,INV_X1,1.000000,0.000000,6305,-1
6611,NODE,n6611,2,pi14,n6610,1,6.000000,6.000000,0.000000,6,1.00,NAND2_X1,1.000000,0.000000,15,6610
6612,NODE,n6612,2,n790,n569,1,3.000000,5.000000,2.000000,3,1.00,AND2_X1,0.931035,2.000000,790,569
6613,NODE,n6613,2,n44,n6612,1,4.000000,6.000000,2.000000,4,1.00,NAND2_X1,0.931035,2.000000,44,6612
6614,NODE,n6614,2,n6611,n6613,1,7.000000,7.000000,0.000000,7,1.00,NAND2_X1,1.000000,0.000000,6611,6613
6615,NODE,n6615,2,n90,n6614,1,8.000000,8.000000,0.000000,8,1.00,NAND2_X1,1.000000,0.000000,90,6614
6616,NODE,n6616,2,n1617,n6305,1,5.000000,6.000000,1.000000,5,1.00,AND2_X1,0.965517,1.000000,1617,6305
6617,NODE,n6617,2,n44,n6616,1,6.000000,7.000000,1.000000,6,1.00,AND2_X1,0.965517,1.000000,44,6616
6618,NODE,n6618,2,n2614,n6617,1,7.000000,8.000000,1.000000,7,1.00,NAND2_X1,0.965517,1.000000,2614,6617
6619,NODE,n6619,2,n6615,n6618,1,9.000000,9.000000,0.000000,9,1.00,NAND2_X1,1.000000,0.000000,6615,6618
6620,NODE,n6620,2,n138,n6619,1,10.000000,10.000000,0.000000,10,1.00,NAND2_X1,1.000000,0.000000,138,6619
6621,NODE,n6621,2,n570,n1052,1,4.000000,5.000000,1.000000,4,1.00,NAND2_X1,0.965517,1.000000,570,1052
6622,NODE,n6622,2,n2244,n6621,2,5.000000,6.000000,1.000000,5,1.00,AND2_X1,0.965517,1.000000,2244,6621
6623,NODE,n6623,2,n1618,n6622,1,6.000000,7.000000,1.000000,6,1.00,NAND2_X1,0.965517,1.000000,1618,6622
6624,NODE,n6624,2,pi01,n6623,1,7.000000,8.000000,1.000000,7,1.00,AND2_X1,0.965517,1.000000,2,6623
6625,NODE,n6625,2,n44,n6624,1,8.000000,9.000000,1.000000,8,1.00,AND2_X1,0.965517,1.000000,44,6624
6626,NODE,n6626,2,n790,n6625,1,9.000000,10.000000,1.000000,9,1.00,NAND2_X1,0.965517,1.000000,790,6625
6627,NODE,n6627,2,n6620,n6626,1,11.000000,11.000000,0.000000,11,1.00,NAND2_X1,1.000000,0.000000,6620,6626
6628,NODE,n6628,2,n78,n6627,1,12.000000,12.000000,0.000000,12,1.00,NAND2_X1,1.000000,0.000000,78,6627
6629,NODE,n6629,2,pi03,n570,2,4.000000,6.000000,2.000000,4,1.00,AND2_X1,0.931035,2.000000,4,570
6630,NODE,n6630,2,n1701,n6629,1,5.000000,7.000000,2.000000,5,1.00,NAND2_X1,0.931035,2.000000,1701,6629
6631,NODE,n6631,2,n6622,n6630,1,6.000000,8.000000,2.000000,6,1.00,AND2_X1,0.931035,2.000000,6622,6630
6632,NODE,n6632,2,n1618,n6631,1,7.000000,9.000000,2.000000,7,1.00,NAND2_X1,0.931035,2.000000,1618,6631
6633,NODE,n6633,2,n790,n6632,1,8.000000,10.000000,2.000000,8,1.00,AND2_X1,0.931035,2.000000,790,6632
6634,NODE,n6634,2,n44,n6633,1,9.000000,11.000000,2.000000,9,1.00,AND2_X1,0.931035,2.000000,44,6633
6635,NODE,n6635,2,pi00,n6634,1,10.000000,12.000000,2.000000,10,1.00,NAND2_X1,0.931035,2.000000,1,6634
6636,NODE,n6636,2,n6628,n6635,1,13.000000,13.000000,0.000000,13,1.00,NAND2_X1,1.000000,0.000000,6628,6635
6637,NODE,n6637,2,pi10,n6636,1,14.000000,14.000000,0.000000,14,1.00,NAND2_X1,1.000000,0.000000,11,6636
6638,NODE,n6638,2,n33,n2392,1,4.000000,13.000000,9.000000,4,1.00,AND2_X1,0.689655,9.000000,33,2392
6639,NODE,n6639,2,n61,n6638,1,5.000000,14.000000,9.000000,5,1.00,NAND2_X1,0.689655,9.000000,61,6638
6640,NODE,n6640,2,n6637,n6639,1,15.000000,15.000000,0.000000,15,1.00,NAND2_X1,1.000000,0.000000,6637,6639
6641,NODE,n6641,2,n34,n6640,1,16.000000,16.000000,0.000000,16,1.00,NAND2_X1,1.000000,0.000000,34,6640
6642,NODE,n6642,2,pi07,n4146,1,4.000000,13.000000,9.000000,4,1.00,NAND2_X1,0.689655,9.000000,8,4146
6643,NODE,n6643,2,n321,n619,2,4.000000,8.000000,4.000000,4,1.00,NAND2_X1,0.862069,4.000000,321,619
6644,NODE,n6644,1,n6643,,4,5.000000,9.000000,4.000000,5,1.00,INV_X1,0.862069,4.000000,6643,-1
6645,NODE,n6645,2,n2155,n3299,1,4.000000,11.000000,7.000000,4,1.00,AND2_X1,0.758621,7.000000,2155,3299
6646,NODE,n6646,2,n6644,n6645,1,6.000000,12.000000,6.000000,6,1.00,NAND2_X1,0.793103,6.000000,6644,6645
6647,NODE,n6647,2,n1501,n3613,1,3.000000,12.000000,9.000000,3,1.00,NAND2_X1,0.689655,9.000000,1501,3613
6648,NODE,n6648,2,n6646,n6647,1,7.000000,13.000000,6.000000,7,1.00,AND2_X1,0.793103,6.000000,6646,6647
6649,NODE,n6649,2,n6642,n6648,1,8.000000,14.000000,6.000000,8,1.00,NAND2_X1,0.793103,6.000000,6642,6648
6650,NODE,n6650,2,n44,n6649,1,9.000000,15.000000,6.000000,9,1.00,AND2_X1,0.793103,6.000000,44,6649
6651,NODE,n6651,2,pi05,n6650,1,10.000000,16.000000,6.000000,10,1.00,NAND2_X1,0.793103,6.000000,6,6650
6652,NODE,n6652,2,n6641,n6651,1,17.000000,17.000000,0.000000,17,1.00,NAND2_X1,1.000000,0.000000,6641,6651
6653,NODE,n6653,2,pi06,n6652,1,18.000000,18.000000,0.000000,18,1.00,NAND2_X1,1.000000,0.000000,7,6652
6654,NODE,n6654,2,n274,n1701,1,4.000000,9.000000,5.000000,4,1.00,NAND2_X1,0.827586,5.000000,274,1701
6655,NODE,n6655,2,n5285,n6654,1,5.000000,10.000000,5.000000,5,1.00,NAND2_X1,0.827586,5.000000,5285,6654
6656,NODE,n6656,2,n90,n6655,1,6.000000,11.000000,5.000000,6,1.00,NAND2_X1,0.827586,5.000000,90,6655
6657,NODE,n6657,2,n191,n6656,1,7.000000,12.000000,5.000000,7,1.00,AND2_X1,0.827586,5.000000,191,6656
6658,NODE,n6658,2,n616,n2087,1,6.000000,12.000000,6.000000,6,1.00,NAND2_X1,0.793103,6.000000,616,2087
6659,NODE,n6659,2,n6657,n6658,1,8.000000,13.000000,5.000000,8,1.00,NAND2_X1,0.827586,5.000000,6657,6658
6660,NODE,n6660,2,pi15,n6659,1,9.000000,14.000000,5.000000,9,1.00,AND2_X1,0.827586,5.000000,16,6659
6661,NODE,n6661,2,n44,n6660,1,10.000000,15.000000,5.000000,10,1.00,AND2_X1,0.827586,5.000000,44,6660
6662,NODE,n6662,2,pi10,n6661,1,11.000000,16.000000,5.000000,11,1.00,AND2_X1,0.827586,5.000000,11,6661
6663,NODE,n6663,2,pi07,n6662,1,12.000000,17.000000,5.000000,12,1.00,AND2_X1,0.827586,5.000000,8,6662
6664,NODE,n6664,2,n368,n6663,1,13.000000,18.000000,5.000000,13,1.00,NAND2_X1,0.827586,5.000000,368,6663
6665,NODE,n6665,2,n6653,n6664,1,19.000000,19.000000,0.000000,19,1.00,NAND2_X1,1.000000,0.000000,6653,6664
6666,NODE,n6666,2,pi08,n6665,1,20.000000,20.000000,0.000000,20,1.00,NAND2_X1,1.000000,0.000000,9,6665
6667,NODE,n6667,2,n34,n625,1,5.000000,13.000000,8.000000,5,1.00,AND2_X1,0.724138,8.000000,34,625
6668,NODE,n6668,1,n3358,,1,5.000000,12.000000,7.000000,5,1.00,INV_X1,0.758621,7.000000,3358,-1
6669,NODE,n6669,2,n561,n6668,1,6.000000,13.000000,7.000000,6,1.00,NAND2_X1,0.758621,7.000000,561,6668
6670,NODE,n6670,2,n6667,n6669,1,7.000000,14.000000,7.000000,7,1.00,NAND2_X1,0.758621,7.000000,6667,6669
6671,NODE,n6671,2,pi15,n6670,1,8.000000,15.000000,7.000000,8,1.00,AND2_X1,0.758621,7.000000,16,6670
6672,NODE,n6672,2,n44,n6671,1,9.000000,16.000000,7.000000,9,1.00,AND2_X1,0.758621,7.000000,44,6671
6673,NODE,n6673,2,pi10,n6672,1,10.000000,17.000000,7.000000,10,1.00,AND2_X1,0.758621,7.000000,11,6672
6674,NODE,n6674,2,n35,n6673,1,11.000000,18.000000,7.000000,11,1.00,AND2_X1,0.758621,7.000000,35,6673
6675,NODE,n6675,2,pi07,n6674,1,12.000000,19.000000,7.000000,12,1.00,AND2_X1,0.758621,7.000000,8,6674
6676,NODE,n6676,2,n368,n6675,1,13.000000,20.000000,7.000000,13,1.00,NAND2_X1,0.758621,7.000000,368,6675
6677,NODE,n6677,2,n6666,n6676,1,21.000000,21.000000,0.000000,21,1.00,NAND2_X1,1.000000,0.000000,6666,6676
6678,NODE,n6678,2,pi13,n6677,1,22.000000,22.000000,0.000000,22,1.00,AND2_X1,1.000000,0.000000,14,6677
6679,NODE,n6679,2,pi12,n6678,1,23.000000,23.000000,0.000000,23,1.00,AND2_X1,1.000000,0.000000,13,6678
6680,NODE,n6680,2,pi11,n6679,1,24.000000,24.000000,0.000000,24,1.00,AND2_X1,1.000000,0.000000,12,6679
6681,NODE,n6681,2,pi09,n6680,1,25.000000,25.000000,0.000000,25,1.00,NAND2_X1,1.000000,0.000000,10,6680
6682,NODE,n6682,2,pi05,n3299,1,4.000000,8.000000,4.000000,4,1.00,AND2_X1,0.862069,4.000000,6,3299
6683,NODE,n6683,2,n321,n6682,1,5.000000,9.000000,4.000000,5,1.00,NAND2_X1,0.862069,4.000000,321,6682
6684,NODE,n6684,2,n34,n4146,1,4.000000,8.000000,4.000000,4,1.00,AND2_X1,0.862069,4.000000,34,4146
6685,NODE,n6685,2,n224,n6684,1,5.000000,9.000000,4.000000,5,1.00,NAND2_X1,0.862069,4.000000,224,6684
6686,NODE,n6686,2,n6683,n6685,1,6.000000,10.000000,4.000000,6,1.00,NAND2_X1,0.862069,4.000000,6683,6685
6687,NODE,n6687,2,n44,n6686,1,7.000000,11.000000,4.000000,7,1.00,AND2_X1,0.862069,4.000000,44,6686
6688,NODE,n6688,2,pi13,n6687,1,8.000000,12.000000,4.000000,8,1.00,AND2_X1,0.862069,4.000000,14,6687
6689,NODE,n6689,2,pi12,n6688,1,9.000000,13.000000,4.000000,9,1.00,AND2_X1,0.862069,4.000000,13,6688
6690,NODE,n6690,2,pi11,n6689,1,10.000000,14.000000,4.000000,10,1.00,AND2_X1,0.862069,4.000000,12,6689
6691,NODE,n6691,2,pi08,n6690,1,11.000000,15.000000,4.000000,11,1.00,AND2_X1,0.862069,4.000000,9,6690
6692,NODE,n6692,2,n78,n6691,1,12.000000,16.000000,4.000000,12,1.00,NAND2_X1,0.862069,4.000000,78,6691
6693,NODE,n6693,2,pi00,n3524,1,7.000000,16.000000,9.000000,7,1.00,NAND2_X1,0.689655,9.000000,1,3524
6694,NODE,n6694,2,n6692,n6693,1,13.000000,17.000000,4.000000,13,1.00,NAND2_X1,0.862069,4.000000,6692,6693
6695,NODE,n6695,2,pi04,n6694,1,14.000000,18.000000,4.000000,14,1.00,NAND2_X1,0.862069,4.000000,5,6694
6696,NODE,n6696,2,n54,n3524,1,7.000000,17.000000,10.000000,7,1.00,AND2_X1,0.655172,10.000000,54,3524
6697,NODE,n6697,2,pi00,n6696,1,8.000000,18.000000,10.000000,8,1.00,NAND2_X1,0.655172,10.000000,1,6696
6698,NODE,n6698,2,n6695,n6697,1,15.000000,19.000000,4.000000,15,1.00,NAND2_X1,0.862069,4.000000,6695,6697
6699,NODE,n6699,2,pi09,n6698,1,16.000000,20.000000,4.000000,16,1.00,NAND2_X1,0.862069,4.000000,10,6698
6700,NODE,n6700,2,n154,n4215,1,3.000000,11.000000,8.000000,3,1.00,NAND2_X1,0.724138,8.000000,154,4215
6701,NODE,n6701,2,n224,n6428,1,5.000000,11.000000,6.000000,5,1.00,NAND2_X1,0.793103,6.000000,224,6428
6702,NODE,n6702,2,n6700,n6701,1,6.000000,12.000000,6.000000,6,1.00,NAND2_X1,0.793103,6.000000,6700,6701
6703,NODE,n6703,2,n790,n6702,1,7.000000,13.000000,6.000000,7,1.00,NAND2_X1,0.793103,6.000000,790,6702
6704,NODE,n6704,2,n54,n2438,1,4.000000,8.000000,4.000000,4,1.00,NAND2_X1,0.862069,4.000000,54,2438
6705,NODE,n6705,2,n35,n6704,1,5.000000,9.000000,4.000000,5,1.00,NAND2_X1,0.862069,4.000000,35,6704
6706,NODE,n6706,2,pi15,n6705,1,6.000000,10.000000,4.000000,6,1.00,AND2_X1,0.862069,4.000000,16,6705
6707,NODE,n6707,2,n90,n6706,1,7.000000,11.000000,4.000000,7,1.00,AND2_X1,0.862069,4.000000,90,6706
6708,NODE,n6708,2,n154,n6707,1,8.000000,12.000000,4.000000,8,1.00,AND2_X1,0.862069,4.000000,154,6707
6709,NODE,n6709,2,n78,n6708,1,9.000000,13.000000,4.000000,9,1.00,NAND2_X1,0.862069,4.000000,78,6708
6710,NODE,n6710,2,n6703,n6709,1,10.000000,14.000000,4.000000,10,1.00,NAND2_X1,0.862069,4.000000,6703,6709
6711,NODE,n6711,2,pi14,n6710,1,11.000000,15.000000,4.000000,11,1.00,AND2_X1,0.862069,4.000000,15,6710
6712,NODE,n6712,2,n40,n6711,1,12.000000,16.000000,4.000000,12,1.00,AND2_X1,0.862069,4.000000,40,6711
6713,NODE,n6713,2,n39,n6712,1,13.000000,17.000000,4.000000,13,1.00,AND2_X1,0.862069,4.000000,39,6712
6714,NODE,n6714,2,n36,n6713,1,14.000000,18.000000,4.000000,14,1.00,AND2_X1,0.862069,4.000000,36,6713
6715,NODE,n6715,2,n33,n6714,1,15.000000,19.000000,4.000000,15,1.00,AND2_X1,0.862069,4.000000,33,6714
6716,NODE,n6716,2,n62,n6715,1,16.000000,20.000000,4.000000,16,1.00,NAND2_X1,0.862069,4.000000,62,6715
6717,NODE,n6717,2,n6699,n6716,1,17.000000,21.000000,4.000000,17,1.00,NAND2_X1,0.862069,4.000000,6699,6716
6718,NODE,n6718,2,n61,n6717,1,18.000000,22.000000,4.000000,18,1.00,NAND2_X1,0.862069,4.000000,61,6717
6719,NODE,n6719,2,n90,n3482,2,4.000000,8.000000,4.000000,4,1.00,NAND2_X1,0.862069,4.000000,90,3482
6720,NODE,n6720,2,n35,n6719,1,5.000000,9.000000,4.000000,5,1.00,NAND2_X1,0.862069,4.000000,35,6719
6721,NODE,n6721,2,pi15,n6720,1,6.000000,10.000000,4.000000,6,1.00,AND2_X1,0.862069,4.000000,16,6720
6722,NODE,n6722,2,n78,n6721,1,7.000000,11.000000,4.000000,7,1.00,NAND2_X1,0.862069,4.000000,78,6721
6723,NODE,n6723,2,n854,n4687,1,5.000000,11.000000,6.000000,5,1.00,NAND2_X1,0.793103,6.000000,854,4687
6724,NODE,n6724,2,n6722,n6723,1,8.000000,12.000000,4.000000,8,1.00,NAND2_X1,0.862069,4.000000,6722,6723
6725,NODE,n6725,2,n154,n6724,1,9.000000,13.000000,4.000000,9,1.00,NAND2_X1,0.862069,4.000000,154,6724
6726,NODE,n6726,2,pi02,n1178,1,4.000000,12.000000,8.000000,4,1.00,AND2_X1,0.724138,8.000000,3,1178
6727,NODE,n6727,2,n78,n6726,1,5.000000,13.000000,8.000000,5,1.00,NAND2_X1,0.724138,8.000000,78,6726
6728,NODE,n6728,2,n6725,n6727,1,10.000000,14.000000,4.000000,10,1.00,NAND2_X1,0.862069,4.000000,6725,6727
6729,NODE,n6729,2,n40,n6728,1,11.000000,15.000000,4.000000,11,1.00,AND2_X1,0.862069,4.000000,40,6728
6730,NODE,n6730,2,n39,n6729,1,12.000000,16.000000,4.000000,12,1.00,AND2_X1,0.862069,4.000000,39,6729
6731,NODE,n6731,2,n36,n6730,1,13.000000,17.000000,4.000000,13,1.00,AND2_X1,0.862069,4.000000,36,6730
6732,NODE,n6732,2,n33,n6731,1,14.000000,18.000000,4.000000,14,1.00,AND2_X1,0.862069,4.000000,33,6731
6733,NODE,n6733,2,n62,n6732,1,15.000000,19.000000,4.000000,15,1.00,NAND2_X1,0.862069,4.000000,62,6732
6734,NODE,n6734,2,n1333,n1465,2,3.000000,14.000000,11.000000,3,1.00,AND2_X1,0.620690,11.000000,1333,1465
6735,NODE,n6735,2,n34,n6734,1,4.000000,15.000000,11.000000,4,1.00,AND2_X1,0.620690,11.000000,34,6734
6736,NODE,n6736,2,n54,n6735,1,5.000000,16.000000,11.000000,5,1.00,AND2_X1,0.620690,11.000000,54,6735
6737,NODE,n6737,2,n90,n6736,1,6.000000,17.000000,11.000000,6,1.00,AND2_X1,0.620690,11.000000,90,6736
6738,NODE,n6738,2,n154,n6737,1,7.000000,18.000000,11.000000,7,1.00,AND2_X1,0.620690,11.000000,154,6737
6739,NODE,n6739,2,n78,n6738,1,8.000000,19.000000,11.000000,8,1.00,NAND2_X1,0.620690,11.000000,78,6738
6740,NODE,n6740,2,n6733,n6739,1,16.000000,20.000000,4.000000,16,1.00,NAND2_X1,0.862069,4.000000,6733,6739
6741,NODE,n6741,2,pi14,n6740,1,17.000000,21.000000,4.000000,17,1.00,AND2_X1,0.862069,4.000000,15,6740
6742,NODE,n6742,2,pi07,n6741,1,18.000000,22.000000,4.000000,18,1.00,NAND2_X1,0.862069,4.000000,8,6741
6743,NODE,n6743,2,n6718,n6742,1,19.000000,23.000000,4.000000,19,1.00,NAND2_X1,0.862069,4.000000,6718,6742
6744,NODE,n6744,2,pi01,n6743,1,20.000000,24.000000,4.000000,20,1.00,NAND2_X1,0.862069,4.000000,2,6743
6745,NODE,n6745,2,n90,n65,1,5.000000,12.000000,7.000000,5,1.00,AND2_X1,0.758621,7.000000,90,65
6746,NODE,n6746,2,pi02,n6745,1,6.000000,13.000000,7.000000,6,1.00,AND2_X1,0.758621,7.000000,3,6745
6747,NODE,n6747,2,pi00,n6746,1,7.000000,14.000000,7.000000,7,1.00,NAND2_X1,0.758621,7.000000,1,6746
6748,NODE,n6748,2,n159,n545,1,4.000000,11.000000,7.000000,4,1.00,AND2_X1,0.758621,7.000000,159,545
6749,NODE,n6749,2,pi02,n6748,1,5.000000,12.000000,7.000000,5,1.00,NAND2_X1,0.758621,7.000000,3,6748
6750,NODE,n6750,2,pi00,n312,1,4.000000,12.000000,8.000000,4,1.00,NAND2_X1,0.724138,8.000000,1,312
6751,NODE,n6751,2,n6749,n6750,1,6.000000,13.000000,7.000000,6,1.00,NAND2_X1,0.758621,7.000000,6749,6750
6752,NODE,n6752,2,n35,n6751,1,7.000000,14.000000,7.000000,7,1.00,NAND2_X1,0.758621,7.000000,35,6751
6753,NODE,n6753,2,n6747,n6752,1,8.000000,15.000000,7.000000,8,1.00,AND2_X1,0.758621,7.000000,6747,6752
6754,NODE,n6754,2,n527,n1046,1,4.000000,14.000000,10.000000,4,1.00,AND2_X1,0.655172,10.000000,527,1046
6755,NODE,n6755,2,n125,n1448,1,4.000000,14.000000,10.000000,4,1.00,AND2_X1,0.655172,10.000000,125,1448
6756,NODE,n6756,2,n6754,n6755,1,5.000000,15.000000,10.000000,5,1.00,NAND2_X1,0.655172,10.000000,6754,6755
6757,NODE,n6757,2,n6753,n6756,1,9.000000,16.000000,7.000000,9,1.00,NAND2_X1,0.758621,7.000000,6753,6756
6758,NODE,n6758,2,pi14,n6757,1,10.000000,17.000000,7.000000,10,1.00,AND2_X1,0.758621,7.000000,15,6757
6759,NODE,n6759,2,n40,n6758,1,11.000000,18.000000,7.000000,11,1.00,AND2_X1,0.758621,7.000000,40,6758
6760,NODE,n6760,2,n39,n6759,1,12.000000,19.000000,7.000000,12,1.00,AND2_X1,0.758621,7.000000,39,6759
6761,NODE,n6761,2,n36,n6760,1,13.000000,20.000000,7.000000,13,1.00,AND2_X1,0.758621,7.000000,36,6760
6762,NODE,n6762,2,n33,n6761,1,14.000000,21.000000,7.000000,14,1.00,NAND2_X1,0.758621,7.000000,33,6761
6763,NODE,n6763,2,n4252,n6068,1,6.000000,20.000000,14.000000,6,1.00,AND2_X1,0.517241,14.000000,4252,6068
6764,NODE,n6764,2,n35,n111,1,2.000000,19.000000,17.000000,2,1.00,AND2_X1,0.413793,17.000000,35,111
6765,NODE,n6765,2,n113,n6764,1,4.000000,20.000000,16.000000,4,1.00,AND2_X1,0.448276,16.000000,113,6764
6766,NODE,n6766,2,n6763,n6765,1,7.000000,21.000000,14.000000,7,1.00,NAND2_X1,0.517241,14.000000,6763,6765
6767,NODE,n6767,2,n6762,n6766,1,15.000000,22.000000,7.000000,15,1.00,NAND2_X1,0.758621,7.000000,6762,6766
6768,NODE,n6768,2,pi15,n6767,1,16.000000,23.000000,7.000000,16,1.00,AND2_X1,0.758621,7.000000,16,6767
6769,NODE,n6769,2,n138,n6768,1,17.000000,24.000000,7.000000,17,1.00,NAND2_X1,0.758621,7.000000,138,6768
6770,NODE,n6770,2,n6744,n6769,1,21.000000,25.000000,4.000000,21,1.00,AND2_X1,0.862069,4.000000,6744,6769
6771,NODE,n6771,2,n6681,n6770,1,26.000000,26.000000,0.000000,26,1.00,AND2_X1,1.000000,0.000000,6681,6770
6772,NODE,n6772,2,n1425,n1573,1,3.000000,16.000000,13.000000,3,1.00,NAND2_X1,0.551724,13.000000,1425,1573
6773,NODE,n6773,2,pi14,n6772,1,4.000000,17.000000,13.000000,4,1.00,AND2_X1,0.551724,13.000000,15,6772
6774,NODE,n6774,2,n40,n6773,1,5.000000,18.000000,13.000000,5,1.00,AND2_X1,0.551724,13.000000,40,6773
6775,NODE,n6775,2,n39,n6774,1,6.000000,19.000000,13.000000,6,1.00,AND2_X1,0.551724,13.000000,39,6774
6776,NODE,n6776,2,n36,n6775,1,7.000000,20.000000,13.000000,7,1.00,AND2_X1,0.551724,13.000000,36,6775
6777,NODE,n6777,2,n33,n6776,1,8.000000,21.000000,13.000000,8,1.00,AND2_X1,0.551724,13.000000,33,6776
6778,NODE,n6778,2,n62,n6777,1,9.000000,22.000000,13.000000,9,1.00,AND2_X1,0.551724,13.000000,62,6777
6779,NODE,n6779,2,n35,n6778,1,10.000000,23.000000,13.000000,10,1.00,AND2_X1,0.551724,13.000000,35,6778
6780,NODE,n6780,2,pi07,n6779,1,11.000000,24.000000,13.000000,11,1.00,NAND2_X1,0.551724,13.000000,8,6779
6781,NODE,n6781,2,n61,n484,2,3.000000,14.000000,11.000000,3,1.00,AND2_X1,0.620690,11.000000,61,484
6782,NODE,n6782,2,n925,n6781,1,5.000000,23.000000,18.000000,5,1.00,AND2_X1,0.379310,18.000000,925,6781
6783,NODE,n6783,2,n1374,n6782,1,6.000000,24.000000,18.000000,6,1.00,NAND2_X1,0.379310,18.000000,1374,6782
6784,NODE,n6784,2,n6780,n6783,1,12.000000,25.000000,13.000000,12,1.00,NAND2_X1,0.551724,13.000000,6780,6783
6785,NODE,n6785,2,n3412,n6784,1,13.000000,26.000000,13.000000,13,1.00,NAND2_X1,0.551724,13.000000,3412,6784
6786,NODE,n6786,2,n6771,n6785,1,27.000000,27.000000,0.000000,27,1.00,AND2_X1,1.000000,0.000000,6771,6785
6787,NODE,n6787,2,n755,n1574,1,4.000000,13.000000,9.000000,4,1.00,NAND2_X1,0.689655,9.000000,755,1574
6788,NODE,n6788,2,n1052,n1426,1,4.000000,13.000000,9.000000,4,1.00,NAND2_X1,0.689655,9.000000,1052,1426
6789,NODE,n6789,2,n6787,n6788,1,5.000000,14.000000,9.000000,5,1.00,NAND2_X1,0.689655,9.000000,6787,6788
6790,NODE,n6790,2,pi00,n6789,1,6.000000,15.000000,9.000000,6,1.00,NAND2_X1,0.689655,9.000000,1,6789
6791,NODE,n6791,1,n2310,,1,5.000000,14.000000,9.000000,5,1.00,INV_X1,0.689655,9.000000,2310,-1
6792,NODE,n6792,2,n487,n6791,1,6.000000,15.000000,9.000000,6,1.00,NAND2_X1,0.689655,9.000000,487,6791
6793,NODE,n6793,2,n6790,n6792,1,7.000000,16.000000,9.000000,7,1.00,NAND2_X1,0.689655,9.000000,6790,6792
6794,NODE,n6794,2,n40,n6793,1,8.000000,17.000000,9.000000,8,1.00,AND2_X1,0.689655,9.000000,40,6793
6795,NODE,n6795,2,n39,n6794,1,9.000000,18.000000,9.000000,9,1.00,AND2_X1,0.689655,9.000000,39,6794
6796,NODE,n6796,2,n36,n6795,1,10.000000,19.000000,9.000000,10,1.00,AND2_X1,0.689655,9.000000,36,6795
6797,NODE,n6797,2,n33,n6796,1,11.000000,20.000000,9.000000,11,1.00,AND2_X1,0.689655,9.000000,33,6796
6798,NODE,n6798,2,n62,n6797,1,12.000000,21.000000,9.000000,12,1.00,AND2_X1,0.689655,9.000000,62,6797
6799,NODE,n6799,2,n35,n6798,1,13.000000,22.000000,9.000000,13,1.00,NAND2_X1,0.689655,9.000000,35,6798
6800,NODE,n6800,2,n3486,n1465,1,4.000000,19.000000,15.000000,4,1.00,AND2_X1,0.482759,15.000000,3486,1465
6801,NODE,n6801,2,n90,n6800,1,5.000000,20.000000,15.000000,5,1.00,AND2_X1,0.482759,15.000000,90,6800
6802,NODE,n6802,2,n154,n6801,1,6.000000,21.000000,15.000000,6,1.00,AND2_X1,0.482759,15.000000,154,6801
6803,NODE,n6803,2,n78,n6802,1,7.000000,22.000000,15.000000,7,1.00,NAND2_X1,0.482759,15.000000,78,6802
6804,NODE,n6804,2,n6799,n6803,1,14.000000,23.000000,9.000000,14,1.00,NAND2_X1,0.689655,9.000000,6799,6803
6805,NODE,n6805,2,pi14,n6804,1,15.000000,24.000000,9.000000,15,1.00,AND2_X1,0.689655,9.000000,15,6804
6806,NODE,n6806,2,pi07,n6805,1,16.000000,25.000000,9.000000,16,1.00,NAND2_X1,0.689655,9.000000,8,6805
6807,NODE,n6807,2,n790,n1045,1,3.000000,15.000000,12.000000,3,1.00,AND2_X1,0.586207,12.000000,790,1045
6808,NODE,n6808,2,n44,n6807,1,4.000000,16.000000,12.000000,4,1.00,AND2_X1,0.586207,12.000000,44,6807
6809,NODE,n6809,2,pi13,n6808,1,5.000000,17.000000,12.000000,5,1.00,AND2_X1,0.586207,12.000000,14,6808
6810,NODE,n6810,2,pi12,n6809,1,6.000000,18.000000,12.000000,6,1.00,AND2_X1,0.586207,12.000000,13,6809
6811,NODE,n6811,2,pi11,n6810,1,7.000000,19.000000,12.000000,7,1.00,AND2_X1,0.586207,12.000000,12,6810
6812,NODE,n6812,2,pi10,n6811,1,8.000000,20.000000,12.000000,8,1.00,AND2_X1,0.586207,12.000000,11,6811
6813,NODE,n6813,2,pi09,n6812,1,9.000000,21.000000,12.000000,9,1.00,AND2_X1,0.586207,12.000000,10,6812
6814,NODE,n6814,2,pi08,n6813,1,10.000000,22.000000,12.000000,10,1.00,AND2_X1,0.586207,12.000000,9,6813
6815,NODE,n6815,2,n61,n6814,1,11.000000,23.000000,12.000000,11,1.00,AND2_X1,0.586207,12.000000,61,6814
6816,NODE,n6816,2,pi04,n6815,1,12.000000,24.000000,12.000000,12,1.00,AND2_X1,0.586207,12.000000,5,6815
6817,NODE,n6817,2,pi03,n6816,1,13.000000,25.000000,12.000000,13,1.00,NAND2_X1,0.586207,12.000000,4,6816
6818,NODE,n6818,2,n6806,n6817,1,17.000000,26.000000,9.000000,17,1.00,AND2_X1,0.689655,9.000000,6806,6817
6819,NODE,n6819,2,n265,n1175,1,4.000000,10.000000,6.000000,4,1.00,NAND2_X1,0.793103,6.000000,265,1175
6820,NODE,n6820,2,n534,n1178,1,4.000000,10.000000,6.000000,4,1.00,NAND2_X1,0.793103,6.000000,534,1178
6821,NODE,n6821,2,n6819,n6820,1,5.000000,11.000000,6.000000,5,1.00,NAND2_X1,0.793103,6.000000,6819,6820
6822,NODE,n6822,2,n44,n6821,2,6.000000,12.000000,6.000000,6,1.00,NAND2_X1,0.793103,6.000000,44,6821
6823,NODE,n6823,2,pi08,pi14,1,1.000000,10.000000,9.000000,1,1.00,AND2_X1,0.689655,9.000000,9,15
6824,NODE,n6824,2,pi07,n6823,1,2.000000,11.000000,9.000000,2,1.00,AND2_X1,0.689655,9.000000,8,6823
6825,NODE,n6825,2,pi05,n6824,1,3.000000,12.000000,9.000000,3,1.00,AND2_X1,0.689655,9.000000,6,6824
6826,NODE,n6826,2,n90,n6825,1,4.000000,13.000000,9.000000,4,1.00,NAND2_X1,0.689655,9.000000,90,6825
6827,NODE,n6827,2,n6822,n6826,1,7.000000,14.000000,7.000000,7,1.00,NAND2_X1,0.758621,7.000000,6822,6826
6828,NODE,n6828,2,n154,n6827,1,8.000000,15.000000,7.000000,8,1.00,NAND2_X1,0.758621,7.000000,154,6827
6829,NODE,n6829,1,n6822,,3,7.000000,13.000000,6.000000,7,1.00,INV_X1,0.793103,6.000000,6822,-1
6830,NODE,n6830,2,pi02,n6829,1,8.000000,15.000000,7.000000,8,1.00,NAND2_X1,0.758621,7.000000,3,6829
6831,NODE,n6831,2,n6828,n6830,1,9.000000,16.000000,7.000000,9,1.00,NAND2_X1,0.758621,7.000000,6828,6830
6832,NODE,n6832,2,n78,n6831,1,10.000000,17.000000,7.000000,10,1.00,NAND2_X1,0.758621,7.000000,78,6831
6833,NODE,n6833,2,pi00,n6829,1,8.000000,17.000000,9.000000,8,1.00,NAND2_X1,0.689655,9.000000,1,6829
6834,NODE,n6834,2,n6832,n6833,1,11.000000,18.000000,7.000000,11,1.00,NAND2_X1,0.758621,7.000000,6832,6833
6835,NODE,n6835,2,pi13,n6834,1,12.000000,19.000000,7.000000,12,1.00,AND2_X1,0.758621,7.000000,14,6834
6836,NODE,n6836,2,pi12,n6835,1,13.000000,20.000000,7.000000,13,1.00,AND2_X1,0.758621,7.000000,13,6835
6837,NODE,n6837,2,pi11,n6836,1,14.000000,21.000000,7.000000,14,1.00,AND2_X1,0.758621,7.000000,12,6836
6838,NODE,n6838,2,pi10,n6837,1,15.000000,22.000000,7.000000,15,1.00,AND2_X1,0.758621,7.000000,11,6837
6839,NODE,n6839,2,pi09,n6838,1,16.000000,23.000000,7.000000,16,1.00,NAND2_X1,0.758621,7.000000,10,6838
6840,NODE,n6840,2,pi03,n1035,1,4.000000,13.000000,9.000000,4,1.00,NAND2_X1,0.689655,9.000000,4,1035
6841,NODE,n6841,2,n854,n1555,1,4.000000,13.000000,9.000000,4,1.00,NAND2_X1,0.689655,9.000000,854,1555
6842,NODE,n6842,2,n6840,n6841,1,5.000000,14.000000,9.000000,5,1.00,AND2_X1,0.689655,9.000000,6840,6841
6843,NODE,n6843,1,n6349,,1,5.000000,13.000000,8.000000,5,1.00,INV_X1,0.724138,8.000000,6349,-1
6844,NODE,n6844,2,n487,n6843,1,6.000000,14.000000,8.000000,6,1.00,NAND2_X1,0.724138,8.000000,487,6843
6845,NODE,n6845,2,n6842,n6844,1,7.000000,15.000000,8.000000,7,1.00,NAND2_X1,0.724138,8.000000,6842,6844
6846,NODE,n6846,2,pi14,n6845,1,8.000000,16.000000,8.000000,8,1.00,AND2_X1,0.724138,8.000000,15,6845
6847,NODE,n6847,2,n40,n6846,1,9.000000,17.000000,8.000000,9,1.00,AND2_X1,0.724138,8.000000,40,6846
6848,NODE,n6848,2,n39,n6847,1,10.000000,18.000000,8.000000,10,1.00,AND2_X1,0.724138,8.000000,39,6847
6849,NODE,n6849,2,n36,n6848,1,11.000000,19.000000,8.000000,11,1.00,AND2_X1,0.724138,8.000000,36,6848
6850,NODE,n6850,2,n33,n6849,1,12.000000,20.000000,8.000000,12,1.00,AND2_X1,0.724138,8.000000,33,6849
6851,NODE,n6851,2,n62,n6850,1,13.000000,21.000000,8.000000,13,1.00,AND2_X1,0.724138,8.000000,62,6850
6852,NODE,n6852,2,n35,n6851,1,14.000000,22.000000,8.000000,14,1.00,AND2_X1,0.724138,8.000000,35,6851
6853,NODE,n6853,2,n61,n6852,1,15.000000,23.000000,8.000000,15,1.00,NAND2_X1,0.724138,8.000000,61,6852
6854,NODE,n6854,2,n6839,n6853,1,17.000000,24.000000,7.000000,17,1.00,NAND2_X1,0.758621,7.000000,6839,6853
6855,NODE,n6855,2,n54,n6854,1,18.000000,25.000000,7.000000,18,1.00,NAND2_X1,0.758621,7.000000,54,6854
6856,NODE,n6856,2,n90,n1035,1,4.000000,11.000000,7.000000,4,1.00,NAND2_X1,0.758621,7.000000,90,1035
6857,NODE,n6857,2,n3011,n6856,1,5.000000,12.000000,7.000000,5,1.00,NAND2_X1,0.758621,7.000000,3011,6856
6858,NODE,n6858,2,pi14,n6857,1,6.000000,13.000000,7.000000,6,1.00,AND2_X1,0.758621,7.000000,15,6857
6859,NODE,n6859,2,n40,n6858,1,7.000000,14.000000,7.000000,7,1.00,AND2_X1,0.758621,7.000000,40,6858
6860,NODE,n6860,2,n39,n6859,1,8.000000,15.000000,7.000000,8,1.00,AND2_X1,0.758621,7.000000,39,6859
6861,NODE,n6861,2,n36,n6860,1,9.000000,16.000000,7.000000,9,1.00,AND2_X1,0.758621,7.000000,36,6860
6862,NODE,n6862,2,n62,n6861,1,10.000000,17.000000,7.000000,10,1.00,AND2_X1,0.758621,7.000000,62,6861
6863,NODE,n6863,2,n35,n6862,1,11.000000,18.000000,7.000000,11,1.00,NAND2_X1,0.758621,7.000000,35,6862
6864,NODE,n6864,2,n101,n1452,1,4.000000,17.000000,13.000000,4,1.00,AND2_X1,0.551724,13.000000,101,1452
6865,NODE,n6865,2,n952,n6864,1,5.000000,18.000000,13.000000,5,1.00,NAND2_X1,0.551724,13.000000,952,6864
6866,NODE,n6866,2,n6863,n6865,1,12.000000,19.000000,7.000000,12,1.00,NAND2_X1,0.758621,7.000000,6863,6865
6867,NODE,n6867,2,n33,n6866,1,13.000000,20.000000,7.000000,13,1.00,NAND2_X1,0.758621,7.000000,33,6866
6868,NODE,n6868,2,n925,n1453,1,5.000000,20.000000,15.000000,5,1.00,NAND2_X1,0.482759,15.000000,925,1453
6869,NODE,n6869,2,n6867,n6868,1,14.000000,21.000000,7.000000,14,1.00,NAND2_X1,0.758621,7.000000,6867,6868
6870,NODE,n6870,2,n61,n6869,1,15.000000,22.000000,7.000000,15,1.00,NAND2_X1,0.758621,7.000000,61,6869
6871,NODE,n6871,2,n78,n921,1,5.000000,20.000000,15.000000,5,1.00,AND2_X1,0.482759,15.000000,78,921
6872,NODE,n6872,2,n348,n6871,1,6.000000,21.000000,15.000000,6,1.00,AND2_X1,0.482759,15.000000,348,6871
6873,NODE,n6873,2,n1414,n6872,1,7.000000,22.000000,15.000000,7,1.00,NAND2_X1,0.482759,15.000000,1414,6872
6874,NODE,n6874,2,n6870,n6873,1,16.000000,23.000000,7.000000,16,1.00,AND2_X1,0.758621,7.000000,6870,6873
6875,NODE,n6875,2,pi13,n6829,1,8.000000,14.000000,6.000000,8,1.00,AND2_X1,0.793103,6.000000,14,6829
6876,NODE,n6876,2,pi12,n6875,1,9.000000,15.000000,6.000000,9,1.00,AND2_X1,0.793103,6.000000,13,6875
6877,NODE,n6877,2,pi11,n6876,1,10.000000,16.000000,6.000000,10,1.00,AND2_X1,0.793103,6.000000,12,6876
6878,NODE,n6878,2,pi10,n6877,1,11.000000,17.000000,6.000000,11,1.00,AND2_X1,0.793103,6.000000,11,6877
6879,NODE,n6879,2,pi09,n6878,1,12.000000,18.000000,6.000000,12,1.00,AND2_X1,0.793103,6.000000,10,6878
6880,NODE,n6880,2,n90,n6879,1,13.000000,19.000000,6.000000,13,1.00,AND2_X1,0.793103,6.000000,90,6879
6881,NODE,n6881,2,pi00,n6880,1,14.000000,20.000000,6.000000,14,1.00,NAND2_X1,0.793103,6.000000,1,6880
6882,NODE,n6882,2,n78,n338,1,4.000000,18.000000,14.000000,4,1.00,AND2_X1,0.517241,14.000000,78,338
6883,NODE,n6883,2,n2211,n6882,1,5.000000,19.000000,14.000000,5,1.00,AND2_X1,0.517241,14.000000,2211,6882
6884,NODE,n6884,2,n1510,n6883,1,7.000000,20.000000,13.000000,7,1.00,NAND2_X1,0.551724,13.000000,1510,6883
6885,NODE,n6885,2,n6881,n6884,1,15.000000,21.000000,6.000000,15,1.00,NAND2_X1,0.793103,6.000000,6881,6884
6886,NODE,n6886,2,n154,n6885,1,16.000000,22.000000,6.000000,16,1.00,NAND2_X1,0.793103,6.000000,154,6885
6887,NODE,n6887,1,n6287,,1,5.000000,20.000000,15.000000,5,1.00,INV_X1,0.482759,15.000000,6287,-1
6888,NODE,n6888,2,n3450,n6887,1,6.000000,21.000000,15.000000,6,1.00,AND2_X1,0.482759,15.000000,3450,6887
6889,NODE,n6889,2,n131,n2393,1,5.000000,21.000000,16.000000,5,1.00,AND2_X1,0.448276,16.000000,131,2393
6890,NODE,n6890,2,n6888,n6889,1,7.000000,22.000000,15.000000,7,1.00,NAND2_X1,0.482759,15.000000,6888,6889
6891,NODE,n6891,2,n6886,n6890,1,17.000000,23.000000,6.000000,17,1.00,AND2_X1,0.793103,6.000000,6886,6890
6892,NODE,n6892,2,n6874,n6891,1,18.000000,24.000000,6.000000,18,1.00,NAND2_X1,0.793103,6.000000,6874,6891
6893,NODE,n6893,2,pi04,n6892,1,19.000000,25.000000,6.000000,19,1.00,NAND2_X1,0.793103,6.000000,5,6892
6894,NODE,n6894,2,n6855,n6893,1,20.000000,26.000000,6.000000,20,1.00,AND2_X1,0.793103,6.000000,6855,6893
6895,NODE,n6895,2,n6818,n6894,1,21.000000,27.000000,6.000000,21,1.00,AND2_X1,0.793103,6.000000,6818,6894
6896,NODE,n6896,2,n6786,n6895,1,28.000000,28.000000,0.000000,28,1.00,AND2_X1,1.000000,0.000000,6786,6895
6897,NODE,n6897,2,pi15,n317,1,2.000000,23.000000,21.000000,2,1.00,AND2_X1,0.275862,21.000000,16,317
6898,NODE,n6898,2,n44,n6897,1,3.000000,24.000000,21.000000,3,1.00,AND2_X1,0.275862,21.000000,44,6897
6899,NODE,n6899,2,pi13,n6898,1,4.000000,25.000000,21.000000,4,1.00,AND2_X1,0.275862,21.000000,14,6898
6900,NODE,n6900,2,pi10,n6899,1,5.000000,26.000000,21.000000,5,1.00,AND2_X1,0.275862,21.000000,11,6899
6901,NODE,n6901,2,n35,n6900,1,6.000000,27.000000,21.000000,6,1.00,AND2_X1,0.275862,21.000000,35,6900
6902,NODE,n6902,2,n112,n6901,1,7.000000,28.000000,21.000000,7,1.00,NAND2_X1,0.275862,21.000000,112,6901
6903,NODE,n6903,2,n6896,n6902,1,29.000000,29.000000,0.000000,29,1.00,AND2_X1,1.000000,0.000000,6896,6902
6904,NODE,n6904,2,n6609,n6903,1,30.000000,30.000000,0.000000,30,1.00,NAND2_X1,1.000000,0.000000,6609,6903
6905,NODE,n6905,2,pi06,n1448,1,4.000000,4.000000,0.000000,4,1.00,AND2_X1,1.000000,0.000000,7,1448
6906,NODE,n6906,2,n275,n6905,1,5.000000,5.000000,0.000000,5,1.00,NAND2_X1,1.000000,0.000000,275,6905
6907,NODE,n6907,2,n368,n484,2,3.000000,4.000000,1.000000,3,1.00,AND2_X1,0.965517,1.000000,368,484
6908,NODE,n6908,2,n113,n6907,1,4.000000,5.000000,1.000000,4,1.00,NAND2_X1,0.965517,1.000000,113,6907
6909,NODE,n6909,2,n6906,n6908,3,6.000000,6.000000,0.000000,6,1.00,NAND2_X1,1.000000,0.000000,6906,6908
6910,NODE,n6910,2,pi05,n6909,1,7.000000,7.000000,0.000000,7,1.00,NAND2_X1,1.000000,0.000000,6,6909
6911,NODE,n6911,2,n42,n5572,1,4.000000,4.000000,0.000000,4,1.00,NAND2_X1,1.000000,0.000000,42,5572
6912,NODE,n6912,2,n180,n6911,1,5.000000,5.000000,0.000000,5,1.00,NAND2_X1,1.000000,0.000000,180,6911
6913,NODE,n6913,2,n368,n6912,1,6.000000,6.000000,0.000000,6,1.00,AND2_X1,1.000000,0.000000,368,6912
6914,NODE,n6914,2,n34,n6913,1,7.000000,7.000000,0.000000,7,1.00,NAND2_X1,1.000000,0.000000,34,6913
6915,NODE,n6915,2,n6910,n6914,1,8.000000,8.000000,0.000000,8,1.00,NAND2_X1,1.000000,0.000000,6910,6914
6916,NODE,n6916,2,n33,n6915,1,9.000000,9.000000,0.000000,9,1.00,AND2_X1,1.000000,0.000000,33,6915
6917,NODE,n6917,2,n61,n6916,1,10.000000,10.000000,0.000000,10,1.00,NAND2_X1,1.000000,0.000000,61,6916
6918,NODE,n6918,2,n127,n111,2,3.000000,7.000000,4.000000,3,1.00,AND2_X1,0.862069,4.000000,127,111
6919,NODE,n6919,2,n1465,n6918,1,4.000000,8.000000,4.000000,4,1.00,AND2_X1,0.862069,4.000000,1465,6918
6920,NODE,n6920,2,pi06,n6919,1,5.000000,9.000000,4.000000,5,1.00,AND2_X1,0.862069,4.000000,7,6919
6921,NODE,n6921,2,n34,n6920,1,6.000000,10.000000,4.000000,6,1.00,NAND2_X1,0.862069,4.000000,34,6920
6922,NODE,n6922,2,n6917,n6921,1,11.000000,11.000000,0.000000,11,1.00,NAND2_X1,1.000000,0.000000,6917,6921
6923,NODE,n6923,2,n54,n6922,1,12.000000,12.000000,0.000000,12,1.00,NAND2_X1,1.000000,0.000000,54,6922
6924,NODE,n6924,2,n33,n6909,1,7.000000,10.000000,3.000000,7,1.00,AND2_X1,0.896552,3.000000,33,6909
6925,NODE,n6925,2,n61,n6924,4,8.000000,11.000000,3.000000,8,1.00,AND2_X1,0.896552,3.000000,61,6924
6926,NODE,n6926,2,pi04,n6925,1,9.000000,12.000000,3.000000,9,1.00,NAND2_X1,0.896552,3.000000,5,6925
6927,NODE,n6927,2,n6923,n6926,1,13.000000,13.000000,0.000000,13,1.00,NAND2_X1,1.000000,0.000000,6923,6926
6928,NODE,n6928,2,n154,n6927,1,14.000000,14.000000,0.000000,14,1.00,NAND2_X1,1.000000,0.000000,154,6927
6929,NODE,n6929,2,pi02,n6925,1,9.000000,14.000000,5.000000,9,1.00,NAND2_X1,0.827586,5.000000,3,6925
6930,NODE,n6930,2,n6928,n6929,1,15.000000,15.000000,0.000000,15,1.00,NAND2_X1,1.000000,0.000000,6928,6929
6931,NODE,n6931,2,n138,n6930,1,16.000000,16.000000,0.000000,16,1.00,NAND2_X1,1.000000,0.000000,138,6930
6932,NODE,n6932,2,pi01,n6925,1,9.000000,16.000000,7.000000,9,1.00,NAND2_X1,0.758621,7.000000,2,6925
6933,NODE,n6933,2,n6931,n6932,1,17.000000,17.000000,0.000000,17,1.00,NAND2_X1,1.000000,0.000000,6931,6932
6934,NODE,n6934,2,n78,n6933,1,18.000000,18.000000,0.000000,18,1.00,NAND2_X1,1.000000,0.000000,78,6933
6935,NODE,n6935,2,pi00,n6925,1,9.000000,18.000000,9.000000,9,1.00,NAND2_X1,0.689655,9.000000,1,6925
6936,NODE,n6936,2,n6934,n6935,1,19.000000,19.000000,0.000000,19,1.00,NAND2_X1,1.000000,0.000000,6934,6935
6937,NODE,n6937,2,n90,n6936,1,20.000000,20.000000,0.000000,20,1.00,NAND2_X1,1.000000,0.000000,90,6936
6938,NODE,n6938,2,n273,n6909,1,7.000000,14.000000,7.000000,7,1.00,NAND2_X1,0.758621,7.000000,273,6909
6939,NODE,n6939,2,n274,n4186,1,3.000000,13.000000,10.000000,3,1.00,AND2_X1,0.655172,10.000000,274,4186
6940,NODE,n6940,2,n6128,n6939,1,5.000000,14.000000,9.000000,5,1.00,NAND2_X1,0.689655,9.000000,6128,6939
6941,NODE,n6941,2,n6938,n6940,1,8.000000,15.000000,7.000000,8,1.00,AND2_X1,0.758621,7.000000,6938,6940
6942,NODE,n6942,2,n181,n1926,1,5.000000,14.000000,9.000000,5,1.00,AND2_X1,0.689655,9.000000,181,1926
6943,NODE,n6943,2,n6279,n6942,1,6.000000,15.000000,9.000000,6,1.00,NAND2_X1,0.689655,9.000000,6279,6942
6944,NODE,n6944,2,n6941,n6943,1,9.000000,16.000000,7.000000,9,1.00,NAND2_X1,0.758621,7.000000,6941,6943
6945,NODE,n6945,2,n61,n6944,1,10.000000,17.000000,7.000000,10,1.00,NAND2_X1,0.758621,7.000000,61,6944
6946,NODE,n6946,2,n561,n6279,1,6.000000,15.000000,9.000000,6,1.00,AND2_X1,0.689655,9.000000,561,6279
6947,NODE,n6947,2,n275,n6946,1,7.000000,16.000000,9.000000,7,1.00,AND2_X1,0.689655,9.000000,275,6946
6948,NODE,n6948,2,n921,n6947,1,8.000000,17.000000,9.000000,8,1.00,NAND2_X1,0.689655,9.000000,921,6947
6949,NODE,n6949,2,n6945,n6948,1,11.000000,18.000000,7.000000,11,1.00,NAND2_X1,0.758621,7.000000,6945,6948
6950,NODE,n6950,2,n33,n6949,1,12.000000,19.000000,7.000000,12,1.00,AND2_X1,0.758621,7.000000,33,6949
6951,NODE,n6951,2,pi03,n6950,1,13.000000,20.000000,7.000000,13,1.00,NAND2_X1,0.758621,7.000000,4,6950
6952,NODE,n6952,2,n6937,n6951,1,21.000000,21.000000,0.000000,21,1.00,NAND2_X1,1.000000,0.000000,6937,6951
6953,NODE,n6953,2,pi15,n6952,1,22.000000,22.000000,0.000000,22,1.00,NAND2_X1,1.000000,0.000000,16,6952
6954,NODE,n6954,2,n61,n6343,1,8.000000,21.000000,13.000000,8,1.00,AND2_X1,0.551724,13.000000,61,6343
6955,NODE,n6955,2,n368,n6954,1,9.000000,22.000000,13.000000,9,1.00,NAND2_X1,0.551724,13.000000,368,6954
6956,NODE,n6956,2,n6953,n6955,1,23.000000,23.000000,0.000000,23,1.00,AND2_X1,1.000000,0.000000,6953,6955
6957,NODE,n6957,2,n1467,n1465,1,3.000000,18.000000,15.000000,3,1.00,NAND2_X1,0.482759,15.000000,1467,1465
6958,NODE,n6958,2,n61,n878,1,3.000000,17.000000,14.000000,3,1.00,AND2_X1,0.517241,14.000000,61,878
6959,NODE,n6959,2,n3743,n6958,1,4.000000,18.000000,14.000000,4,1.00,NAND2_X1,0.517241,14.000000,3743,6958
6960,NODE,n6960,2,n6957,n6959,2,5.000000,19.000000,14.000000,5,1.00,NAND2_X1,0.517241,14.000000,6957,6959
6961,NODE,n6961,2,n44,n3533,1,4.000000,17.000000,13.000000,4,1.00,NAND2_X1,0.551724,13.000000,44,3533
6962,NODE,n6962,2,pi14,n3337,1,4.000000,16.000000,12.000000,4,1.00,AND2_X1,0.586207,12.000000,15,3337
6963,NODE,n6963,2,pi09,n6962,1,5.000000,17.000000,12.000000,5,1.00,NAND2_X1,0.586207,12.000000,10,6962
6964,NODE,n6964,2,n6961,n6963,1,6.000000,18.000000,12.000000,6,1.00,NAND2_X1,0.586207,12.000000,6961,6963
6965,NODE,n6965,2,pi00,n6964,1,7.000000,19.000000,12.000000,7,1.00,NAND2_X1,0.586207,12.000000,1,6964
6966,NODE,n6966,2,n492,n960,1,4.000000,17.000000,13.000000,4,1.00,NAND2_X1,0.551724,13.000000,492,960
6967,NODE,n6967,2,n3537,n6966,1,7.000000,18.000000,11.000000,7,1.00,NAND2_X1,0.620690,11.000000,3537,6966
6968,NODE,n6968,2,n78,n6967,1,8.000000,19.000000,11.000000,8,1.00,NAND2_X1,0.620690,11.000000,78,6967
6969,NODE,n6969,2,n6965,n6968,1,9.000000,20.000000,11.000000,9,1.00,NAND2_X1,0.620690,11.000000,6965,6968
6970,NODE,n6970,2,n6960,n6969,1,10.000000,21.000000,11.000000,10,1.00,NAND2_X1,0.620690,11.000000,6960,6969
6971,NODE,n6971,2,pi08,n52,1,3.000000,10.000000,7.000000,3,1.00,NAND2_X1,0.758621,7.000000,9,52
6972,NODE,n6972,2,n35,pi11,2,2.000000,9.000000,7.000000,2,1.00,AND2_X1,0.758621,7.000000,35,12
6973,NODE,n6973,2,pi12,n790,2,2.000000,8.000000,6.000000,2,1.00,NAND2_X1,0.793103,6.000000,13,790
6974,NODE,n6974,1,n6973,,1,3.000000,9.000000,6.000000,3,1.00,INV_X1,0.793103,6.000000,6973,-1
6975,NODE,n6975,2,n6972,n6974,1,4.000000,10.000000,6.000000,4,1.00,NAND2_X1,0.793103,6.000000,6972,6974
6976,NODE,n6976,2,n6971,n6975,1,5.000000,11.000000,6.000000,5,1.00,NAND2_X1,0.793103,6.000000,6971,6975
6977,NODE,n6977,2,n44,n6976,1,6.000000,12.000000,6.000000,6,1.00,NAND2_X1,0.793103,6.000000,44,6976
6978,NODE,n6978,2,pi12,n960,2,4.000000,11.000000,7.000000,4,1.00,AND2_X1,0.758621,7.000000,13,960
6979,NODE,n6979,2,n6972,n6978,1,5.000000,12.000000,7.000000,5,1.00,NAND2_X1,0.758621,7.000000,6972,6978
6980,NODE,n6980,2,n6977,n6979,1,7.000000,13.000000,6.000000,7,1.00,AND2_X1,0.793103,6.000000,6977,6979
6981,NODE,n6981,2,n36,pi12,2,2.000000,5.000000,3.000000,2,1.00,NAND2_X1,0.896552,3.000000,36,13
6982,NODE,n6982,2,pi11,n39,2,2.000000,3.000000,1.000000,2,1.00,NAND2_X1,0.965517,1.000000,12,39
6983,NODE,n6983,2,n6981,n6982,1,3.000000,12.000000,9.000000,3,1.00,NAND2_X1,0.689655,9.000000,6981,6982
6984,NODE,n6984,2,n1281,n6983,1,4.000000,13.000000,9.000000,4,1.00,NAND2_X1,0.689655,9.000000,1281,6983
6985,NODE,n6985,2,n6980,n6984,1,8.000000,14.000000,6.000000,8,1.00,AND2_X1,0.793103,6.000000,6980,6984
6986,NODE,n6986,2,n39,pi13,3,2.000000,5.000000,3.000000,2,1.00,AND2_X1,0.896552,3.000000,39,14
6987,NODE,n6987,2,n36,n6986,2,3.000000,6.000000,3.000000,3,1.00,NAND2_X1,0.896552,3.000000,36,6986
6988,NODE,n6988,2,pi12,n40,2,2.000000,5.000000,3.000000,2,1.00,AND2_X1,0.896552,3.000000,13,40
6989,NODE,n6989,2,pi11,n6988,2,3.000000,8.000000,5.000000,3,1.00,NAND2_X1,0.827586,5.000000,12,6988
6990,NODE,n6990,2,n6987,n6989,1,4.000000,12.000000,8.000000,4,1.00,NAND2_X1,0.724138,8.000000,6987,6989
6991,NODE,n6991,2,n35,n2392,2,4.000000,9.000000,5.000000,4,1.00,NAND2_X1,0.827586,5.000000,35,2392
6992,NODE,n6992,2,pi08,n960,1,4.000000,11.000000,7.000000,4,1.00,NAND2_X1,0.758621,7.000000,9,960
6993,NODE,n6993,2,n6991,n6992,2,5.000000,12.000000,7.000000,5,1.00,NAND2_X1,0.758621,7.000000,6991,6992
6994,NODE,n6994,2,n6990,n6993,1,6.000000,13.000000,7.000000,6,1.00,NAND2_X1,0.758621,7.000000,6990,6993
6995,NODE,n6995,1,n6989,,2,4.000000,9.000000,5.000000,4,1.00,INV_X1,0.827586,5.000000,6989,-1
6996,NODE,n6996,2,pi08,n6995,1,5.000000,10.000000,5.000000,5,1.00,NAND2_X1,0.827586,5.000000,9,6995
6997,NODE,n6997,2,pi13,n790,2,2.000000,6.000000,4.000000,2,1.00,NAND2_X1,0.862069,4.000000,14,790
6998,NODE,n6998,1,n6997,,2,3.000000,8.000000,5.000000,3,1.00,INV_X1,0.827586,5.000000,6997,-1
6999,NODE,n6999,2,n39,n6998,1,4.000000,9.000000,5.000000,4,1.00,AND2_X1,0.827586,5.000000,39,6998
7000,NODE,n7000,2,n37,n6999,1,5.000000,10.000000,5.000000,5,1.00,NAND2_X1,0.827586,5.000000,37,6999
7001,NODE,n7001,2,n6996,n7000,1,6.000000,11.000000,5.000000,6,1.00,NAND2_X1,0.827586,5.000000,6996,7000
7002,NODE,n7002,2,n44,n7001,1,7.000000,12.000000,5.000000,7,1.00,NAND2_X1,0.827586,5.000000,44,7001
7003,NODE,n7003,2,pi13,n960,4,4.000000,11.000000,7.000000,4,1.00,AND2_X1,0.758621,7.000000,14,960
7004,NODE,n7004,2,n53,n7003,1,5.000000,12.000000,7.000000,5,1.00,NAND2_X1,0.758621,7.000000,53,7003
7005,NODE,n7005,2,n7002,n7004,1,8.000000,13.000000,5.000000,8,1.00,AND2_X1,0.827586,5.000000,7002,7004
7006,NODE,n7006,2,n6994,n7005,1,9.000000,14.000000,5.000000,9,1.00,AND2_X1,0.827586,5.000000,6994,7005
7007,NODE,n7007,2,n6985,n7006,1,10.000000,15.000000,5.000000,10,1.00,AND2_X1,0.827586,5.000000,6985,7006
7008,NODE,n7008,2,pi10,n36,2,2.000000,3.000000,1.000000,2,1.00,NAND2_X1,0.965517,1.000000,11,36
7009,NODE,n7009,1,n7008,,3,3.000000,4.000000,1.000000,3,1.00,INV_X1,0.965517,1.000000,7008,-1
7010,NODE,n7010,2,n958,n7009,1,4.000000,12.000000,8.000000,4,1.00,NAND2_X1,0.724138,8.000000,958,7009
7011,NODE,n7011,2,n45,n130,1,4.000000,12.000000,8.000000,4,1.00,NAND2_X1,0.724138,8.000000,45,130
7012,NODE,n7012,2,n7010,n7011,1,5.000000,13.000000,8.000000,5,1.00,NAND2_X1,0.724138,8.000000,7010,7011
7013,NODE,n7013,2,n6993,n7012,1,6.000000,14.000000,8.000000,6,1.00,NAND2_X1,0.724138,8.000000,6993,7012
7014,NODE,n7014,2,pi10,n3743,1,4.000000,11.000000,7.000000,4,1.00,AND2_X1,0.758621,7.000000,11,3743
7015,NODE,n7015,2,n35,n7014,1,5.000000,12.000000,7.000000,5,1.00,NAND2_X1,0.758621,7.000000,35,7014
7016,NODE,n7016,2,pi08,n130,1,4.000000,11.000000,7.000000,4,1.00,AND2_X1,0.758621,7.000000,9,130
7017,NODE,n7017,2,n46,n7016,1,5.000000,12.000000,7.000000,5,1.00,NAND2_X1,0.758621,7.000000,46,7016
7018,NODE,n7018,2,n7015,n7017,1,6.000000,13.000000,7.000000,6,1.00,NAND2_X1,0.758621,7.000000,7015,7017
7019,NODE,n7019,2,n790,n7018,1,7.000000,14.000000,7.000000,7,1.00,NAND2_X1,0.758621,7.000000,790,7018
7020,NODE,n7020,2,n7013,n7019,1,8.000000,15.000000,7.000000,8,1.00,AND2_X1,0.758621,7.000000,7013,7019
7021,NODE,n7021,2,n7007,n7020,2,11.000000,16.000000,5.000000,11,1.00,AND2_X1,0.827586,5.000000,7007,7020
7022,NODE,n7022,2,n878,n3743,3,4.000000,13.000000,9.000000,4,1.00,AND2_X1,0.689655,9.000000,878,3743
7023,NODE,n7023,2,pi07,n7022,1,5.000000,14.000000,9.000000,5,1.00,NAND2_X1,0.689655,9.000000,8,7022
7024,NODE,n7024,2,n61,n112,1,2.000000,12.000000,10.000000,2,1.00,AND2_X1,0.655172,10.000000,61,112
7025,NODE,n7025,2,n6998,n7024,1,4.000000,13.000000,9.000000,4,1.00,AND2_X1,0.689655,9.000000,6998,7024
7026,NODE,n7026,2,n1459,n7025,1,5.000000,14.000000,9.000000,5,1.00,NAND2_X1,0.689655,9.000000,1459,7025
7027,NODE,n7027,2,n7023,n7026,1,6.000000,15.000000,9.000000,6,1.00,NAND2_X1,0.689655,9.000000,7023,7026
7028,NODE,n7028,2,n44,n7027,1,7.000000,16.000000,9.000000,7,1.00,NAND2_X1,0.689655,9.000000,44,7027
7029,NODE,n7029,2,n67,n7003,2,5.000000,14.000000,9.000000,5,1.00,AND2_X1,0.689655,9.000000,67,7003
7030,NODE,n7030,2,n82,n7029,1,6.000000,16.000000,10.000000,6,1.00,NAND2_X1,0.655172,10.000000,82,7029
7031,NODE,n7031,2,n7028,n7030,1,8.000000,17.000000,9.000000,8,1.00,AND2_X1,0.689655,9.000000,7028,7030
7032,NODE,n7032,2,n7021,n7031,1,12.000000,18.000000,6.000000,12,1.00,AND2_X1,0.793103,6.000000,7021,7031
7033,NODE,n7033,2,pi09,n948,1,6.000000,11.000000,5.000000,6,1.00,NAND2_X1,0.827586,5.000000,10,948
7034,NODE,n7034,2,n62,n952,1,4.000000,11.000000,7.000000,4,1.00,NAND2_X1,0.758621,7.000000,62,952
7035,NODE,n7035,2,n7033,n7034,1,7.000000,12.000000,5.000000,7,1.00,NAND2_X1,0.827586,5.000000,7033,7034
7036,NODE,n7036,2,pi08,n7035,2,8.000000,13.000000,5.000000,8,1.00,NAND2_X1,0.827586,5.000000,9,7035
7037,NODE,n7037,2,n787,n791,1,3.000000,8.000000,5.000000,3,1.00,NAND2_X1,0.827586,5.000000,787,791
7038,NODE,n7038,2,n44,n7037,1,4.000000,9.000000,5.000000,4,1.00,AND2_X1,0.827586,5.000000,44,7037
7039,NODE,n7039,2,n40,n7038,1,5.000000,10.000000,5.000000,5,1.00,AND2_X1,0.827586,5.000000,40,7038
7040,NODE,n7040,2,n39,n7039,1,6.000000,11.000000,5.000000,6,1.00,AND2_X1,0.827586,5.000000,39,7039
7041,NODE,n7041,2,n36,n7040,1,7.000000,12.000000,5.000000,7,1.00,AND2_X1,0.827586,5.000000,36,7040
7042,NODE,n7042,2,n35,n7041,2,8.000000,13.000000,5.000000,8,1.00,NAND2_X1,0.827586,5.000000,35,7041
7043,NODE,n7043,1,n7042,,1,9.000000,14.000000,5.000000,9,1.00,INV_X1,0.827586,5.000000,7042,-1
7044,NODE,n7044,2,n61,n7043,1,10.000000,15.000000,5.000000,10,1.00,NAND2_X1,0.827586,5.000000,61,7043
7045,NODE,n7045,2,n7036,n7044,1,11.000000,16.000000,5.000000,11,1.00,NAND2_X1,0.827586,5.000000,7036,7044
7046,NODE,n7046,2,n33,n7045,1,12.000000,17.000000,5.000000,12,1.00,NAND2_X1,0.827586,5.000000,33,7045
7047,NODE,n7047,2,pi14,n3533,1,4.000000,11.000000,7.000000,4,1.00,AND2_X1,0.758621,7.000000,15,3533
7048,NODE,n7048,2,pi13,n7047,1,5.000000,12.000000,7.000000,5,1.00,AND2_X1,0.758621,7.000000,14,7047
7049,NODE,n7049,2,pi12,n7048,1,6.000000,13.000000,7.000000,6,1.00,AND2_X1,0.758621,7.000000,13,7048
7050,NODE,n7050,2,pi11,n7049,1,7.000000,14.000000,7.000000,7,1.00,AND2_X1,0.758621,7.000000,12,7049
7051,NODE,n7051,2,pi10,n7050,1,8.000000,15.000000,7.000000,8,1.00,AND2_X1,0.758621,7.000000,11,7050
7052,NODE,n7052,2,pi08,n7051,1,9.000000,16.000000,7.000000,9,1.00,AND2_X1,0.758621,7.000000,9,7051
7053,NODE,n7053,2,pi07,n7052,1,10.000000,17.000000,7.000000,10,1.00,NAND2_X1,0.758621,7.000000,8,7052
7054,NODE,n7054,2,n7046,n7053,1,13.000000,18.000000,5.000000,13,1.00,AND2_X1,0.827586,5.000000,7046,7053
7055,NODE,n7055,2,n7032,n7054,1,14.000000,19.000000,5.000000,14,1.00,NAND2_X1,0.827586,5.000000,7032,7054
7056,NODE,n7056,2,n3459,n7055,1,15.000000,20.000000,5.000000,15,1.00,NAND2_X1,0.827586,5.000000,3459,7055
7057,NODE,n7057,2,n7036,n7042,1,9.000000,14.000000,5.000000,9,1.00,NAND2_X1,0.827586,5.000000,7036,7042
7058,NODE,n7058,2,n33,n7057,1,10.000000,15.000000,5.000000,10,1.00,NAND2_X1,0.827586,5.000000,33,7057
7059,NODE,n7059,2,n64,n7029,1,6.000000,15.000000,9.000000,6,1.00,NAND2_X1,0.689655,9.000000,64,7029
7060,NODE,n7060,2,n7058,n7059,1,11.000000,16.000000,5.000000,11,1.00,AND2_X1,0.827586,5.000000,7058,7059
7061,NODE,n7061,2,n7021,n7060,1,12.000000,17.000000,5.000000,12,1.00,NAND2_X1,0.827586,5.000000,7021,7060
7062,NODE,n7062,2,n3467,n7061,1,13.000000,18.000000,5.000000,13,1.00,NAND2_X1,0.827586,5.000000,3467,7061
7063,NODE,n7063,2,n40,n2392,1,4.000000,13.000000,9.000000,4,1.00,AND2_X1,0.689655,9.000000,40,2392
7064,NODE,n7064,2,n860,n7063,1,5.000000,14.000000,9.000000,5,1.00,AND2_X1,0.689655,9.000000,860,7063
7065,NODE,n7065,2,n878,n7064,1,6.000000,15.000000,9.000000,6,1.00,AND2_X1,0.689655,9.000000,878,7064
7066,NODE,n7066,2,n52,n7065,1,7.000000,16.000000,9.000000,7,1.00,NAND2_X1,0.689655,9.000000,52,7065
7067,NODE,n7067,2,n112,n7003,3,5.000000,15.000000,10.000000,5,1.00,AND2_X1,0.655172,10.000000,112,7003
7068,NODE,n7068,2,n404,n1459,1,3.000000,15.000000,12.000000,3,1.00,AND2_X1,0.586207,12.000000,404,1459
7069,NODE,n7069,2,n7067,n7068,1,6.000000,16.000000,10.000000,6,1.00,NAND2_X1,0.655172,10.000000,7067,7068
7070,NODE,n7070,2,n7066,n7069,1,8.000000,17.000000,9.000000,8,1.00,NAND2_X1,0.689655,9.000000,7066,7069
7071,NODE,n7071,2,pi09,n7070,1,9.000000,18.000000,9.000000,9,1.00,NAND2_X1,0.689655,9.000000,10,7070
7072,NODE,n7072,2,n7062,n7071,1,14.000000,19.000000,5.000000,14,1.00,AND2_X1,0.827586,5.000000,7062,7071
7073,NODE,n7073,2,n1459,n1465,2,3.000000,12.000000,9.000000,3,1.00,AND2_X1,0.689655,9.000000,1459,1465
7074,NODE,n7074,2,n61,n7073,1,4.000000,13.000000,9.000000,4,1.00,NAND2_X1,0.689655,9.000000,61,7073
7075,NODE,n7075,2,n62,n6595,1,4.000000,12.000000,8.000000,4,1.00,AND2_X1,0.724138,8.000000,62,6595
7076,NODE,n7076,2,n689,n7075,2,5.000000,13.000000,8.000000,5,1.00,NAND2_X1,0.724138,8.000000,689,7075
7077,NODE,n7077,2,n7074,n7076,2,6.000000,14.000000,8.000000,6,1.00,NAND2_X1,0.724138,8.000000,7074,7076
7078,NODE,n7078,2,n3467,n7077,1,7.000000,15.000000,8.000000,7,1.00,AND2_X1,0.724138,8.000000,3467,7077
7079,NODE,n7079,2,n44,n7078,1,8.000000,16.000000,8.000000,8,1.00,NAND2_X1,0.724138,8.000000,44,7078
7080,NODE,n7080,2,n801,n3522,1,3.000000,8.000000,5.000000,3,1.00,NAND2_X1,0.827586,5.000000,801,3522
7081,NODE,n7081,2,pi14,n7080,1,4.000000,9.000000,5.000000,4,1.00,AND2_X1,0.827586,5.000000,15,7080
7082,NODE,n7082,2,pi13,n7081,1,5.000000,10.000000,5.000000,5,1.00,AND2_X1,0.827586,5.000000,14,7081
7083,NODE,n7083,2,pi12,n7082,1,6.000000,11.000000,5.000000,6,1.00,AND2_X1,0.827586,5.000000,13,7082
7084,NODE,n7084,2,pi11,n7083,1,7.000000,12.000000,5.000000,7,1.00,AND2_X1,0.827586,5.000000,12,7083
7085,NODE,n7085,2,pi10,n7084,1,8.000000,13.000000,5.000000,8,1.00,AND2_X1,0.827586,5.000000,11,7084
7086,NODE,n7086,2,pi09,n7085,1,9.000000,14.000000,5.000000,9,1.00,AND2_X1,0.827586,5.000000,10,7085
7087,NODE,n7087,2,pi08,n7086,1,10.000000,15.000000,5.000000,10,1.00,AND2_X1,0.827586,5.000000,9,7086
7088,NODE,n7088,2,n78,n7087,1,11.000000,16.000000,5.000000,11,1.00,NAND2_X1,0.827586,5.000000,78,7087
7089,NODE,n7089,2,n7079,n7088,1,12.000000,17.000000,5.000000,12,1.00,NAND2_X1,0.827586,5.000000,7079,7088
7090,NODE,n7090,2,n790,n7089,1,13.000000,18.000000,5.000000,13,1.00,NAND2_X1,0.827586,5.000000,790,7089
7091,NODE,n7091,2,n404,n921,1,5.000000,16.000000,11.000000,5,1.00,AND2_X1,0.620690,11.000000,404,921
7092,NODE,n7092,2,n2392,n7091,1,6.000000,17.000000,11.000000,6,1.00,AND2_X1,0.620690,11.000000,2392,7091
7093,NODE,n7093,2,n6595,n7092,1,7.000000,18.000000,11.000000,7,1.00,NAND2_X1,0.620690,11.000000,6595,7092
7094,NODE,n7094,2,n7090,n7093,1,14.000000,19.000000,5.000000,14,1.00,AND2_X1,0.827586,5.000000,7090,7093
7095,NODE,n7095,2,n7072,n7094,1,15.000000,20.000000,5.000000,15,1.00,AND2_X1,0.827586,5.000000,7072,7094
7096,NODE,n7096,2,n7056,n7095,1,16.000000,21.000000,5.000000,16,1.00,AND2_X1,0.827586,5.000000,7056,7095
7097,NODE,n7097,2,n6970,n7096,1,17.000000,22.000000,5.000000,17,1.00,AND2_X1,0.827586,5.000000,6970,7096
7098,NODE,n7098,2,pi00,n1796,1,4.000000,8.000000,4.000000,4,1.00,NAND2_X1,0.862069,4.000000,1,1796
7099,NODE,n7099,2,n78,n1799,1,4.000000,8.000000,4.000000,4,1.00,NAND2_X1,0.862069,4.000000,78,1799
7100,NODE,n7100,2,n7098,n7099,1,5.000000,9.000000,4.000000,5,1.00,NAND2_X1,0.862069,4.000000,7098,7099
7101,NODE,n7101,2,pi01,n7100,1,6.000000,10.000000,4.000000,6,1.00,NAND2_X1,0.862069,4.000000,2,7100
7102,NODE,n7102,2,n138,n1798,1,3.000000,9.000000,6.000000,3,1.00,AND2_X1,0.793103,6.000000,138,1798
7103,NODE,n7103,2,n78,n7102,1,4.000000,10.000000,6.000000,4,1.00,NAND2_X1,0.793103,6.000000,78,7102
7104,NODE,n7104,2,n7101,n7103,1,7.000000,11.000000,4.000000,7,1.00,NAND2_X1,0.862069,4.000000,7101,7103
7105,NODE,n7105,2,pi15,n7104,1,8.000000,12.000000,4.000000,8,1.00,NAND2_X1,0.862069,4.000000,16,7104
7106,NODE,n7106,2,n1876,n7105,1,9.000000,13.000000,4.000000,9,1.00,NAND2_X1,0.862069,4.000000,1876,7105
7107,NODE,n7107,2,n40,n7106,1,10.000000,14.000000,4.000000,10,1.00,AND2_X1,0.862069,4.000000,40,7106
7108,NODE,n7108,2,n39,n7107,1,11.000000,15.000000,4.000000,11,1.00,AND2_X1,0.862069,4.000000,39,7107
7109,NODE,n7109,2,n36,n7108,1,12.000000,16.000000,4.000000,12,1.00,AND2_X1,0.862069,4.000000,36,7108
7110,NODE,n7110,2,n33,n7109,1,13.000000,17.000000,4.000000,13,1.00,AND2_X1,0.862069,4.000000,33,7109
7111,NODE,n7111,2,n35,n7110,1,14.000000,18.000000,4.000000,14,1.00,NAND2_X1,0.862069,4.000000,35,7110
7112,NODE,n7112,2,n154,n127,2,3.000000,15.000000,12.000000,3,1.00,AND2_X1,0.586207,12.000000,154,127
7113,NODE,n7113,2,n653,n7112,2,4.000000,17.000000,13.000000,4,1.00,AND2_X1,0.551724,13.000000,653,7112
7114,NODE,n7114,2,n67,n950,2,3.000000,3.000000,0.000000,3,1.00,NAND2_X1,1.000000,0.000000,67,950
7115,NODE,n7115,1,n7114,,6,4.000000,4.000000,0.000000,4,1.00,INV_X1,1.000000,0.000000,7114,-1
7116,NODE,n7116,2,n7113,n7115,1,5.000000,18.000000,13.000000,5,1.00,NAND2_X1,0.551724,13.000000,7113,7115
7117,NODE,n7117,2,n7111,n7116,1,15.000000,19.000000,4.000000,15,1.00,NAND2_X1,0.862069,4.000000,7111,7116
7118,NODE,n7118,2,pi14,n7117,1,16.000000,20.000000,4.000000,16,1.00,NAND2_X1,0.862069,4.000000,15,7117
7119,NODE,n7119,2,n1414,n7113,1,6.000000,20.000000,14.000000,6,1.00,NAND2_X1,0.517241,14.000000,1414,7113
7120,NODE,n7120,2,n7118,n7119,1,17.000000,21.000000,4.000000,17,1.00,NAND2_X1,0.862069,4.000000,7118,7119
7121,NODE,n7121,2,pi09,n7120,1,18.000000,22.000000,4.000000,18,1.00,NAND2_X1,0.862069,4.000000,10,7120
7122,NODE,n7122,2,n7097,n7121,1,19.000000,23.000000,4.000000,19,1.00,AND2_X1,0.862069,4.000000,7097,7121
7123,NODE,n7123,2,n6956,n7122,1,24.000000,24.000000,0.000000,24,1.00,AND2_X1,1.000000,0.000000,6956,7122
7124,NODE,n7124,2,n754,n2529,1,5.000000,8.000000,3.000000,5,1.00,NAND2_X1,0.896552,3.000000,754,2529
7125,NODE,n7125,2,n40,n7124,1,6.000000,9.000000,3.000000,6,1.00,AND2_X1,0.896552,3.000000,40,7124
7126,NODE,n7126,2,n39,n7125,1,7.000000,10.000000,3.000000,7,1.00,AND2_X1,0.896552,3.000000,39,7125
7127,NODE,n7127,2,n36,n7126,1,8.000000,11.000000,3.000000,8,1.00,AND2_X1,0.896552,3.000000,36,7126
7128,NODE,n7128,2,n33,n7127,1,9.000000,12.000000,3.000000,9,1.00,AND2_X1,0.896552,3.000000,33,7127
7129,NODE,n7129,2,n62,n7128,1,10.000000,13.000000,3.000000,10,1.00,NAND2_X1,0.896552,3.000000,62,7128
7130,NODE,n7130,2,n321,n951,1,4.000000,12.000000,8.000000,4,1.00,AND2_X1,0.724138,8.000000,321,951
7131,NODE,n7131,2,n111,n7130,2,5.000000,13.000000,8.000000,5,1.00,NAND2_X1,0.724138,8.000000,111,7130
7132,NODE,n7132,2,n7129,n7131,1,11.000000,14.000000,3.000000,11,1.00,NAND2_X1,0.896552,3.000000,7129,7131
7133,NODE,n7133,2,pi14,n7132,1,12.000000,15.000000,3.000000,12,1.00,NAND2_X1,0.896552,3.000000,15,7132
7134,NODE,n7134,1,n7131,,1,6.000000,14.000000,8.000000,6,1.00,INV_X1,0.724138,8.000000,7131,-1
7135,NODE,n7135,2,n44,n7134,1,7.000000,15.000000,8.000000,7,1.00,NAND2_X1,0.724138,8.000000,44,7134
7136,NODE,n7136,2,n7133,n7135,1,13.000000,16.000000,3.000000,13,1.00,NAND2_X1,0.896552,3.000000,7133,7135
7137,NODE,n7137,2,n138,n7136,1,14.000000,17.000000,3.000000,14,1.00,NAND2_X1,0.896552,3.000000,138,7136
7138,NODE,n7138,2,pi14,n1905,1,4.000000,11.000000,7.000000,4,1.00,AND2_X1,0.758621,7.000000,15,1905
7139,NODE,n7139,2,n40,n7138,1,5.000000,12.000000,7.000000,5,1.00,AND2_X1,0.758621,7.000000,40,7138
7140,NODE,n7140,2,n39,n7139,1,6.000000,13.000000,7.000000,6,1.00,AND2_X1,0.758621,7.000000,39,7139
7141,NODE,n7141,2,n36,n7140,1,7.000000,14.000000,7.000000,7,1.00,AND2_X1,0.758621,7.000000,36,7140
7142,NODE,n7142,2,n33,n7141,1,8.000000,15.000000,7.000000,8,1.00,AND2_X1,0.758621,7.000000,33,7141
7143,NODE,n7143,2,n62,n7142,2,9.000000,16.000000,7.000000,9,1.00,AND2_X1,0.758621,7.000000,62,7142
7144,NODE,n7144,2,pi01,n7143,1,10.000000,17.000000,7.000000,10,1.00,NAND2_X1,0.758621,7.000000,2,7143
7145,NODE,n7145,2,n7137,n7144,1,15.000000,18.000000,3.000000,15,1.00,NAND2_X1,0.896552,3.000000,7137,7144
7146,NODE,n7146,2,n78,n7145,1,16.000000,19.000000,3.000000,16,1.00,NAND2_X1,0.896552,3.000000,78,7145
7147,NODE,n7147,2,pi00,n7143,1,10.000000,19.000000,9.000000,10,1.00,NAND2_X1,0.689655,9.000000,1,7143
7148,NODE,n7148,2,n7146,n7147,1,17.000000,20.000000,3.000000,17,1.00,NAND2_X1,0.896552,3.000000,7146,7147
7149,NODE,n7149,2,pi08,n7148,1,18.000000,21.000000,3.000000,18,1.00,NAND2_X1,0.896552,3.000000,9,7148
7150,NODE,n7150,2,n90,n920,1,4.000000,19.000000,15.000000,4,1.00,AND2_X1,0.482759,15.000000,90,920
7151,NODE,n7151,2,n561,n7150,1,5.000000,20.000000,15.000000,5,1.00,AND2_X1,0.482759,15.000000,561,7150
7152,NODE,n7152,2,n1510,n7151,1,7.000000,21.000000,14.000000,7,1.00,NAND2_X1,0.517241,14.000000,1510,7151
7153,NODE,n7153,2,n7149,n7152,1,19.000000,22.000000,3.000000,19,1.00,AND2_X1,0.896552,3.000000,7149,7152
7154,NODE,n7154,2,n561,n3377,1,4.000000,9.000000,5.000000,4,1.00,NAND2_X1,0.827586,5.000000,561,3377
7155,NODE,n7155,2,n90,n1361,1,4.000000,8.000000,4.000000,4,1.00,AND2_X1,0.862069,4.000000,90,1361
7156,NODE,n7156,2,n1926,n7155,1,5.000000,9.000000,4.000000,5,1.00,NAND2_X1,0.862069,4.000000,1926,7155
7157,NODE,n7157,2,n7154,n7156,1,6.000000,10.000000,4.000000,6,1.00,NAND2_X1,0.862069,4.000000,7154,7156
7158,NODE,n7158,2,n34,n7157,1,7.000000,11.000000,4.000000,7,1.00,NAND2_X1,0.862069,4.000000,34,7157
7159,NODE,n7159,2,n1163,n619,2,6.000000,8.000000,2.000000,6,1.00,NAND2_X1,0.931035,2.000000,1163,619
7160,NODE,n7160,2,n4419,n7159,2,7.000000,9.000000,2.000000,7,1.00,NAND2_X1,0.931035,2.000000,4419,7159
7161,NODE,n7161,2,n62,n7160,1,8.000000,10.000000,2.000000,8,1.00,AND2_X1,0.931035,2.000000,62,7160
7162,NODE,n7162,2,pi05,n7161,1,9.000000,11.000000,2.000000,9,1.00,NAND2_X1,0.931035,2.000000,6,7161
7163,NODE,n7163,2,n7158,n7162,1,10.000000,12.000000,2.000000,10,1.00,NAND2_X1,0.931035,2.000000,7158,7162
7164,NODE,n7164,2,n40,n7163,1,11.000000,13.000000,2.000000,11,1.00,AND2_X1,0.931035,2.000000,40,7163
7165,NODE,n7165,2,n39,n7164,1,12.000000,14.000000,2.000000,12,1.00,AND2_X1,0.931035,2.000000,39,7164
7166,NODE,n7166,2,n36,n7165,1,13.000000,15.000000,2.000000,13,1.00,AND2_X1,0.931035,2.000000,36,7165
7167,NODE,n7167,2,n33,n7166,1,14.000000,16.000000,2.000000,14,1.00,AND2_X1,0.931035,2.000000,33,7166
7168,NODE,n7168,2,n35,n7167,1,15.000000,17.000000,2.000000,15,1.00,NAND2_X1,0.931035,2.000000,35,7167
7169,NODE,n7169,2,n3373,n1926,3,6.000000,12.000000,6.000000,6,1.00,AND2_X1,0.793103,6.000000,3373,1926
7170,NODE,n7170,2,n6734,n7169,1,7.000000,17.000000,10.000000,7,1.00,NAND2_X1,0.655172,10.000000,6734,7169
7171,NODE,n7171,2,n7168,n7170,1,16.000000,18.000000,2.000000,16,1.00,NAND2_X1,0.931035,2.000000,7168,7170
7172,NODE,n7172,2,pi14,n7171,1,17.000000,19.000000,2.000000,17,1.00,NAND2_X1,0.931035,2.000000,15,7171
7173,NODE,n7173,2,n2370,n7169,1,7.000000,19.000000,12.000000,7,1.00,NAND2_X1,0.586207,12.000000,2370,7169
7174,NODE,n7174,2,n7172,n7173,1,18.000000,20.000000,2.000000,18,1.00,NAND2_X1,0.931035,2.000000,7172,7173
7175,NODE,n7175,2,pi15,n7174,1,19.000000,21.000000,2.000000,19,1.00,NAND2_X1,0.931035,2.000000,16,7174
7176,NODE,n7176,2,n34,n6343,1,8.000000,21.000000,13.000000,8,1.00,NAND2_X1,0.551724,13.000000,34,6343
7177,NODE,n7177,2,n7175,n7176,1,20.000000,22.000000,2.000000,20,1.00,AND2_X1,0.931035,2.000000,7175,7176
7178,NODE,n7178,2,n7153,n7177,1,21.000000,23.000000,2.000000,21,1.00,NAND2_X1,0.931035,2.000000,7153,7177
7179,NODE,n7179,2,pi07,n7178,1,22.000000,24.000000,2.000000,22,1.00,NAND2_X1,0.931035,2.000000,8,7178
7180,NODE,n7180,2,n7123,n7179,1,25.000000,25.000000,0.000000,25,1.00,AND2_X1,1.000000,0.000000,7123,7179
7181,NODE,n7181,2,pi14,n1095,1,4.000000,11.000000,7.000000,4,1.00,AND2_X1,0.758621,7.000000,15,1095
7182,NODE,n7182,2,n40,n7181,1,5.000000,12.000000,7.000000,5,1.00,AND2_X1,0.758621,7.000000,40,7181
7183,NODE,n7183,2,n39,n7182,1,6.000000,13.000000,7.000000,6,1.00,AND2_X1,0.758621,7.000000,39,7182
7184,NODE,n7184,2,n36,n7183,1,7.000000,14.000000,7.000000,7,1.00,AND2_X1,0.758621,7.000000,36,7183
7185,NODE,n7185,2,n33,n7184,1,8.000000,15.000000,7.000000,8,1.00,AND2_X1,0.758621,7.000000,33,7184
7186,NODE,n7186,2,n62,n7185,1,9.000000,16.000000,7.000000,9,1.00,AND2_X1,0.758621,7.000000,62,7185
7187,NODE,n7187,2,n61,n7186,2,10.000000,17.000000,7.000000,10,1.00,NAND2_X1,0.758621,7.000000,61,7186
7188,NODE,n7188,2,pi00,n7187,1,11.000000,24.000000,13.000000,11,1.00,NAND2_X1,0.551724,13.000000,1,7187
7189,NODE,n7189,2,pi03,n1095,1,4.000000,8.000000,4.000000,4,1.00,NAND2_X1,0.862069,4.000000,4,1095
7190,NODE,n7190,2,n230,n7189,1,5.000000,9.000000,4.000000,5,1.00,NAND2_X1,0.862069,4.000000,230,7189
7191,NODE,n7191,2,n40,n7190,1,6.000000,10.000000,4.000000,6,1.00,AND2_X1,0.862069,4.000000,40,7190
7192,NODE,n7192,2,n39,n7191,1,7.000000,11.000000,4.000000,7,1.00,AND2_X1,0.862069,4.000000,39,7191
7193,NODE,n7193,2,n36,n7192,1,8.000000,12.000000,4.000000,8,1.00,AND2_X1,0.862069,4.000000,36,7192
7194,NODE,n7194,2,n33,n7193,1,9.000000,13.000000,4.000000,9,1.00,AND2_X1,0.862069,4.000000,33,7193
7195,NODE,n7195,2,n62,n7194,1,10.000000,14.000000,4.000000,10,1.00,AND2_X1,0.862069,4.000000,62,7194
7196,NODE,n7196,2,n61,n7195,1,11.000000,15.000000,4.000000,11,1.00,NAND2_X1,0.862069,4.000000,61,7195
7197,NODE,n7197,2,n156,n318,1,4.000000,14.000000,10.000000,4,1.00,AND2_X1,0.655172,10.000000,156,318
7198,NODE,n7198,2,n7115,n7197,1,5.000000,15.000000,10.000000,5,1.00,NAND2_X1,0.655172,10.000000,7115,7197
7199,NODE,n7199,2,n7196,n7198,1,12.000000,16.000000,4.000000,12,1.00,NAND2_X1,0.862069,4.000000,7196,7198
7200,NODE,n7200,2,pi14,n7199,1,13.000000,17.000000,4.000000,13,1.00,NAND2_X1,0.862069,4.000000,15,7199
7201,NODE,n7201,1,n1396,,1,7.000000,16.000000,9.000000,7,1.00,INV_X1,0.689655,9.000000,1396,-1
7202,NODE,n7202,2,pi07,n7201,1,8.000000,17.000000,9.000000,8,1.00,NAND2_X1,0.689655,9.000000,8,7201
7203,NODE,n7203,2,n7200,n7202,1,14.000000,18.000000,4.000000,14,1.00,NAND2_X1,0.862069,4.000000,7200,7202
7204,NODE,n7204,2,n154,n7203,1,15.000000,19.000000,4.000000,15,1.00,NAND2_X1,0.862069,4.000000,154,7203
7205,NODE,n7205,1,n7187,,2,11.000000,18.000000,7.000000,11,1.00,INV_X1,0.758621,7.000000,7187,-1
7206,NODE,n7206,2,pi02,n7205,1,12.000000,19.000000,7.000000,12,1.00,NAND2_X1,0.758621,7.000000,3,7205
7207,NODE,n7207,2,n7204,n7206,1,16.000000,20.000000,4.000000,16,1.00,NAND2_X1,0.862069,4.000000,7204,7206
7208,NODE,n7208,2,n138,n7207,1,17.000000,21.000000,4.000000,17,1.00,NAND2_X1,0.862069,4.000000,138,7207
7209,NODE,n7209,2,pi01,n7205,1,12.000000,21.000000,9.000000,12,1.00,NAND2_X1,0.689655,9.000000,2,7205
7210,NODE,n7210,2,n7208,n7209,1,18.000000,22.000000,4.000000,18,1.00,AND2_X1,0.862069,4.000000,7208,7209
7211,NODE,n7211,2,n78,n7210,1,19.000000,23.000000,4.000000,19,1.00,NAND2_X1,0.862069,4.000000,78,7210
7212,NODE,n7212,2,pi08,n7211,1,20.000000,24.000000,4.000000,20,1.00,AND2_X1,0.862069,4.000000,9,7211
7213,NODE,n7213,2,n7188,n7212,1,21.000000,25.000000,4.000000,21,1.00,NAND2_X1,0.862069,4.000000,7188,7212
7214,NODE,n7214,2,n7180,n7213,1,26.000000,26.000000,0.000000,26,1.00,AND2_X1,1.000000,0.000000,7180,7213
7215,NODE,n7215,2,n159,n689,1,4.000000,24.000000,20.000000,4,1.00,AND2_X1,0.310345,20.000000,159,689
7216,NODE,n7216,2,n92,n7215,1,5.000000,25.000000,20.000000,5,1.00,AND2_X1,0.310345,20.000000,92,7215
7217,NODE,n7217,2,n561,n1283,1,4.000000,25.000000,21.000000,4,1.00,AND2_X1,0.275862,21.000000,561,1283
7218,NODE,n7218,2,n7216,n7217,1,6.000000,26.000000,20.000000,6,1.00,NAND2_X1,0.310345,20.000000,7216,7217
7219,NODE,n7219,2,n7214,n7218,1,27.000000,27.000000,0.000000,27,1.00,NAND2_X1,1.000000,0.000000,7214,7218
7220,NODE,n7220,2,pi09,pi14,1,1.000000,15.000000,14.000000,1,1.00,NAND2_X1,0.517241,14.000000,10,15
7221,NODE,n7221,2,n62,n44,2,2.000000,15.000000,13.000000,2,1.00,NAND2_X1,0.551724,13.000000,62,44
7222,NODE,n7222,2,n7220,n7221,1,3.000000,16.000000,13.000000,3,1.00,NAND2_X1,0.551724,13.000000,7220,7221
7223,NODE,n7223,2,pi00,n7222,1,4.000000,17.000000,13.000000,4,1.00,NAND2_X1,0.551724,13.000000,1,7222
7224,NODE,n7224,1,n7221,,1,3.000000,16.000000,13.000000,3,1.00,INV_X1,0.551724,13.000000,7221,-1
7225,NODE,n7225,2,n78,n7224,1,4.000000,17.000000,13.000000,4,1.00,NAND2_X1,0.551724,13.000000,78,7224
7226,NODE,n7226,2,n7223,n7225,1,5.000000,18.000000,13.000000,5,1.00,AND2_X1,0.551724,13.000000,7223,7225
7227,NODE,n7227,1,n100,,1,3.000000,17.000000,14.000000,3,1.00,INV_X1,0.517241,14.000000,100,-1
7228,NODE,n7228,2,n7227,n960,1,4.000000,18.000000,14.000000,4,1.00,NAND2_X1,0.517241,14.000000,7227,960
7229,NODE,n7229,2,n7226,n7228,1,6.000000,19.000000,13.000000,6,1.00,NAND2_X1,0.551724,13.000000,7226,7228
7230,NODE,n7230,2,n6960,n7229,1,7.000000,20.000000,13.000000,7,1.00,NAND2_X1,0.551724,13.000000,6960,7229
7231,NODE,n7231,2,n35,n66,3,2.000000,7.000000,5.000000,2,1.00,NAND2_X1,0.827586,5.000000,35,66
7232,NODE,n7232,2,n873,n7231,1,4.000000,13.000000,9.000000,4,1.00,NAND2_X1,0.689655,9.000000,873,7231
7233,NODE,n7233,2,n44,n7232,1,5.000000,14.000000,9.000000,5,1.00,NAND2_X1,0.689655,9.000000,44,7232
7234,NODE,n7234,1,n7231,,2,3.000000,13.000000,10.000000,3,1.00,INV_X1,0.655172,10.000000,7231,-1
7235,NODE,n7235,2,n960,n7234,1,4.000000,14.000000,10.000000,4,1.00,NAND2_X1,0.655172,10.000000,960,7234
7236,NODE,n7236,2,n7233,n7235,1,6.000000,15.000000,9.000000,6,1.00,AND2_X1,0.689655,9.000000,7233,7235
7237,NODE,n7237,2,n129,n7008,2,3.000000,6.000000,3.000000,3,1.00,NAND2_X1,0.896552,3.000000,129,7008
7238,NODE,n7238,2,n1281,n7237,1,4.000000,15.000000,11.000000,4,1.00,NAND2_X1,0.620690,11.000000,1281,7237
7239,NODE,n7239,2,n7236,n7238,1,7.000000,16.000000,9.000000,7,1.00,AND2_X1,0.689655,9.000000,7236,7238
7240,NODE,n7240,2,n874,n6978,1,5.000000,15.000000,10.000000,5,1.00,NAND2_X1,0.655172,10.000000,874,6978
7241,NODE,n7241,1,n6981,,1,3.000000,6.000000,3.000000,3,1.00,INV_X1,0.896552,3.000000,6981,-1
7242,NODE,n7242,2,n878,n7241,2,4.000000,7.000000,3.000000,4,1.00,NAND2_X1,0.896552,3.000000,878,7241
7243,NODE,n7243,1,n6982,,2,3.000000,4.000000,1.000000,3,1.00,INV_X1,0.965517,1.000000,6982,-1
7244,NODE,n7244,2,n1459,n7243,1,4.000000,10.000000,6.000000,4,1.00,NAND2_X1,0.793103,6.000000,1459,7243
7245,NODE,n7245,2,n7242,n7244,2,5.000000,11.000000,6.000000,5,1.00,NAND2_X1,0.793103,6.000000,7242,7244
7246,NODE,n7246,2,n1281,n7245,1,6.000000,15.000000,9.000000,6,1.00,NAND2_X1,0.689655,9.000000,1281,7245
7247,NODE,n7247,2,n7240,n7246,1,7.000000,16.000000,9.000000,7,1.00,AND2_X1,0.689655,9.000000,7240,7246
7248,NODE,n7248,2,n7239,n7247,1,8.000000,17.000000,9.000000,8,1.00,AND2_X1,0.689655,9.000000,7239,7247
7249,NODE,n7249,2,n874,n6986,1,5.000000,15.000000,10.000000,5,1.00,AND2_X1,0.655172,10.000000,874,6986
7250,NODE,n7250,2,n960,n7249,1,6.000000,16.000000,10.000000,6,1.00,NAND2_X1,0.655172,10.000000,960,7249
7251,NODE,n7251,1,n6987,,1,4.000000,7.000000,3.000000,4,1.00,INV_X1,0.896552,3.000000,6987,-1
7252,NODE,n7252,2,n878,n7251,2,5.000000,8.000000,3.000000,5,1.00,NAND2_X1,0.896552,3.000000,878,7251
7253,NODE,n7253,2,n1459,n6995,1,5.000000,11.000000,6.000000,5,1.00,NAND2_X1,0.793103,6.000000,1459,6995
7254,NODE,n7254,2,n7252,n7253,2,6.000000,12.000000,6.000000,6,1.00,NAND2_X1,0.793103,6.000000,7252,7253
7255,NODE,n7255,2,n1281,n7254,1,7.000000,16.000000,9.000000,7,1.00,NAND2_X1,0.689655,9.000000,1281,7254
7256,NODE,n7256,2,n7250,n7255,1,8.000000,17.000000,9.000000,8,1.00,AND2_X1,0.689655,9.000000,7250,7255
7257,NODE,n7257,2,n7248,n7256,1,9.000000,18.000000,9.000000,9,1.00,AND2_X1,0.689655,9.000000,7248,7256
7258,NODE,n7258,2,n370,n1465,1,4.000000,8.000000,4.000000,4,1.00,NAND2_X1,0.862069,4.000000,370,1465
7259,NODE,n7259,2,n373,n3743,1,4.000000,8.000000,4.000000,4,1.00,NAND2_X1,0.862069,4.000000,373,3743
7260,NODE,n7260,2,n7258,n7259,2,5.000000,9.000000,4.000000,5,1.00,NAND2_X1,0.862069,4.000000,7258,7259
7261,NODE,n7261,2,pi14,n7260,1,6.000000,14.000000,8.000000,6,1.00,AND2_X1,0.724138,8.000000,15,7260
7262,NODE,n7262,2,pi08,n7261,1,7.000000,15.000000,8.000000,7,1.00,NAND2_X1,0.724138,8.000000,9,7261
7263,NODE,n7263,2,n40,n44,2,2.000000,4.000000,2.000000,2,1.00,AND2_X1,0.931035,2.000000,40,44
7264,NODE,n7264,2,n52,n7263,1,3.000000,14.000000,11.000000,3,1.00,AND2_X1,0.620690,11.000000,52,7263
7265,NODE,n7265,2,n3333,n7264,1,5.000000,15.000000,10.000000,5,1.00,NAND2_X1,0.655172,10.000000,3333,7264
7266,NODE,n7266,2,n7262,n7265,1,8.000000,16.000000,8.000000,8,1.00,NAND2_X1,0.724138,8.000000,7262,7265
7267,NODE,n7267,2,n790,n7266,1,9.000000,17.000000,8.000000,9,1.00,NAND2_X1,0.724138,8.000000,790,7266
7268,NODE,n7268,2,n958,n2392,1,4.000000,16.000000,12.000000,4,1.00,AND2_X1,0.586207,12.000000,958,2392
7269,NODE,n7269,2,n1268,n7268,1,5.000000,17.000000,12.000000,5,1.00,NAND2_X1,0.586207,12.000000,1268,7268
7270,NODE,n7270,2,n7267,n7269,1,10.000000,18.000000,8.000000,10,1.00,AND2_X1,0.724138,8.000000,7267,7269
7271,NODE,n7271,2,n7257,n7270,1,11.000000,19.000000,8.000000,11,1.00,AND2_X1,0.724138,8.000000,7257,7270
7272,NODE,n7272,2,n44,n7077,1,7.000000,18.000000,11.000000,7,1.00,NAND2_X1,0.620690,11.000000,44,7077
7273,NODE,n7273,2,n82,n7067,1,6.000000,17.000000,11.000000,6,1.00,AND2_X1,0.620690,11.000000,82,7067
7274,NODE,n7274,2,n111,n7273,1,7.000000,18.000000,11.000000,7,1.00,NAND2_X1,0.620690,11.000000,111,7273
7275,NODE,n7275,2,n7272,n7274,1,8.000000,19.000000,11.000000,8,1.00,AND2_X1,0.620690,11.000000,7272,7274
7276,NODE,n7276,2,n7271,n7275,1,12.000000,20.000000,8.000000,12,1.00,AND2_X1,0.724138,8.000000,7271,7275
7277,NODE,n7277,2,n7230,n7276,1,13.000000,21.000000,8.000000,13,1.00,NAND2_X1,0.724138,8.000000,7230,7276
7278,NODE,n7278,2,n4768,n7277,1,14.000000,22.000000,8.000000,14,1.00,NAND2_X1,0.724138,8.000000,4768,7277
7279,NODE,n7279,2,n715,n755,1,4.000000,15.000000,11.000000,4,1.00,AND2_X1,0.620690,11.000000,715,755
7280,NODE,n7280,2,n6595,n7279,1,5.000000,16.000000,11.000000,5,1.00,NAND2_X1,0.620690,11.000000,6595,7279
7281,NODE,n7281,2,n154,n7022,1,5.000000,14.000000,9.000000,5,1.00,NAND2_X1,0.689655,9.000000,154,7022
7282,NODE,n7282,2,pi02,n4215,1,3.000000,13.000000,10.000000,3,1.00,AND2_X1,0.655172,10.000000,3,4215
7283,NODE,n7283,2,n6592,n7282,1,4.000000,14.000000,10.000000,4,1.00,NAND2_X1,0.655172,10.000000,6592,7282
7284,NODE,n7284,2,n7281,n7283,1,6.000000,15.000000,9.000000,6,1.00,NAND2_X1,0.689655,9.000000,7281,7283
7285,NODE,n7285,2,pi07,n7284,1,7.000000,16.000000,9.000000,7,1.00,NAND2_X1,0.689655,9.000000,8,7284
7286,NODE,n7286,2,n7280,n7285,1,8.000000,17.000000,9.000000,8,1.00,NAND2_X1,0.689655,9.000000,7280,7285
7287,NODE,n7287,2,pi15,n7286,1,9.000000,18.000000,9.000000,9,1.00,AND2_X1,0.689655,9.000000,16,7286
7288,NODE,n7288,2,pi14,n7287,1,10.000000,19.000000,9.000000,10,1.00,AND2_X1,0.689655,9.000000,15,7287
7289,NODE,n7289,2,pi09,n7288,1,11.000000,20.000000,9.000000,11,1.00,AND2_X1,0.689655,9.000000,10,7288
7290,NODE,n7290,2,n78,n7289,1,12.000000,21.000000,9.000000,12,1.00,NAND2_X1,0.689655,9.000000,78,7289
7291,NODE,n7291,2,pi12,n91,2,3.000000,5.000000,2.000000,3,1.00,NAND2_X1,0.931035,2.000000,13,91
7292,NODE,n7292,2,n91,n7291,1,4.000000,15.000000,11.000000,4,1.00,NAND2_X1,0.620690,11.000000,91,7291
7293,NODE,n7293,2,n960,n7292,2,5.000000,16.000000,11.000000,5,1.00,NAND2_X1,0.620690,11.000000,960,7292
7294,NODE,n7294,2,n67,n7263,2,3.000000,5.000000,2.000000,3,1.00,NAND2_X1,0.931035,2.000000,67,7263
7295,NODE,n7295,2,n33,n52,1,3.000000,13.000000,10.000000,3,1.00,AND2_X1,0.655172,10.000000,33,52
7296,NODE,n7296,2,n7003,n7295,1,5.000000,14.000000,9.000000,5,1.00,NAND2_X1,0.689655,9.000000,7003,7295
7297,NODE,n7297,2,n7294,n7296,1,6.000000,15.000000,9.000000,6,1.00,AND2_X1,0.689655,9.000000,7294,7296
7298,NODE,n7298,2,n33,n44,2,2.000000,6.000000,4.000000,2,1.00,NAND2_X1,0.862069,4.000000,33,44
7299,NODE,n7299,2,n39,n66,1,2.000000,5.000000,3.000000,2,1.00,AND2_X1,0.896552,3.000000,39,66
7300,NODE,n7300,2,n44,n7299,2,3.000000,6.000000,3.000000,3,1.00,NAND2_X1,0.896552,3.000000,44,7299
7301,NODE,n7301,2,n44,n7009,2,4.000000,5.000000,1.000000,4,1.00,NAND2_X1,0.965517,1.000000,44,7009
7302,NODE,n7302,2,n7300,n7301,1,5.000000,14.000000,9.000000,5,1.00,AND2_X1,0.689655,9.000000,7300,7301
7303,NODE,n7303,2,n7298,n7302,1,6.000000,15.000000,9.000000,6,1.00,AND2_X1,0.689655,9.000000,7298,7302
7304,NODE,n7304,2,n7297,n7303,1,7.000000,16.000000,9.000000,7,1.00,AND2_X1,0.689655,9.000000,7297,7303
7305,NODE,n7305,2,n7293,n7304,1,8.000000,17.000000,9.000000,8,1.00,AND2_X1,0.689655,9.000000,7293,7304
7306,NODE,n7306,2,n221,n7305,1,9.000000,18.000000,9.000000,9,1.00,AND2_X1,0.689655,9.000000,221,7305
7307,NODE,n7307,2,n92,n961,1,5.000000,16.000000,11.000000,5,1.00,NAND2_X1,0.620690,11.000000,92,961
7308,NODE,n7308,2,n85,n7307,1,6.000000,17.000000,11.000000,6,1.00,NAND2_X1,0.620690,11.000000,85,7307
7309,NODE,n7309,2,pi08,n7308,1,7.000000,18.000000,11.000000,7,1.00,NAND2_X1,0.620690,11.000000,9,7308
7310,NODE,n7310,2,n7306,n7309,1,10.000000,19.000000,9.000000,10,1.00,AND2_X1,0.689655,9.000000,7306,7309
7311,NODE,n7311,2,n61,n44,1,2.000000,12.000000,10.000000,2,1.00,NAND2_X1,0.655172,10.000000,61,44
7312,NODE,n7312,2,pi07,n1282,2,3.000000,6.000000,3.000000,3,1.00,NAND2_X1,0.896552,3.000000,8,1282
7313,NODE,n7313,2,n7311,n7312,1,4.000000,13.000000,9.000000,4,1.00,NAND2_X1,0.689655,9.000000,7311,7312
7314,NODE,n7314,2,pi13,n7313,1,5.000000,14.000000,9.000000,5,1.00,AND2_X1,0.689655,9.000000,14,7313
7315,NODE,n7315,2,pi12,n7314,1,6.000000,15.000000,9.000000,6,1.00,AND2_X1,0.689655,9.000000,13,7314
7316,NODE,n7316,2,pi11,n7315,1,7.000000,16.000000,9.000000,7,1.00,AND2_X1,0.689655,9.000000,12,7315
7317,NODE,n7317,2,pi10,n7316,1,8.000000,17.000000,9.000000,8,1.00,AND2_X1,0.689655,9.000000,11,7316
7318,NODE,n7318,2,pi09,n7317,1,9.000000,18.000000,9.000000,9,1.00,AND2_X1,0.689655,9.000000,10,7317
7319,NODE,n7319,2,pi08,n7318,1,10.000000,19.000000,9.000000,10,1.00,NAND2_X1,0.689655,9.000000,9,7318
7320,NODE,n7320,2,n7310,n7319,1,11.000000,20.000000,9.000000,11,1.00,NAND2_X1,0.689655,9.000000,7310,7319
7321,NODE,n7321,2,n3412,n7320,1,12.000000,21.000000,9.000000,12,1.00,NAND2_X1,0.689655,9.000000,3412,7320
7322,NODE,n7322,2,n7290,n7321,1,13.000000,22.000000,9.000000,13,1.00,AND2_X1,0.689655,9.000000,7290,7321
7323,NODE,n7323,2,n7278,n7322,1,15.000000,23.000000,8.000000,15,1.00,AND2_X1,0.724138,8.000000,7278,7322
7324,NODE,n7324,2,pi03,n2654,1,4.000000,8.000000,4.000000,4,1.00,NAND2_X1,0.862069,4.000000,4,2654
7325,NODE,n7325,2,n1966,n7324,1,5.000000,9.000000,4.000000,5,1.00,NAND2_X1,0.862069,4.000000,1966,7324
7326,NODE,n7326,2,pi01,n7325,1,6.000000,10.000000,4.000000,6,1.00,NAND2_X1,0.862069,4.000000,2,7325
7327,NODE,n7327,2,n189,n978,1,4.000000,10.000000,6.000000,4,1.00,NAND2_X1,0.793103,6.000000,189,978
7328,NODE,n7328,2,n7326,n7327,1,7.000000,11.000000,4.000000,7,1.00,NAND2_X1,0.862069,4.000000,7326,7327
7329,NODE,n7329,2,n78,n7328,1,8.000000,12.000000,4.000000,8,1.00,NAND2_X1,0.862069,4.000000,78,7328
7330,NODE,n7330,2,pi07,n1903,1,2.000000,10.000000,8.000000,2,1.00,AND2_X1,0.724138,8.000000,8,1903
7331,NODE,n7331,2,pi01,n7330,1,3.000000,11.000000,8.000000,3,1.00,AND2_X1,0.724138,8.000000,2,7330
7332,NODE,n7332,2,pi00,n7331,1,4.000000,12.000000,8.000000,4,1.00,NAND2_X1,0.724138,8.000000,1,7331
7333,NODE,n7333,2,n7329,n7332,1,9.000000,13.000000,4.000000,9,1.00,NAND2_X1,0.862069,4.000000,7329,7332
7334,NODE,n7334,2,pi02,n7333,1,10.000000,14.000000,4.000000,10,1.00,NAND2_X1,0.862069,4.000000,3,7333
7335,NODE,n7335,2,pi07,n1421,1,3.000000,12.000000,9.000000,3,1.00,AND2_X1,0.689655,9.000000,8,1421
7336,NODE,n7336,2,n154,n7335,1,4.000000,13.000000,9.000000,4,1.00,AND2_X1,0.689655,9.000000,154,7335
7337,NODE,n7337,2,n138,n7336,1,5.000000,14.000000,9.000000,5,1.00,NAND2_X1,0.689655,9.000000,138,7336
7338,NODE,n7338,2,n7334,n7337,1,11.000000,15.000000,4.000000,11,1.00,NAND2_X1,0.862069,4.000000,7334,7337
7339,NODE,n7339,2,n40,n7338,1,12.000000,16.000000,4.000000,12,1.00,AND2_X1,0.862069,4.000000,40,7338
7340,NODE,n7340,2,n39,n7339,1,13.000000,17.000000,4.000000,13,1.00,AND2_X1,0.862069,4.000000,39,7339
7341,NODE,n7341,2,n36,n7340,1,14.000000,18.000000,4.000000,14,1.00,AND2_X1,0.862069,4.000000,36,7340
7342,NODE,n7342,2,n33,n7341,1,15.000000,19.000000,4.000000,15,1.00,AND2_X1,0.862069,4.000000,33,7341
7343,NODE,n7343,2,n35,n7342,1,16.000000,20.000000,4.000000,16,1.00,NAND2_X1,0.862069,4.000000,35,7342
7344,NODE,n7344,2,n154,n6172,1,4.000000,18.000000,14.000000,4,1.00,AND2_X1,0.517241,14.000000,154,6172
7345,NODE,n7345,2,n653,n7344,1,5.000000,19.000000,14.000000,5,1.00,AND2_X1,0.517241,14.000000,653,7344
7346,NODE,n7346,2,pi08,n7115,2,5.000000,5.000000,0.000000,5,1.00,NAND2_X1,1.000000,0.000000,9,7115
7347,NODE,n7347,1,n7346,,5,6.000000,11.000000,5.000000,6,1.00,INV_X1,0.827586,5.000000,7346,-1
7348,NODE,n7348,2,n7345,n7347,1,7.000000,20.000000,13.000000,7,1.00,NAND2_X1,0.551724,13.000000,7345,7347
7349,NODE,n7349,2,n7343,n7348,1,17.000000,21.000000,4.000000,17,1.00,NAND2_X1,0.862069,4.000000,7343,7348
7350,NODE,n7350,2,pi14,n7349,1,18.000000,22.000000,4.000000,18,1.00,AND2_X1,0.862069,4.000000,15,7349
7351,NODE,n7351,2,pi09,n7350,1,19.000000,23.000000,4.000000,19,1.00,NAND2_X1,0.862069,4.000000,10,7350
7352,NODE,n7352,2,n7323,n7351,1,20.000000,24.000000,4.000000,20,1.00,AND2_X1,0.862069,4.000000,7323,7351
7353,NODE,n7353,1,n7159,,1,7.000000,16.000000,9.000000,7,1.00,INV_X1,0.689655,9.000000,7159,-1
7354,NODE,n7354,2,n7073,n7353,1,8.000000,17.000000,9.000000,8,1.00,NAND2_X1,0.689655,9.000000,7073,7353
7355,NODE,n7355,2,n5003,n614,2,6.000000,6.000000,0.000000,6,1.00,NAND2_X1,1.000000,0.000000,5003,614
7356,NODE,n7356,1,n7355,,1,7.000000,16.000000,9.000000,7,1.00,INV_X1,0.689655,9.000000,7355,-1
7357,NODE,n7357,2,n7022,n7356,1,8.000000,17.000000,9.000000,8,1.00,NAND2_X1,0.689655,9.000000,7022,7356
7358,NODE,n7358,2,n7354,n7357,1,9.000000,18.000000,9.000000,9,1.00,NAND2_X1,0.689655,9.000000,7354,7357
7359,NODE,n7359,2,pi09,n7358,1,10.000000,19.000000,9.000000,10,1.00,NAND2_X1,0.689655,9.000000,10,7358
7360,NODE,n7360,2,pi03,n1420,1,4.000000,9.000000,5.000000,4,1.00,AND2_X1,0.827586,5.000000,4,1420
7361,NODE,n7361,2,n138,n7360,1,5.000000,10.000000,5.000000,5,1.00,AND2_X1,0.827586,5.000000,138,7360
7362,NODE,n7362,2,n78,n7361,1,6.000000,11.000000,5.000000,6,1.00,NAND2_X1,0.827586,5.000000,78,7361
7363,NODE,n7363,2,n125,n618,2,3.000000,11.000000,8.000000,3,1.00,NAND2_X1,0.724138,8.000000,125,618
7364,NODE,n7364,2,n7362,n7363,1,7.000000,12.000000,5.000000,7,1.00,AND2_X1,0.827586,5.000000,7362,7363
7365,NODE,n7365,2,n230,n7364,1,8.000000,13.000000,5.000000,8,1.00,NAND2_X1,0.827586,5.000000,230,7364
7366,NODE,n7366,2,n40,n7365,1,9.000000,14.000000,5.000000,9,1.00,AND2_X1,0.827586,5.000000,40,7365
7367,NODE,n7367,2,n39,n7366,1,10.000000,15.000000,5.000000,10,1.00,AND2_X1,0.827586,5.000000,39,7366
7368,NODE,n7368,2,n36,n7367,1,11.000000,16.000000,5.000000,11,1.00,AND2_X1,0.827586,5.000000,36,7367
7369,NODE,n7369,2,n33,n7368,1,12.000000,17.000000,5.000000,12,1.00,AND2_X1,0.827586,5.000000,33,7368
7370,NODE,n7370,2,n62,n7369,1,13.000000,18.000000,5.000000,13,1.00,AND2_X1,0.827586,5.000000,62,7369
7371,NODE,n7371,2,pi08,n7370,1,14.000000,19.000000,5.000000,14,1.00,NAND2_X1,0.827586,5.000000,9,7370
7372,NODE,n7372,2,n7359,n7371,1,15.000000,20.000000,5.000000,15,1.00,NAND2_X1,0.827586,5.000000,7359,7371
7373,NODE,n7373,2,pi15,n7372,1,16.000000,21.000000,5.000000,16,1.00,NAND2_X1,0.827586,5.000000,16,7372
7374,NODE,n7374,2,n790,n1919,3,4.000000,7.000000,3.000000,4,1.00,AND2_X1,0.896552,3.000000,790,1919
7375,NODE,n7375,2,n40,n7374,1,5.000000,16.000000,11.000000,5,1.00,AND2_X1,0.620690,11.000000,40,7374
7376,NODE,n7376,2,n39,n7375,1,6.000000,17.000000,11.000000,6,1.00,AND2_X1,0.620690,11.000000,39,7375
7377,NODE,n7377,2,n36,n7376,1,7.000000,18.000000,11.000000,7,1.00,AND2_X1,0.620690,11.000000,36,7376
7378,NODE,n7378,2,n33,n7377,1,8.000000,19.000000,11.000000,8,1.00,AND2_X1,0.620690,11.000000,33,7377
7379,NODE,n7379,2,n62,n7378,1,9.000000,20.000000,11.000000,9,1.00,AND2_X1,0.620690,11.000000,62,7378
7380,NODE,n7380,2,pi08,n7379,1,10.000000,21.000000,11.000000,10,1.00,NAND2_X1,0.620690,11.000000,9,7379
7381,NODE,n7381,2,n7373,n7380,1,17.000000,22.000000,5.000000,17,1.00,NAND2_X1,0.827586,5.000000,7373,7380
7382,NODE,n7382,2,pi14,n7381,1,18.000000,23.000000,5.000000,18,1.00,AND2_X1,0.827586,5.000000,15,7381
7383,NODE,n7383,2,pi07,n7382,1,19.000000,24.000000,5.000000,19,1.00,NAND2_X1,0.827586,5.000000,8,7382
7384,NODE,n7384,2,n7352,n7383,1,21.000000,25.000000,4.000000,21,1.00,AND2_X1,0.862069,4.000000,7352,7383
7385,NODE,n7385,2,n1590,n619,1,6.000000,13.000000,7.000000,6,1.00,AND2_X1,0.758621,7.000000,1590,619
7386,NODE,n7386,2,pi05,n1459,1,2.000000,12.000000,10.000000,2,1.00,AND2_X1,0.655172,10.000000,6,1459
7387,NODE,n7387,2,n1465,n7386,1,3.000000,13.000000,10.000000,3,1.00,AND2_X1,0.655172,10.000000,1465,7386
7388,NODE,n7388,2,n7385,n7387,1,7.000000,14.000000,7.000000,7,1.00,NAND2_X1,0.758621,7.000000,7385,7387
7389,NODE,n7389,2,n34,n878,1,3.000000,11.000000,8.000000,3,1.00,AND2_X1,0.724138,8.000000,34,878
7390,NODE,n7390,2,n3743,n7389,1,4.000000,12.000000,8.000000,4,1.00,AND2_X1,0.724138,8.000000,3743,7389
7391,NODE,n7391,2,n614,n7390,1,5.000000,13.000000,8.000000,5,1.00,AND2_X1,0.724138,8.000000,614,7390
7392,NODE,n7392,2,n2286,n7391,1,6.000000,14.000000,8.000000,6,1.00,NAND2_X1,0.724138,8.000000,2286,7391
7393,NODE,n7393,2,n7388,n7392,1,8.000000,15.000000,7.000000,8,1.00,NAND2_X1,0.758621,7.000000,7388,7392
7394,NODE,n7394,2,pi09,n7393,2,9.000000,16.000000,7.000000,9,1.00,NAND2_X1,0.758621,7.000000,10,7393
7395,NODE,n7395,1,n7394,,1,10.000000,20.000000,10.000000,10,1.00,INV_X1,0.655172,10.000000,7394,-1
7396,NODE,n7396,2,pi07,n7395,1,11.000000,21.000000,10.000000,11,1.00,NAND2_X1,0.655172,10.000000,8,7395
7397,NODE,n7397,2,n619,n2018,2,5.000000,8.000000,3.000000,5,1.00,NAND2_X1,0.896552,3.000000,619,2018
7398,NODE,n7398,2,n3810,n7397,1,6.000000,12.000000,6.000000,6,1.00,NAND2_X1,0.793103,6.000000,3810,7397
7399,NODE,n7399,2,n194,n619,1,6.000000,12.000000,6.000000,6,1.00,NAND2_X1,0.793103,6.000000,194,619
7400,NODE,n7400,2,n7398,n7399,1,7.000000,13.000000,6.000000,7,1.00,AND2_X1,0.793103,6.000000,7398,7399
7401,NODE,n7401,2,pi04,n3005,1,4.000000,10.000000,6.000000,4,1.00,AND2_X1,0.793103,6.000000,5,3005
7402,NODE,n7402,2,n154,n7401,1,5.000000,11.000000,6.000000,5,1.00,AND2_X1,0.793103,6.000000,154,7401
7403,NODE,n7403,2,n138,n7402,1,6.000000,12.000000,6.000000,6,1.00,AND2_X1,0.793103,6.000000,138,7402
7404,NODE,n7404,2,n78,n7403,1,7.000000,13.000000,6.000000,7,1.00,NAND2_X1,0.793103,6.000000,78,7403
7405,NODE,n7405,2,n7400,n7404,1,8.000000,14.000000,6.000000,8,1.00,NAND2_X1,0.793103,6.000000,7400,7404
7406,NODE,n7406,2,n40,n7405,1,9.000000,15.000000,6.000000,9,1.00,AND2_X1,0.793103,6.000000,40,7405
7407,NODE,n7407,2,n39,n7406,1,10.000000,16.000000,6.000000,10,1.00,AND2_X1,0.793103,6.000000,39,7406
7408,NODE,n7408,2,n36,n7407,1,11.000000,17.000000,6.000000,11,1.00,AND2_X1,0.793103,6.000000,36,7407
7409,NODE,n7409,2,n33,n7408,1,12.000000,18.000000,6.000000,12,1.00,AND2_X1,0.793103,6.000000,33,7408
7410,NODE,n7410,2,n62,n7409,1,13.000000,19.000000,6.000000,13,1.00,AND2_X1,0.793103,6.000000,62,7409
7411,NODE,n7411,2,pi08,n7410,1,14.000000,20.000000,6.000000,14,1.00,AND2_X1,0.793103,6.000000,9,7410
7412,NODE,n7412,2,n61,n7411,1,15.000000,21.000000,6.000000,15,1.00,NAND2_X1,0.793103,6.000000,61,7411
7413,NODE,n7413,2,n7396,n7412,1,16.000000,22.000000,6.000000,16,1.00,NAND2_X1,0.793103,6.000000,7396,7412
7414,NODE,n7414,2,pi15,n7413,1,17.000000,23.000000,6.000000,17,1.00,NAND2_X1,0.793103,6.000000,16,7413
7415,NODE,n7415,2,n790,n3810,1,4.000000,16.000000,12.000000,4,1.00,AND2_X1,0.586207,12.000000,790,3810
7416,NODE,n7416,2,n40,n7415,1,5.000000,17.000000,12.000000,5,1.00,AND2_X1,0.586207,12.000000,40,7415
7417,NODE,n7417,2,n39,n7416,1,6.000000,18.000000,12.000000,6,1.00,AND2_X1,0.586207,12.000000,39,7416
7418,NODE,n7418,2,n36,n7417,1,7.000000,19.000000,12.000000,7,1.00,AND2_X1,0.586207,12.000000,36,7417
7419,NODE,n7419,2,n33,n7418,1,8.000000,20.000000,12.000000,8,1.00,AND2_X1,0.586207,12.000000,33,7418
7420,NODE,n7420,2,n62,n7419,1,9.000000,21.000000,12.000000,9,1.00,AND2_X1,0.586207,12.000000,62,7419
7421,NODE,n7421,2,pi08,n7420,1,10.000000,22.000000,12.000000,10,1.00,AND2_X1,0.586207,12.000000,9,7420
7422,NODE,n7422,2,n61,n7421,1,11.000000,23.000000,12.000000,11,1.00,NAND2_X1,0.586207,12.000000,61,7421
7423,NODE,n7423,2,n7414,n7422,1,18.000000,24.000000,6.000000,18,1.00,NAND2_X1,0.793103,6.000000,7414,7422
7424,NODE,n7424,2,pi14,n7423,1,19.000000,25.000000,6.000000,19,1.00,NAND2_X1,0.793103,6.000000,15,7423
7425,NODE,n7425,2,n7384,n7424,1,22.000000,26.000000,4.000000,22,1.00,AND2_X1,0.862069,4.000000,7384,7424
7426,NODE,n7426,2,n434,n1121,1,5.000000,5.000000,0.000000,5,1.00,NAND2_X1,1.000000,0.000000,434,1121
7427,NODE,n7427,2,n40,n7426,1,6.000000,6.000000,0.000000,6,1.00,AND2_X1,1.000000,0.000000,40,7426
7428,NODE,n7428,2,n39,n7427,1,7.000000,7.000000,0.000000,7,1.00,AND2_X1,1.000000,0.000000,39,7427
7429,NODE,n7429,2,n36,n7428,1,8.000000,8.000000,0.000000,8,1.00,AND2_X1,1.000000,0.000000,36,7428
7430,NODE,n7430,2,n33,n7429,1,9.000000,9.000000,0.000000,9,1.00,AND2_X1,1.000000,0.000000,33,7429
7431,NODE,n7431,2,n62,n7430,1,10.000000,10.000000,0.000000,10,1.00,AND2_X1,1.000000,0.000000,62,7430
7432,NODE,n7432,2,n35,n7431,1,11.000000,11.000000,0.000000,11,1.00,NAND2_X1,1.000000,0.000000,35,7431
7433,NODE,n7433,1,n6573,,1,4.000000,10.000000,6.000000,4,1.00,INV_X1,0.793103,6.000000,6573,-1
7434,NODE,n7434,2,n116,n1221,1,4.000000,10.000000,6.000000,4,1.00,AND2_X1,0.793103,6.000000,116,1221
7435,NODE,n7435,2,n7433,n7434,1,5.000000,11.000000,6.000000,5,1.00,NAND2_X1,0.793103,6.000000,7433,7434
7436,NODE,n7436,2,n7432,n7435,1,12.000000,12.000000,0.000000,12,1.00,NAND2_X1,1.000000,0.000000,7432,7435
7437,NODE,n7437,2,pi14,n7436,1,13.000000,13.000000,0.000000,13,1.00,NAND2_X1,1.000000,0.000000,15,7436
7438,NODE,n7438,2,n70,n116,1,5.000000,12.000000,7.000000,5,1.00,AND2_X1,0.758621,7.000000,70,116
7439,NODE,n7439,2,n6907,n7438,1,6.000000,13.000000,7.000000,6,1.00,NAND2_X1,0.758621,7.000000,6907,7438
7440,NODE,n7440,2,n7437,n7439,1,14.000000,14.000000,0.000000,14,1.00,NAND2_X1,1.000000,0.000000,7437,7439
7441,NODE,n7441,2,n90,n7440,1,15.000000,15.000000,0.000000,15,1.00,NAND2_X1,1.000000,0.000000,90,7440
7442,NODE,n7442,2,pi14,n1120,1,4.000000,8.000000,4.000000,4,1.00,AND2_X1,0.862069,4.000000,15,1120
7443,NODE,n7443,2,n40,n7442,1,5.000000,9.000000,4.000000,5,1.00,AND2_X1,0.862069,4.000000,40,7442
7444,NODE,n7444,2,n39,n7443,1,6.000000,10.000000,4.000000,6,1.00,AND2_X1,0.862069,4.000000,39,7443
7445,NODE,n7445,2,n36,n7444,1,7.000000,11.000000,4.000000,7,1.00,AND2_X1,0.862069,4.000000,36,7444
7446,NODE,n7446,2,n33,n7445,1,8.000000,12.000000,4.000000,8,1.00,AND2_X1,0.862069,4.000000,33,7445
7447,NODE,n7447,2,n62,n7446,1,9.000000,13.000000,4.000000,9,1.00,AND2_X1,0.862069,4.000000,62,7446
7448,NODE,n7448,2,n35,n7447,3,10.000000,14.000000,4.000000,10,1.00,AND2_X1,0.862069,4.000000,35,7447
7449,NODE,n7449,2,pi03,n7448,1,11.000000,15.000000,4.000000,11,1.00,NAND2_X1,0.862069,4.000000,4,7448
7450,NODE,n7450,2,n7441,n7449,1,16.000000,16.000000,0.000000,16,1.00,NAND2_X1,1.000000,0.000000,7441,7449
7451,NODE,n7451,2,n154,n7450,1,17.000000,17.000000,0.000000,17,1.00,NAND2_X1,1.000000,0.000000,154,7450
7452,NODE,n7452,2,pi02,n7448,1,11.000000,17.000000,6.000000,11,1.00,NAND2_X1,0.793103,6.000000,3,7448
7453,NODE,n7453,2,n7451,n7452,1,18.000000,18.000000,0.000000,18,1.00,NAND2_X1,1.000000,0.000000,7451,7452
7454,NODE,n7454,2,n138,n7453,1,19.000000,19.000000,0.000000,19,1.00,NAND2_X1,1.000000,0.000000,138,7453
7455,NODE,n7455,2,pi01,n7448,1,11.000000,19.000000,8.000000,11,1.00,NAND2_X1,0.724138,8.000000,2,7448
7456,NODE,n7456,2,n7454,n7455,1,20.000000,20.000000,0.000000,20,1.00,NAND2_X1,1.000000,0.000000,7454,7455
7457,NODE,n7457,2,n78,n7456,1,21.000000,21.000000,0.000000,21,1.00,NAND2_X1,1.000000,0.000000,78,7456
7458,NODE,n7458,2,n62,n1120,1,4.000000,13.000000,9.000000,4,1.00,NAND2_X1,0.689655,9.000000,62,1120
7459,NODE,n7459,2,n274,n388,1,3.000000,12.000000,9.000000,3,1.00,AND2_X1,0.689655,9.000000,274,388
7460,NODE,n7460,2,pi01,n1052,4,3.000000,5.000000,2.000000,3,1.00,AND2_X1,0.931035,2.000000,2,1052
7461,NODE,n7461,2,n7459,n7460,1,4.000000,13.000000,9.000000,4,1.00,NAND2_X1,0.689655,9.000000,7459,7460
7462,NODE,n7462,2,n7458,n7461,1,5.000000,14.000000,9.000000,5,1.00,NAND2_X1,0.689655,9.000000,7458,7461
7463,NODE,n7463,2,pi14,n7462,1,6.000000,15.000000,9.000000,6,1.00,AND2_X1,0.689655,9.000000,15,7462
7464,NODE,n7464,2,n40,n7463,1,7.000000,16.000000,9.000000,7,1.00,AND2_X1,0.689655,9.000000,40,7463
7465,NODE,n7465,2,n39,n7464,1,8.000000,17.000000,9.000000,8,1.00,AND2_X1,0.689655,9.000000,39,7464
7466,NODE,n7466,2,n36,n7465,1,9.000000,18.000000,9.000000,9,1.00,AND2_X1,0.689655,9.000000,36,7465
7467,NODE,n7467,2,n33,n7466,1,10.000000,19.000000,9.000000,10,1.00,AND2_X1,0.689655,9.000000,33,7466
7468,NODE,n7468,2,n35,n7467,1,11.000000,20.000000,9.000000,11,1.00,AND2_X1,0.689655,9.000000,35,7467
7469,NODE,n7469,2,pi00,n7468,1,12.000000,21.000000,9.000000,12,1.00,NAND2_X1,0.689655,9.000000,1,7468
7470,NODE,n7470,2,n7457,n7469,1,22.000000,22.000000,0.000000,22,1.00,NAND2_X1,1.000000,0.000000,7457,7469
7471,NODE,n7471,2,pi15,n7470,1,23.000000,23.000000,0.000000,23,1.00,NAND2_X1,1.000000,0.000000,16,7470
7472,NODE,n7472,2,n790,n1120,1,4.000000,16.000000,12.000000,4,1.00,AND2_X1,0.586207,12.000000,790,1120
7473,NODE,n7473,2,pi14,n7472,1,5.000000,17.000000,12.000000,5,1.00,AND2_X1,0.586207,12.000000,15,7472
7474,NODE,n7474,2,n40,n7473,1,6.000000,18.000000,12.000000,6,1.00,AND2_X1,0.586207,12.000000,40,7473
7475,NODE,n7475,2,n39,n7474,1,7.000000,19.000000,12.000000,7,1.00,AND2_X1,0.586207,12.000000,39,7474
7476,NODE,n7476,2,n36,n7475,1,8.000000,20.000000,12.000000,8,1.00,AND2_X1,0.586207,12.000000,36,7475
7477,NODE,n7477,2,n33,n7476,1,9.000000,21.000000,12.000000,9,1.00,AND2_X1,0.586207,12.000000,33,7476
7478,NODE,n7478,2,n62,n7477,1,10.000000,22.000000,12.000000,10,1.00,AND2_X1,0.586207,12.000000,62,7477
7479,NODE,n7479,2,n35,n7478,1,11.000000,23.000000,12.000000,11,1.00,NAND2_X1,0.586207,12.000000,35,7478
7480,NODE,n7480,2,n7471,n7479,1,24.000000,24.000000,0.000000,24,1.00,NAND2_X1,1.000000,0.000000,7471,7479
7481,NODE,n7481,2,pi07,n7480,1,25.000000,25.000000,0.000000,25,1.00,NAND2_X1,1.000000,0.000000,8,7480
7482,NODE,n7482,2,n616,n1926,3,6.000000,12.000000,6.000000,6,1.00,AND2_X1,0.793103,6.000000,616,1926
7483,NODE,n7483,2,pi15,n7482,1,7.000000,16.000000,9.000000,7,1.00,NAND2_X1,0.689655,9.000000,16,7482
7484,NODE,n7484,2,pi14,n7483,1,8.000000,17.000000,9.000000,8,1.00,AND2_X1,0.689655,9.000000,15,7483
7485,NODE,n7485,2,n40,n7484,1,9.000000,18.000000,9.000000,9,1.00,AND2_X1,0.689655,9.000000,40,7484
7486,NODE,n7486,2,n39,n7485,1,10.000000,19.000000,9.000000,10,1.00,AND2_X1,0.689655,9.000000,39,7485
7487,NODE,n7487,2,n36,n7486,1,11.000000,20.000000,9.000000,11,1.00,AND2_X1,0.689655,9.000000,36,7486
7488,NODE,n7488,2,n33,n7487,1,12.000000,21.000000,9.000000,12,1.00,AND2_X1,0.689655,9.000000,33,7487
7489,NODE,n7489,2,n62,n7488,1,13.000000,22.000000,9.000000,13,1.00,AND2_X1,0.689655,9.000000,62,7488
7490,NODE,n7490,2,n35,n7489,1,14.000000,23.000000,9.000000,14,1.00,AND2_X1,0.689655,9.000000,35,7489
7491,NODE,n7491,2,n61,n7490,1,15.000000,24.000000,9.000000,15,1.00,AND2_X1,0.689655,9.000000,61,7490
7492,NODE,n7492,2,pi06,n7491,1,16.000000,25.000000,9.000000,16,1.00,NAND2_X1,0.689655,9.000000,7,7491
7493,NODE,n7493,2,n7481,n7492,1,26.000000,26.000000,0.000000,26,1.00,AND2_X1,1.000000,0.000000,7481,7492
7494,NODE,n7494,2,n7425,n7493,1,27.000000,27.000000,0.000000,27,1.00,NAND2_X1,1.000000,0.000000,7425,7493
7495,NODE,n7495,2,n959,n2391,1,3.000000,5.000000,2.000000,3,1.00,NAND2_X1,0.931035,2.000000,959,2391
7496,NODE,n7496,2,pi10,n7495,1,4.000000,6.000000,2.000000,4,1.00,NAND2_X1,0.931035,2.000000,11,7495
7497,NODE,n7497,2,n7298,n7496,1,5.000000,7.000000,2.000000,5,1.00,AND2_X1,0.931035,2.000000,7298,7496
7498,NODE,n7498,2,pi11,pi14,1,1.000000,4.000000,3.000000,1,1.00,AND2_X1,0.896552,3.000000,12,15
7499,NODE,n7499,2,n33,n7498,1,2.000000,5.000000,3.000000,2,1.00,NAND2_X1,0.896552,3.000000,33,7498
7500,NODE,n7500,2,n7301,n7499,1,5.000000,6.000000,1.000000,5,1.00,NAND2_X1,0.965517,1.000000,7301,7499
7501,NODE,n7501,2,n790,n7500,1,6.000000,7.000000,1.000000,6,1.00,NAND2_X1,0.965517,1.000000,790,7500
7502,NODE,n7502,2,n7497,n7501,1,7.000000,8.000000,1.000000,7,1.00,AND2_X1,0.965517,1.000000,7497,7501
7503,NODE,n7503,2,pi12,pi14,1,1.000000,5.000000,4.000000,1,1.00,AND2_X1,0.862069,4.000000,13,15
7504,NODE,n7504,2,n91,n7503,1,3.000000,6.000000,3.000000,3,1.00,NAND2_X1,0.896552,3.000000,91,7503
7505,NODE,n7505,2,n7300,n7504,1,4.000000,7.000000,3.000000,4,1.00,NAND2_X1,0.896552,3.000000,7300,7504
7506,NODE,n7506,2,n790,n7505,1,5.000000,8.000000,3.000000,5,1.00,NAND2_X1,0.896552,3.000000,790,7505
7507,NODE,n7507,2,n7502,n7506,2,8.000000,9.000000,1.000000,8,1.00,AND2_X1,0.965517,1.000000,7502,7506
7508,NODE,n7508,2,pi13,pi14,1,1.000000,3.000000,2.000000,1,1.00,AND2_X1,0.931035,2.000000,14,15
7509,NODE,n7509,2,n39,n7508,2,2.000000,4.000000,2.000000,2,1.00,AND2_X1,0.931035,2.000000,39,7508
7510,NODE,n7510,2,n91,n7509,1,3.000000,5.000000,2.000000,3,1.00,NAND2_X1,0.931035,2.000000,91,7509
7511,NODE,n7511,2,n7294,n7510,2,4.000000,6.000000,2.000000,4,1.00,NAND2_X1,0.931035,2.000000,7294,7510
7512,NODE,n7512,2,n790,n7511,1,5.000000,14.000000,9.000000,5,1.00,NAND2_X1,0.689655,9.000000,790,7511
7513,NODE,n7513,2,n7507,n7512,2,9.000000,15.000000,6.000000,9,1.00,AND2_X1,0.793103,6.000000,7507,7512
7514,NODE,n7514,2,n924,n7234,1,4.000000,15.000000,11.000000,4,1.00,NAND2_X1,0.620690,11.000000,924,7234
7515,NODE,n7515,2,n7513,n7514,1,10.000000,16.000000,6.000000,10,1.00,AND2_X1,0.793103,6.000000,7513,7514
7516,NODE,n7516,2,n85,n93,1,6.000000,14.000000,8.000000,6,1.00,NAND2_X1,0.724138,8.000000,85,93
7517,NODE,n7517,2,n790,n7516,1,7.000000,15.000000,8.000000,7,1.00,AND2_X1,0.724138,8.000000,790,7516
7518,NODE,n7518,2,pi08,n7517,1,8.000000,16.000000,8.000000,8,1.00,NAND2_X1,0.724138,8.000000,9,7517
7519,NODE,n7519,2,n7515,n7518,1,11.000000,17.000000,6.000000,11,1.00,AND2_X1,0.793103,6.000000,7515,7518
7520,NODE,n7520,2,n61,n923,1,3.000000,6.000000,3.000000,3,1.00,NAND2_X1,0.896552,3.000000,61,923
7521,NODE,n7521,2,n7312,n7520,2,4.000000,7.000000,3.000000,4,1.00,NAND2_X1,0.896552,3.000000,7312,7520
7522,NODE,n7522,2,pi02,n7521,1,5.000000,10.000000,5.000000,5,1.00,NAND2_X1,0.827586,5.000000,3,7521
7523,NODE,n7523,2,n802,n923,1,4.000000,10.000000,6.000000,4,1.00,NAND2_X1,0.793103,6.000000,802,923
7524,NODE,n7524,2,n7522,n7523,1,6.000000,11.000000,5.000000,6,1.00,NAND2_X1,0.827586,5.000000,7522,7523
7525,NODE,n7525,2,pi13,n7524,1,7.000000,12.000000,5.000000,7,1.00,AND2_X1,0.827586,5.000000,14,7524
7526,NODE,n7526,2,pi12,n7525,1,8.000000,13.000000,5.000000,8,1.00,AND2_X1,0.827586,5.000000,13,7525
7527,NODE,n7527,2,pi11,n7526,1,9.000000,14.000000,5.000000,9,1.00,AND2_X1,0.827586,5.000000,12,7526
7528,NODE,n7528,2,pi10,n7527,1,10.000000,15.000000,5.000000,10,1.00,AND2_X1,0.827586,5.000000,11,7527
7529,NODE,n7529,2,pi09,n7528,1,11.000000,16.000000,5.000000,11,1.00,AND2_X1,0.827586,5.000000,10,7528
7530,NODE,n7530,2,pi08,n7529,1,12.000000,17.000000,5.000000,12,1.00,NAND2_X1,0.827586,5.000000,9,7529
7531,NODE,n7531,2,n7519,n7530,1,13.000000,18.000000,5.000000,13,1.00,AND2_X1,0.827586,5.000000,7519,7530
7532,NODE,n7532,2,n3455,n6592,1,4.000000,12.000000,8.000000,4,1.00,NAND2_X1,0.724138,8.000000,3455,6592
7533,NODE,n7533,2,n54,n715,1,4.000000,11.000000,7.000000,4,1.00,AND2_X1,0.758621,7.000000,54,715
7534,NODE,n7534,2,n6595,n7533,1,5.000000,12.000000,7.000000,5,1.00,NAND2_X1,0.758621,7.000000,6595,7533
7535,NODE,n7535,2,n7532,n7534,1,6.000000,13.000000,7.000000,6,1.00,NAND2_X1,0.758621,7.000000,7532,7534
7536,NODE,n7536,2,pi15,n7535,1,7.000000,14.000000,7.000000,7,1.00,AND2_X1,0.758621,7.000000,16,7535
7537,NODE,n7537,2,n154,n7536,1,8.000000,15.000000,7.000000,8,1.00,NAND2_X1,0.758621,7.000000,154,7536
7538,NODE,n7538,2,n790,n958,4,3.000000,4.000000,1.000000,3,1.00,AND2_X1,0.965517,1.000000,790,958
7539,NODE,n7539,2,n1192,n1484,1,5.000000,14.000000,9.000000,5,1.00,AND2_X1,0.689655,9.000000,1192,1484
7540,NODE,n7540,2,n7538,n7539,1,6.000000,15.000000,9.000000,6,1.00,NAND2_X1,0.689655,9.000000,7538,7539
7541,NODE,n7541,2,n7537,n7540,1,9.000000,16.000000,7.000000,9,1.00,NAND2_X1,0.758621,7.000000,7537,7540
7542,NODE,n7542,2,pi14,n7541,1,10.000000,17.000000,7.000000,10,1.00,AND2_X1,0.758621,7.000000,15,7541
7543,NODE,n7543,2,pi09,n7542,1,11.000000,18.000000,7.000000,11,1.00,NAND2_X1,0.758621,7.000000,10,7542
7544,NODE,n7544,2,n7531,n7543,1,14.000000,19.000000,5.000000,14,1.00,AND2_X1,0.827586,5.000000,7531,7543
7545,NODE,n7545,1,n836,,2,4.000000,4.000000,0.000000,4,1.00,INV_X1,1.000000,0.000000,836,-1
7546,NODE,n7546,2,pi09,n7545,1,5.000000,18.000000,13.000000,5,1.00,AND2_X1,0.551724,13.000000,10,7545
7547,NODE,n7547,2,n1282,n6592,4,3.000000,4.000000,1.000000,3,1.00,AND2_X1,0.965517,1.000000,1282,6592
7548,NODE,n7548,2,n258,n7547,1,4.000000,18.000000,14.000000,4,1.00,AND2_X1,0.517241,14.000000,258,7547
7549,NODE,n7549,2,n7546,n7548,1,6.000000,19.000000,13.000000,6,1.00,NAND2_X1,0.551724,13.000000,7546,7548
7550,NODE,n7550,2,n7544,n7549,1,15.000000,20.000000,5.000000,15,1.00,AND2_X1,0.827586,5.000000,7544,7549
7551,NODE,n7551,2,pi07,n2628,1,6.000000,10.000000,4.000000,6,1.00,NAND2_X1,0.862069,4.000000,8,2628
7552,NODE,n7552,2,n154,n7374,1,5.000000,8.000000,3.000000,5,1.00,NAND2_X1,0.896552,3.000000,154,7374
7553,NODE,n7553,2,n224,n1574,1,4.000000,8.000000,4.000000,4,1.00,NAND2_X1,0.862069,4.000000,224,1574
7554,NODE,n7554,2,n7552,n7553,1,6.000000,9.000000,3.000000,6,1.00,NAND2_X1,0.896552,3.000000,7552,7553
7555,NODE,n7555,2,n61,n7554,1,7.000000,10.000000,3.000000,7,1.00,NAND2_X1,0.896552,3.000000,61,7554
7556,NODE,n7556,2,n7551,n7555,1,8.000000,11.000000,3.000000,8,1.00,AND2_X1,0.896552,3.000000,7551,7555
7557,NODE,n7557,2,n78,n6172,1,4.000000,8.000000,4.000000,4,1.00,NAND2_X1,0.862069,4.000000,78,6172
7558,NODE,n7558,2,n101,n2155,1,4.000000,8.000000,4.000000,4,1.00,NAND2_X1,0.862069,4.000000,101,2155
7559,NODE,n7559,2,n7557,n7558,1,5.000000,9.000000,4.000000,5,1.00,NAND2_X1,0.862069,4.000000,7557,7558
7560,NODE,n7560,2,pi15,n7559,1,6.000000,10.000000,4.000000,6,1.00,AND2_X1,0.862069,4.000000,16,7559
7561,NODE,n7561,2,pi02,n7560,1,7.000000,11.000000,4.000000,7,1.00,NAND2_X1,0.862069,4.000000,3,7560
7562,NODE,n7562,2,n7556,n7561,1,9.000000,12.000000,3.000000,9,1.00,NAND2_X1,0.896552,3.000000,7556,7561
7563,NODE,n7563,2,n40,n7562,1,10.000000,13.000000,3.000000,10,1.00,AND2_X1,0.896552,3.000000,40,7562
7564,NODE,n7564,2,n39,n7563,1,11.000000,14.000000,3.000000,11,1.00,AND2_X1,0.896552,3.000000,39,7563
7565,NODE,n7565,2,n36,n7564,1,12.000000,15.000000,3.000000,12,1.00,AND2_X1,0.896552,3.000000,36,7564
7566,NODE,n7566,2,n33,n7565,1,13.000000,16.000000,3.000000,13,1.00,AND2_X1,0.896552,3.000000,33,7565
7567,NODE,n7567,2,n35,n7566,1,14.000000,17.000000,3.000000,14,1.00,NAND2_X1,0.896552,3.000000,35,7566
7568,NODE,n7568,2,n860,n6629,1,5.000000,16.000000,11.000000,5,1.00,AND2_X1,0.620690,11.000000,860,6629
7569,NODE,n7569,2,n7347,n7568,1,7.000000,17.000000,10.000000,7,1.00,NAND2_X1,0.655172,10.000000,7347,7568
7570,NODE,n7570,2,n7567,n7569,1,15.000000,18.000000,3.000000,15,1.00,NAND2_X1,0.896552,3.000000,7567,7569
7571,NODE,n7571,2,pi14,n7570,1,16.000000,19.000000,3.000000,16,1.00,AND2_X1,0.896552,3.000000,15,7570
7572,NODE,n7572,2,pi09,n7571,1,17.000000,20.000000,3.000000,17,1.00,NAND2_X1,0.896552,3.000000,10,7571
7573,NODE,n7573,2,n7550,n7572,1,18.000000,21.000000,3.000000,18,1.00,AND2_X1,0.896552,3.000000,7550,7572
7574,NODE,n7574,2,n1635,n2007,1,3.000000,5.000000,2.000000,3,1.00,NAND2_X1,0.931035,2.000000,1635,2007
7575,NODE,n7575,2,pi15,n7574,1,4.000000,6.000000,2.000000,4,1.00,AND2_X1,0.931035,2.000000,16,7574
7576,NODE,n7576,2,n61,n7575,1,5.000000,7.000000,2.000000,5,1.00,AND2_X1,0.931035,2.000000,61,7575
7577,NODE,n7577,2,pi02,n7576,1,6.000000,8.000000,2.000000,6,1.00,NAND2_X1,0.931035,2.000000,3,7576
7578,NODE,n7578,1,n2650,,1,5.000000,7.000000,2.000000,5,1.00,INV_X1,0.931035,2.000000,2650,-1
7579,NODE,n7579,2,pi01,n7578,1,6.000000,8.000000,2.000000,6,1.00,NAND2_X1,0.931035,2.000000,2,7578
7580,NODE,n7580,2,n7577,n7579,1,7.000000,9.000000,2.000000,7,1.00,NAND2_X1,0.931035,2.000000,7577,7579
7581,NODE,n7581,2,n78,n7580,1,8.000000,10.000000,2.000000,8,1.00,NAND2_X1,0.931035,2.000000,78,7580
7582,NODE,n7582,2,pi02,n1574,1,4.000000,6.000000,2.000000,4,1.00,NAND2_X1,0.931035,2.000000,3,1574
7583,NODE,n7583,2,n2073,n7582,1,5.000000,7.000000,2.000000,5,1.00,NAND2_X1,0.931035,2.000000,2073,7582
7584,NODE,n7584,2,pi07,n7583,1,6.000000,8.000000,2.000000,6,1.00,AND2_X1,0.931035,2.000000,8,7583
7585,NODE,n7585,2,pi01,n7584,1,7.000000,9.000000,2.000000,7,1.00,AND2_X1,0.931035,2.000000,2,7584
7586,NODE,n7586,2,pi00,n7585,1,8.000000,10.000000,2.000000,8,1.00,NAND2_X1,0.931035,2.000000,1,7585
7587,NODE,n7587,2,n7581,n7586,1,9.000000,11.000000,2.000000,9,1.00,NAND2_X1,0.931035,2.000000,7581,7586
7588,NODE,n7588,2,pi03,n7587,1,10.000000,12.000000,2.000000,10,1.00,NAND2_X1,0.931035,2.000000,4,7587
7589,NODE,n7589,2,n78,n2074,1,4.000000,8.000000,4.000000,4,1.00,NAND2_X1,0.862069,4.000000,78,2074
7590,NODE,n7590,2,n3338,n7589,1,5.000000,9.000000,4.000000,5,1.00,NAND2_X1,0.862069,4.000000,3338,7589
7591,NODE,n7591,2,pi07,n7590,1,6.000000,10.000000,4.000000,6,1.00,AND2_X1,0.862069,4.000000,8,7590
7592,NODE,n7592,2,n90,n7591,1,7.000000,11.000000,4.000000,7,1.00,AND2_X1,0.862069,4.000000,90,7591
7593,NODE,n7593,2,n138,n7592,1,8.000000,12.000000,4.000000,8,1.00,NAND2_X1,0.862069,4.000000,138,7592
7594,NODE,n7594,2,n7588,n7593,1,11.000000,13.000000,2.000000,11,1.00,NAND2_X1,0.931035,2.000000,7588,7593
7595,NODE,n7595,2,n40,n7594,1,12.000000,14.000000,2.000000,12,1.00,AND2_X1,0.931035,2.000000,40,7594
7596,NODE,n7596,2,n39,n7595,1,13.000000,15.000000,2.000000,13,1.00,AND2_X1,0.931035,2.000000,39,7595
7597,NODE,n7597,2,n36,n7596,1,14.000000,16.000000,2.000000,14,1.00,AND2_X1,0.931035,2.000000,36,7596
7598,NODE,n7598,2,n33,n7597,1,15.000000,17.000000,2.000000,15,1.00,AND2_X1,0.931035,2.000000,33,7597
7599,NODE,n7599,2,n35,n7598,1,16.000000,18.000000,2.000000,16,1.00,NAND2_X1,0.931035,2.000000,35,7598
7600,NODE,n7600,2,n1003,n1702,1,6.000000,17.000000,11.000000,6,1.00,AND2_X1,0.620690,11.000000,1003,1702
7601,NODE,n7601,2,n7347,n7600,1,7.000000,18.000000,11.000000,7,1.00,NAND2_X1,0.620690,11.000000,7347,7600
7602,NODE,n7602,2,n7599,n7601,1,17.000000,19.000000,2.000000,17,1.00,NAND2_X1,0.931035,2.000000,7599,7601
7603,NODE,n7603,2,pi14,n7602,1,18.000000,20.000000,2.000000,18,1.00,AND2_X1,0.931035,2.000000,15,7602
7604,NODE,n7604,2,pi09,n7603,1,19.000000,21.000000,2.000000,19,1.00,NAND2_X1,0.931035,2.000000,10,7603
7605,NODE,n7605,2,n7573,n7604,1,20.000000,22.000000,2.000000,20,1.00,AND2_X1,0.931035,2.000000,7573,7604
7606,NODE,n7606,2,pi05,n2880,1,5.000000,8.000000,3.000000,5,1.00,NAND2_X1,0.896552,3.000000,6,2880
7607,NODE,n7607,2,n34,n124,1,2.000000,7.000000,5.000000,2,1.00,NAND2_X1,0.827586,5.000000,34,124
7608,NODE,n7608,2,n4923,n7607,1,4.000000,8.000000,4.000000,4,1.00,AND2_X1,0.862069,4.000000,4923,7607
7609,NODE,n7609,2,n7606,n7608,1,6.000000,9.000000,3.000000,6,1.00,AND2_X1,0.896552,3.000000,7606,7608
7610,NODE,n7610,1,n4001,,1,6.000000,7.000000,1.000000,6,1.00,INV_X1,0.965517,1.000000,4001,-1
7611,NODE,n7611,2,n138,n7610,1,7.000000,8.000000,1.000000,7,1.00,AND2_X1,0.965517,1.000000,138,7610
7612,NODE,n7612,2,n78,n7611,1,8.000000,9.000000,1.000000,8,1.00,NAND2_X1,0.965517,1.000000,78,7611
7613,NODE,n7613,2,n7609,n7612,1,9.000000,10.000000,1.000000,9,1.00,NAND2_X1,0.965517,1.000000,7609,7612
7614,NODE,n7614,2,n40,n7613,1,10.000000,11.000000,1.000000,10,1.00,AND2_X1,0.965517,1.000000,40,7613
7615,NODE,n7615,2,n39,n7614,1,11.000000,12.000000,1.000000,11,1.00,AND2_X1,0.965517,1.000000,39,7614
7616,NODE,n7616,2,n36,n7615,1,12.000000,13.000000,1.000000,12,1.00,AND2_X1,0.965517,1.000000,36,7615
7617,NODE,n7617,2,n33,n7616,1,13.000000,14.000000,1.000000,13,1.00,AND2_X1,0.965517,1.000000,33,7616
7618,NODE,n7618,2,n62,n7617,1,14.000000,15.000000,1.000000,14,1.00,AND2_X1,0.965517,1.000000,62,7617
7619,NODE,n7619,2,pi08,n7618,1,15.000000,16.000000,1.000000,15,1.00,NAND2_X1,0.965517,1.000000,9,7618
7620,NODE,n7620,2,n7394,n7619,1,16.000000,17.000000,1.000000,16,1.00,NAND2_X1,0.965517,1.000000,7394,7619
7621,NODE,n7621,2,pi15,n7620,1,17.000000,18.000000,1.000000,17,1.00,NAND2_X1,0.965517,1.000000,16,7620
7622,NODE,n7622,2,n231,n6719,1,5.000000,10.000000,5.000000,5,1.00,NAND2_X1,0.827586,5.000000,231,6719
7623,NODE,n7623,2,pi05,n7622,1,6.000000,11.000000,5.000000,6,1.00,NAND2_X1,0.827586,5.000000,6,7622
7624,NODE,n7624,2,n231,n500,1,4.000000,11.000000,7.000000,4,1.00,NAND2_X1,0.758621,7.000000,231,500
7625,NODE,n7625,2,n7623,n7624,1,7.000000,12.000000,5.000000,7,1.00,NAND2_X1,0.827586,5.000000,7623,7624
7626,NODE,n7626,2,n790,n7625,1,8.000000,13.000000,5.000000,8,1.00,AND2_X1,0.827586,5.000000,790,7625
7627,NODE,n7627,2,n40,n7626,1,9.000000,14.000000,5.000000,9,1.00,AND2_X1,0.827586,5.000000,40,7626
7628,NODE,n7628,2,n39,n7627,1,10.000000,15.000000,5.000000,10,1.00,AND2_X1,0.827586,5.000000,39,7627
7629,NODE,n7629,2,n36,n7628,1,11.000000,16.000000,5.000000,11,1.00,AND2_X1,0.827586,5.000000,36,7628
7630,NODE,n7630,2,n33,n7629,1,12.000000,17.000000,5.000000,12,1.00,AND2_X1,0.827586,5.000000,33,7629
7631,NODE,n7631,2,n62,n7630,1,13.000000,18.000000,5.000000,13,1.00,NAND2_X1,0.827586,5.000000,62,7630
7632,NODE,n7632,2,n7621,n7631,1,18.000000,19.000000,1.000000,18,1.00,NAND2_X1,0.965517,1.000000,7621,7631
7633,NODE,n7633,2,pi07,n7632,1,19.000000,20.000000,1.000000,19,1.00,NAND2_X1,0.965517,1.000000,8,7632
7634,NODE,n7634,2,n527,n1926,1,5.000000,19.000000,14.000000,5,1.00,AND2_X1,0.517241,14.000000,527,1926
7635,NODE,n7635,2,pi15,n958,3,3.000000,6.000000,3.000000,3,1.00,AND2_X1,0.896552,3.000000,16,958
7636,NODE,n7636,2,n36,n7635,3,4.000000,7.000000,3.000000,4,1.00,AND2_X1,0.896552,3.000000,36,7635
7637,NODE,n7637,2,n35,n7636,1,5.000000,18.000000,13.000000,5,1.00,AND2_X1,0.551724,13.000000,35,7636
7638,NODE,n7638,2,n231,n2205,1,4.000000,18.000000,14.000000,4,1.00,AND2_X1,0.517241,14.000000,231,2205
7639,NODE,n7639,2,n7637,n7638,1,6.000000,19.000000,13.000000,6,1.00,AND2_X1,0.551724,13.000000,7637,7638
7640,NODE,n7640,2,n7634,n7639,1,7.000000,20.000000,13.000000,7,1.00,NAND2_X1,0.551724,13.000000,7634,7639
7641,NODE,n7641,2,n7633,n7640,1,20.000000,21.000000,1.000000,20,1.00,NAND2_X1,0.965517,1.000000,7633,7640
7642,NODE,n7642,2,pi14,n7641,1,21.000000,22.000000,1.000000,21,1.00,NAND2_X1,0.965517,1.000000,15,7641
7643,NODE,n7643,2,n7605,n7642,1,22.000000,23.000000,1.000000,22,1.00,AND2_X1,0.965517,1.000000,7605,7642
7644,NODE,n7644,2,n82,n594,1,4.000000,12.000000,8.000000,4,1.00,NAND2_X1,0.724138,8.000000,82,594
7645,NODE,n7645,2,n6288,n7644,1,6.000000,13.000000,7.000000,6,1.00,NAND2_X1,0.758621,7.000000,6288,7644
7646,NODE,n7646,2,pi06,n7645,1,7.000000,14.000000,7.000000,7,1.00,NAND2_X1,0.758621,7.000000,7,7645
7647,NODE,n7647,2,n6286,n7646,1,8.000000,15.000000,7.000000,8,1.00,NAND2_X1,0.758621,7.000000,6286,7646
7648,NODE,n7648,2,n790,n7647,1,9.000000,16.000000,7.000000,9,1.00,AND2_X1,0.758621,7.000000,790,7647
7649,NODE,n7649,2,n40,n7648,1,10.000000,17.000000,7.000000,10,1.00,AND2_X1,0.758621,7.000000,40,7648
7650,NODE,n7650,2,n39,n7649,1,11.000000,18.000000,7.000000,11,1.00,AND2_X1,0.758621,7.000000,39,7649
7651,NODE,n7651,2,n36,n7650,1,12.000000,19.000000,7.000000,12,1.00,AND2_X1,0.758621,7.000000,36,7650
7652,NODE,n7652,2,n33,n7651,1,13.000000,20.000000,7.000000,13,1.00,AND2_X1,0.758621,7.000000,33,7651
7653,NODE,n7653,2,n62,n7652,1,14.000000,21.000000,7.000000,14,1.00,NAND2_X1,0.758621,7.000000,62,7652
7654,NODE,n7654,2,pi06,n1459,1,2.000000,12.000000,10.000000,2,1.00,AND2_X1,0.655172,10.000000,7,1459
7655,NODE,n7655,2,n7482,n7654,1,7.000000,13.000000,6.000000,7,1.00,AND2_X1,0.793103,6.000000,7482,7654
7656,NODE,n7656,2,n1465,n7655,1,8.000000,14.000000,6.000000,8,1.00,NAND2_X1,0.793103,6.000000,1465,7655
7657,NODE,n7657,2,n368,n878,1,3.000000,11.000000,8.000000,3,1.00,AND2_X1,0.724138,8.000000,368,878
7658,NODE,n7658,2,n3743,n7657,1,4.000000,12.000000,8.000000,4,1.00,AND2_X1,0.724138,8.000000,3743,7657
7659,NODE,n7659,2,n561,n7658,1,5.000000,13.000000,8.000000,5,1.00,AND2_X1,0.724138,8.000000,561,7658
7660,NODE,n7660,2,n175,n7659,1,6.000000,14.000000,8.000000,6,1.00,NAND2_X1,0.724138,8.000000,175,7659
7661,NODE,n7661,2,n7656,n7660,2,9.000000,15.000000,6.000000,9,1.00,NAND2_X1,0.793103,6.000000,7656,7660
7662,NODE,n7662,2,pi09,n7661,2,10.000000,17.000000,7.000000,10,1.00,NAND2_X1,0.758621,7.000000,10,7661
7663,NODE,n7663,2,n40,n7160,1,8.000000,11.000000,3.000000,8,1.00,AND2_X1,0.896552,3.000000,40,7160
7664,NODE,n7664,2,n39,n7663,1,9.000000,12.000000,3.000000,9,1.00,AND2_X1,0.896552,3.000000,39,7663
7665,NODE,n7665,2,n36,n7664,1,10.000000,13.000000,3.000000,10,1.00,AND2_X1,0.896552,3.000000,36,7664
7666,NODE,n7666,2,n33,n7665,1,11.000000,14.000000,3.000000,11,1.00,AND2_X1,0.896552,3.000000,33,7665
7667,NODE,n7667,2,n62,n7666,1,12.000000,15.000000,3.000000,12,1.00,AND2_X1,0.896552,3.000000,62,7666
7668,NODE,n7668,2,n35,n7667,1,13.000000,16.000000,3.000000,13,1.00,AND2_X1,0.896552,3.000000,35,7667
7669,NODE,n7669,2,n379,n7668,1,14.000000,17.000000,3.000000,14,1.00,NAND2_X1,0.896552,3.000000,379,7668
7670,NODE,n7670,2,n7662,n7669,1,15.000000,18.000000,3.000000,15,1.00,NAND2_X1,0.896552,3.000000,7662,7669
7671,NODE,n7671,2,pi07,n7670,1,16.000000,19.000000,3.000000,16,1.00,NAND2_X1,0.896552,3.000000,8,7670
7672,NODE,n7672,2,pi00,n116,2,4.000000,6.000000,2.000000,4,1.00,NAND2_X1,0.931035,2.000000,1,116
7673,NODE,n7673,2,n3810,n7672,1,5.000000,7.000000,2.000000,5,1.00,AND2_X1,0.931035,2.000000,3810,7672
7674,NODE,n7674,2,pi04,n1780,1,4.000000,4.000000,0.000000,4,1.00,NAND2_X1,1.000000,0.000000,5,1780
7675,NODE,n7675,2,n5548,n7674,1,5.000000,5.000000,0.000000,5,1.00,NAND2_X1,1.000000,0.000000,5548,7674
7676,NODE,n7676,2,n78,n7675,1,6.000000,6.000000,0.000000,6,1.00,NAND2_X1,1.000000,0.000000,78,7675
7677,NODE,n7677,2,n1780,n1374,1,4.000000,6.000000,2.000000,4,1.00,NAND2_X1,0.931035,2.000000,1780,1374
7678,NODE,n7678,2,n7676,n7677,1,7.000000,7.000000,0.000000,7,1.00,AND2_X1,1.000000,0.000000,7676,7677
7679,NODE,n7679,2,n7673,n7678,1,8.000000,8.000000,0.000000,8,1.00,NAND2_X1,1.000000,0.000000,7673,7678
7680,NODE,n7680,2,n368,n7679,1,9.000000,9.000000,0.000000,9,1.00,NAND2_X1,1.000000,0.000000,368,7679
7681,NODE,n7681,2,pi05,n1221,1,3.000000,8.000000,5.000000,3,1.00,AND2_X1,0.827586,5.000000,6,1221
7682,NODE,n7682,2,n1374,n7681,1,4.000000,9.000000,5.000000,4,1.00,NAND2_X1,0.827586,5.000000,1374,7681
7683,NODE,n7683,2,n7680,n7682,1,10.000000,10.000000,0.000000,10,1.00,AND2_X1,1.000000,0.000000,7680,7682
7684,NODE,n7684,2,n116,n406,1,4.000000,6.000000,2.000000,4,1.00,NAND2_X1,0.931035,2.000000,116,406
7685,NODE,n7685,2,n4628,n7684,3,5.000000,7.000000,2.000000,5,1.00,NAND2_X1,0.931035,2.000000,4628,7684
7686,NODE,n7686,2,pi01,n7685,1,6.000000,9.000000,3.000000,6,1.00,AND2_X1,0.896552,3.000000,2,7685
7687,NODE,n7687,2,n78,n7686,1,7.000000,10.000000,3.000000,7,1.00,NAND2_X1,0.896552,3.000000,78,7686
7688,NODE,n7688,2,n7683,n7687,1,11.000000,11.000000,0.000000,11,1.00,AND2_X1,1.000000,0.000000,7683,7687
7689,NODE,n7689,2,pi02,n7685,1,6.000000,9.000000,3.000000,6,1.00,AND2_X1,0.896552,3.000000,3,7685
7690,NODE,n7690,2,n138,n7689,1,7.000000,10.000000,3.000000,7,1.00,AND2_X1,0.896552,3.000000,138,7689
7691,NODE,n7691,2,n78,n7690,1,8.000000,11.000000,3.000000,8,1.00,NAND2_X1,0.896552,3.000000,78,7690
7692,NODE,n7692,2,n7688,n7691,1,12.000000,12.000000,0.000000,12,1.00,AND2_X1,1.000000,0.000000,7688,7691
7693,NODE,n7693,2,pi03,n7685,1,6.000000,8.000000,2.000000,6,1.00,NAND2_X1,0.931035,2.000000,4,7685
7694,NODE,n7694,2,n156,n1216,1,5.000000,8.000000,3.000000,5,1.00,NAND2_X1,0.896552,3.000000,156,1216
7695,NODE,n7695,2,n7693,n7694,1,7.000000,9.000000,2.000000,7,1.00,NAND2_X1,0.931035,2.000000,7693,7694
7696,NODE,n7696,2,n154,n7695,1,8.000000,10.000000,2.000000,8,1.00,AND2_X1,0.931035,2.000000,154,7695
7697,NODE,n7697,2,n138,n7696,1,9.000000,11.000000,2.000000,9,1.00,AND2_X1,0.931035,2.000000,138,7696
7698,NODE,n7698,2,n78,n7697,1,10.000000,12.000000,2.000000,10,1.00,NAND2_X1,0.931035,2.000000,78,7697
7699,NODE,n7699,2,n7692,n7698,1,13.000000,13.000000,0.000000,13,1.00,NAND2_X1,1.000000,0.000000,7692,7698
7700,NODE,n7700,2,n40,n7699,1,14.000000,14.000000,0.000000,14,1.00,AND2_X1,1.000000,0.000000,40,7699
7701,NODE,n7701,2,n39,n7700,1,15.000000,15.000000,0.000000,15,1.00,AND2_X1,1.000000,0.000000,39,7700
7702,NODE,n7702,2,n36,n7701,1,16.000000,16.000000,0.000000,16,1.00,AND2_X1,1.000000,0.000000,36,7701
7703,NODE,n7703,2,n33,n7702,1,17.000000,17.000000,0.000000,17,1.00,AND2_X1,1.000000,0.000000,33,7702
7704,NODE,n7704,2,n62,n7703,1,18.000000,18.000000,0.000000,18,1.00,AND2_X1,1.000000,0.000000,62,7703
7705,NODE,n7705,2,n61,n7704,1,19.000000,19.000000,0.000000,19,1.00,NAND2_X1,1.000000,0.000000,61,7704
7706,NODE,n7706,2,n7671,n7705,1,20.000000,20.000000,0.000000,20,1.00,NAND2_X1,1.000000,0.000000,7671,7705
7707,NODE,n7707,2,pi15,n7706,1,21.000000,21.000000,0.000000,21,1.00,NAND2_X1,1.000000,0.000000,16,7706
7708,NODE,n7708,2,n7653,n7707,1,22.000000,22.000000,0.000000,22,1.00,NAND2_X1,1.000000,0.000000,7653,7707
7709,NODE,n7709,2,pi14,n7708,1,23.000000,23.000000,0.000000,23,1.00,NAND2_X1,1.000000,0.000000,15,7708
7710,NODE,n7710,2,n7643,n7709,1,24.000000,24.000000,0.000000,24,1.00,NAND2_X1,1.000000,0.000000,7643,7709
7711,NODE,n7711,2,pi07,n484,3,3.000000,7.000000,4.000000,3,1.00,AND2_X1,0.862069,4.000000,8,484
7712,NODE,n7712,2,n6592,n7711,1,4.000000,17.000000,13.000000,4,1.00,NAND2_X1,0.551724,13.000000,6592,7711
7713,NODE,n7713,2,n2211,n6595,1,5.000000,17.000000,12.000000,5,1.00,NAND2_X1,0.586207,12.000000,2211,6595
7714,NODE,n7714,2,n7712,n7713,1,6.000000,18.000000,12.000000,6,1.00,NAND2_X1,0.586207,12.000000,7712,7713
7715,NODE,n7715,2,pi15,n7714,1,7.000000,19.000000,12.000000,7,1.00,NAND2_X1,0.586207,12.000000,16,7714
7716,NODE,n7716,2,pi08,n7260,1,6.000000,10.000000,4.000000,6,1.00,NAND2_X1,0.862069,4.000000,9,7260
7717,NODE,n7717,1,n7237,,1,4.000000,7.000000,3.000000,4,1.00,INV_X1,0.896552,3.000000,7237,-1
7718,NODE,n7718,2,n7231,n7717,1,5.000000,8.000000,3.000000,5,1.00,AND2_X1,0.896552,3.000000,7231,7717
7719,NODE,n7719,2,pi10,n7243,1,4.000000,5.000000,1.000000,4,1.00,NAND2_X1,0.965517,1.000000,11,7243
7720,NODE,n7720,2,n7291,n7719,1,5.000000,6.000000,1.000000,5,1.00,NAND2_X1,0.965517,1.000000,7291,7719
7721,NODE,n7721,2,pi08,n7720,1,6.000000,7.000000,1.000000,6,1.00,NAND2_X1,0.965517,1.000000,9,7720
7722,NODE,n7722,2,n7242,n7721,1,7.000000,8.000000,1.000000,7,1.00,AND2_X1,0.965517,1.000000,7242,7721
7723,NODE,n7723,2,n7718,n7722,1,8.000000,9.000000,1.000000,8,1.00,AND2_X1,0.965517,1.000000,7718,7722
7724,NODE,n7724,2,n91,n6986,1,3.000000,6.000000,3.000000,3,1.00,NAND2_X1,0.896552,3.000000,91,6986
7725,NODE,n7725,2,n66,n6988,2,3.000000,6.000000,3.000000,3,1.00,NAND2_X1,0.896552,3.000000,66,6988
7726,NODE,n7726,2,n7724,n7725,1,4.000000,7.000000,3.000000,4,1.00,NAND2_X1,0.896552,3.000000,7724,7725
7727,NODE,n7727,2,pi08,n7726,1,5.000000,8.000000,3.000000,5,1.00,NAND2_X1,0.896552,3.000000,9,7726
7728,NODE,n7728,2,n7252,n7727,1,6.000000,9.000000,3.000000,6,1.00,AND2_X1,0.896552,3.000000,7252,7727
7729,NODE,n7729,2,n7723,n7728,1,9.000000,10.000000,1.000000,9,1.00,AND2_X1,0.965517,1.000000,7723,7728
7730,NODE,n7730,2,n7716,n7729,1,10.000000,11.000000,1.000000,10,1.00,NAND2_X1,0.965517,1.000000,7716,7729
7731,NODE,n7731,2,n790,n7730,2,11.000000,12.000000,1.000000,11,1.00,NAND2_X1,0.965517,1.000000,790,7730
7732,NODE,n7732,2,n6592,n6781,2,4.000000,15.000000,11.000000,4,1.00,NAND2_X1,0.620690,11.000000,6592,6781
7733,NODE,n7733,1,n7732,,1,5.000000,17.000000,12.000000,5,1.00,INV_X1,0.586207,12.000000,7732,-1
7734,NODE,n7734,2,n790,n7733,1,6.000000,18.000000,12.000000,6,1.00,NAND2_X1,0.586207,12.000000,790,7733
7735,NODE,n7735,2,n7731,n7734,1,12.000000,19.000000,7.000000,12,1.00,AND2_X1,0.758621,7.000000,7731,7734
7736,NODE,n7736,2,n7715,n7735,1,13.000000,20.000000,7.000000,13,1.00,NAND2_X1,0.758621,7.000000,7715,7735
7737,NODE,n7737,2,n90,n44,1,2.000000,17.000000,15.000000,2,1.00,AND2_X1,0.482759,15.000000,90,44
7738,NODE,n7738,2,n154,n7737,1,3.000000,18.000000,15.000000,3,1.00,AND2_X1,0.482759,15.000000,154,7737
7739,NODE,n7739,2,n619,n7738,1,4.000000,19.000000,15.000000,4,1.00,NAND2_X1,0.482759,15.000000,619,7738
7740,NODE,n7740,2,n4419,n7739,1,5.000000,20.000000,15.000000,5,1.00,NAND2_X1,0.482759,15.000000,4419,7739
7741,NODE,n7741,2,n7736,n7740,1,14.000000,21.000000,7.000000,14,1.00,NAND2_X1,0.758621,7.000000,7736,7740
7742,NODE,n7742,1,n7254,,1,7.000000,13.000000,6.000000,7,1.00,INV_X1,0.793103,6.000000,7254,-1
7743,NODE,n7743,1,n7245,,1,6.000000,12.000000,6.000000,6,1.00,INV_X1,0.793103,6.000000,7245,-1
7744,NODE,n7744,1,n4140,,1,4.000000,11.000000,7.000000,4,1.00,INV_X1,0.758621,7.000000,4140,-1
7745,NODE,n7745,2,pi08,n7009,1,4.000000,10.000000,6.000000,4,1.00,NAND2_X1,0.793103,6.000000,9,7009
7746,NODE,n7746,2,n35,n130,1,4.000000,10.000000,6.000000,4,1.00,NAND2_X1,0.793103,6.000000,35,130
7747,NODE,n7747,2,n7745,n7746,1,5.000000,11.000000,6.000000,5,1.00,AND2_X1,0.793103,6.000000,7745,7746
7748,NODE,n7748,2,n7744,n7747,1,6.000000,12.000000,6.000000,6,1.00,AND2_X1,0.793103,6.000000,7744,7747
7749,NODE,n7749,2,n7743,n7748,1,7.000000,13.000000,6.000000,7,1.00,AND2_X1,0.793103,6.000000,7743,7748
7750,NODE,n7750,2,n7742,n7749,1,8.000000,14.000000,6.000000,8,1.00,NAND2_X1,0.793103,6.000000,7742,7749
7751,NODE,n7751,2,pi15,n7750,1,9.000000,15.000000,6.000000,9,1.00,NAND2_X1,0.793103,6.000000,16,7750
7752,NODE,n7752,2,n1457,n7538,3,4.000000,5.000000,1.000000,4,1.00,NAND2_X1,0.965517,1.000000,1457,7538
7753,NODE,n7753,2,n7751,n7752,1,10.000000,16.000000,6.000000,10,1.00,AND2_X1,0.793103,6.000000,7751,7752
7754,NODE,n7754,2,n91,n7538,2,4.000000,8.000000,4.000000,4,1.00,NAND2_X1,0.862069,4.000000,91,7538
7755,NODE,n7755,2,n7114,n7754,1,5.000000,13.000000,8.000000,5,1.00,NAND2_X1,0.724138,8.000000,7114,7754
7756,NODE,n7756,2,n62,n7755,1,6.000000,14.000000,8.000000,6,1.00,AND2_X1,0.724138,8.000000,62,7755
7757,NODE,n7757,2,pi08,n7756,1,7.000000,15.000000,8.000000,7,1.00,NAND2_X1,0.724138,8.000000,9,7756
7758,NODE,n7758,2,n3333,n7636,1,5.000000,15.000000,10.000000,5,1.00,NAND2_X1,0.655172,10.000000,3333,7636
7759,NODE,n7759,2,n7757,n7758,1,8.000000,16.000000,8.000000,8,1.00,AND2_X1,0.724138,8.000000,7757,7758
7760,NODE,n7760,2,n7753,n7759,1,11.000000,17.000000,6.000000,11,1.00,AND2_X1,0.793103,6.000000,7753,7759
7761,NODE,n7761,2,n7076,n7732,1,6.000000,16.000000,10.000000,6,1.00,NAND2_X1,0.655172,10.000000,7076,7732
7762,NODE,n7762,2,pi15,n7761,1,7.000000,17.000000,10.000000,7,1.00,NAND2_X1,0.655172,10.000000,16,7761
7763,NODE,n7763,2,n7760,n7762,1,12.000000,18.000000,6.000000,12,1.00,NAND2_X1,0.793103,6.000000,7760,7762
7764,NODE,n7764,2,n44,n7763,1,13.000000,19.000000,6.000000,13,1.00,NAND2_X1,0.793103,6.000000,44,7763
7765,NODE,n7765,2,n6918,n7067,1,6.000000,19.000000,13.000000,6,1.00,NAND2_X1,0.551724,13.000000,6918,7067
7766,NODE,n7766,2,n7764,n7765,1,14.000000,20.000000,6.000000,14,1.00,AND2_X1,0.793103,6.000000,7764,7765
7767,NODE,n7767,2,n40,n794,1,6.000000,6.000000,0.000000,6,1.00,NAND2_X1,1.000000,0.000000,40,794
7768,NODE,n7768,2,n6997,n7767,1,7.000000,7.000000,0.000000,7,1.00,NAND2_X1,1.000000,0.000000,6997,7767
7769,NODE,n7769,2,n39,n7768,1,8.000000,8.000000,0.000000,8,1.00,NAND2_X1,1.000000,0.000000,39,7768
7770,NODE,n7770,2,n6973,n7769,1,9.000000,9.000000,0.000000,9,1.00,NAND2_X1,1.000000,0.000000,6973,7769
7771,NODE,n7771,2,n36,n7770,1,10.000000,10.000000,0.000000,10,1.00,NAND2_X1,1.000000,0.000000,36,7770
7772,NODE,n7772,2,pi11,n790,1,2.000000,10.000000,8.000000,2,1.00,NAND2_X1,0.724138,8.000000,12,790
7773,NODE,n7773,2,n7771,n7772,1,11.000000,11.000000,0.000000,11,1.00,NAND2_X1,1.000000,0.000000,7771,7772
7774,NODE,n7774,2,n33,n7773,1,12.000000,12.000000,0.000000,12,1.00,NAND2_X1,1.000000,0.000000,33,7773
7775,NODE,n7775,2,n3507,n7774,1,13.000000,13.000000,0.000000,13,1.00,NAND2_X1,1.000000,0.000000,3507,7774
7776,NODE,n7776,2,n61,n7775,1,14.000000,14.000000,0.000000,14,1.00,NAND2_X1,1.000000,0.000000,61,7775
7777,NODE,n7777,1,n7731,,1,12.000000,13.000000,1.000000,12,1.00,INV_X1,0.965517,1.000000,7731,-1
7778,NODE,n7778,2,pi07,n7777,1,13.000000,14.000000,1.000000,13,1.00,NAND2_X1,0.965517,1.000000,8,7777
7779,NODE,n7779,2,n7776,n7778,1,15.000000,15.000000,0.000000,15,1.00,NAND2_X1,1.000000,0.000000,7776,7778
7780,NODE,n7780,2,pi14,n7779,1,16.000000,16.000000,0.000000,16,1.00,AND2_X1,1.000000,0.000000,15,7779
7781,NODE,n7781,2,n90,n7780,1,17.000000,17.000000,0.000000,17,1.00,AND2_X1,1.000000,0.000000,90,7780
7782,NODE,n7782,2,n154,n7781,1,18.000000,18.000000,0.000000,18,1.00,AND2_X1,1.000000,0.000000,154,7781
7783,NODE,n7783,2,n138,n7782,1,19.000000,19.000000,0.000000,19,1.00,AND2_X1,1.000000,0.000000,138,7782
7784,NODE,n7784,2,n78,n7783,1,20.000000,20.000000,0.000000,20,1.00,NAND2_X1,1.000000,0.000000,78,7783
7785,NODE,n7785,2,n7766,n7784,1,21.000000,21.000000,0.000000,21,1.00,AND2_X1,1.000000,0.000000,7766,7784
7786,NODE,n7786,2,n7741,n7785,1,22.000000,22.000000,0.000000,22,1.00,AND2_X1,1.000000,0.000000,7741,7785
7787,NODE,n7787,2,n2155,n2504,1,6.000000,10.000000,4.000000,6,1.00,NAND2_X1,0.862069,4.000000,2155,2504
7788,NODE,n7788,2,n35,n1107,2,3.000000,8.000000,5.000000,3,1.00,NAND2_X1,0.827586,5.000000,35,1107
7789,NODE,n7789,1,n7788,,1,4.000000,9.000000,5.000000,4,1.00,INV_X1,0.827586,5.000000,7788,-1
7790,NODE,n7790,2,n570,n7789,1,5.000000,10.000000,5.000000,5,1.00,NAND2_X1,0.827586,5.000000,570,7789
7791,NODE,n7791,2,n7787,n7790,1,7.000000,11.000000,4.000000,7,1.00,NAND2_X1,0.862069,4.000000,7787,7790
7792,NODE,n7792,2,n78,n7791,1,8.000000,12.000000,4.000000,8,1.00,NAND2_X1,0.862069,4.000000,78,7791
7793,NODE,n7793,2,pi00,n2155,1,4.000000,11.000000,7.000000,4,1.00,AND2_X1,0.758621,7.000000,1,2155
7794,NODE,n7794,2,n2504,n7793,1,6.000000,12.000000,6.000000,6,1.00,NAND2_X1,0.793103,6.000000,2504,7793
7795,NODE,n7795,2,n7792,n7794,1,9.000000,13.000000,4.000000,9,1.00,AND2_X1,0.862069,4.000000,7792,7794
7796,NODE,n7796,2,n138,n1574,1,4.000000,7.000000,3.000000,4,1.00,NAND2_X1,0.896552,3.000000,138,1574
7797,NODE,n7797,2,pi01,n1426,1,4.000000,7.000000,3.000000,4,1.00,NAND2_X1,0.896552,3.000000,2,1426
7798,NODE,n7798,2,n7796,n7797,1,5.000000,8.000000,3.000000,5,1.00,NAND2_X1,0.896552,3.000000,7796,7797
7799,NODE,n7799,2,pi00,n7798,1,6.000000,9.000000,3.000000,6,1.00,NAND2_X1,0.896552,3.000000,1,7798
7800,NODE,n7800,2,n653,n1426,1,4.000000,9.000000,5.000000,4,1.00,NAND2_X1,0.827586,5.000000,653,1426
7801,NODE,n7801,2,n7799,n7800,1,7.000000,10.000000,3.000000,7,1.00,NAND2_X1,0.896552,3.000000,7799,7800
7802,NODE,n7802,2,pi09,n7801,1,8.000000,11.000000,3.000000,8,1.00,AND2_X1,0.896552,3.000000,10,7801
7803,NODE,n7803,2,n35,n7802,1,9.000000,12.000000,3.000000,9,1.00,AND2_X1,0.896552,3.000000,35,7802
7804,NODE,n7804,2,pi07,n7803,1,10.000000,13.000000,3.000000,10,1.00,NAND2_X1,0.896552,3.000000,8,7803
7805,NODE,n7805,2,n7795,n7804,1,11.000000,14.000000,3.000000,11,1.00,AND2_X1,0.896552,3.000000,7795,7804
7806,NODE,n7806,2,n1574,n1701,1,4.000000,8.000000,4.000000,4,1.00,NAND2_X1,0.862069,4.000000,1574,1701
7807,NODE,n7807,2,n177,n1426,1,4.000000,8.000000,4.000000,4,1.00,NAND2_X1,0.862069,4.000000,177,1426
7808,NODE,n7808,2,n7806,n7807,1,5.000000,9.000000,4.000000,5,1.00,NAND2_X1,0.862069,4.000000,7806,7807
7809,NODE,n7809,2,pi00,n7808,1,6.000000,10.000000,4.000000,6,1.00,NAND2_X1,0.862069,4.000000,1,7808
7810,NODE,n7810,1,n6377,,1,5.000000,9.000000,4.000000,5,1.00,INV_X1,0.862069,4.000000,6377,-1
7811,NODE,n7811,2,n619,n7810,1,6.000000,10.000000,4.000000,6,1.00,NAND2_X1,0.862069,4.000000,619,7810
7812,NODE,n7812,2,n7809,n7811,1,7.000000,11.000000,4.000000,7,1.00,NAND2_X1,0.862069,4.000000,7809,7811
7813,NODE,n7813,2,pi09,n7812,1,8.000000,12.000000,4.000000,8,1.00,AND2_X1,0.862069,4.000000,10,7812
7814,NODE,n7814,2,n35,n7813,1,9.000000,13.000000,4.000000,9,1.00,AND2_X1,0.862069,4.000000,35,7813
7815,NODE,n7815,2,pi07,n7814,1,10.000000,14.000000,4.000000,10,1.00,NAND2_X1,0.862069,4.000000,8,7814
7816,NODE,n7816,2,n7805,n7815,1,12.000000,15.000000,3.000000,12,1.00,AND2_X1,0.896552,3.000000,7805,7815
7817,NODE,n7817,2,pi09,n7374,1,5.000000,9.000000,4.000000,5,1.00,NAND2_X1,0.862069,4.000000,10,7374
7818,NODE,n7818,2,n687,n3617,1,5.000000,9.000000,4.000000,5,1.00,NAND2_X1,0.862069,4.000000,687,3617
7819,NODE,n7819,2,n7817,n7818,1,6.000000,10.000000,4.000000,6,1.00,NAND2_X1,0.862069,4.000000,7817,7818
7820,NODE,n7820,2,n154,n7819,1,7.000000,11.000000,4.000000,7,1.00,AND2_X1,0.862069,4.000000,154,7819
7821,NODE,n7821,2,n138,n7820,1,8.000000,12.000000,4.000000,8,1.00,NAND2_X1,0.862069,4.000000,138,7820
7822,NODE,n7822,2,n231,n1107,1,4.000000,11.000000,7.000000,4,1.00,AND2_X1,0.758621,7.000000,231,1107
7823,NODE,n7823,2,n561,n7822,1,5.000000,12.000000,7.000000,5,1.00,NAND2_X1,0.758621,7.000000,561,7822
7824,NODE,n7824,2,n7821,n7823,1,9.000000,13.000000,4.000000,9,1.00,NAND2_X1,0.862069,4.000000,7821,7823
7825,NODE,n7825,2,n35,n7824,1,10.000000,14.000000,4.000000,10,1.00,AND2_X1,0.862069,4.000000,35,7824
7826,NODE,n7826,2,pi07,n7825,1,11.000000,15.000000,4.000000,11,1.00,NAND2_X1,0.862069,4.000000,8,7825
7827,NODE,n7827,2,n7816,n7826,1,13.000000,16.000000,3.000000,13,1.00,NAND2_X1,0.896552,3.000000,7816,7826
7828,NODE,n7828,2,n40,n7827,1,14.000000,17.000000,3.000000,14,1.00,AND2_X1,0.896552,3.000000,40,7827
7829,NODE,n7829,2,n39,n7828,1,15.000000,18.000000,3.000000,15,1.00,AND2_X1,0.896552,3.000000,39,7828
7830,NODE,n7830,2,n36,n7829,1,16.000000,19.000000,3.000000,16,1.00,AND2_X1,0.896552,3.000000,36,7829
7831,NODE,n7831,2,n33,n7830,1,17.000000,20.000000,3.000000,17,1.00,NAND2_X1,0.896552,3.000000,33,7830
7832,NODE,n7832,2,n2159,n1926,1,5.000000,11.000000,6.000000,5,1.00,AND2_X1,0.793103,6.000000,2159,1926
7833,NODE,n7833,2,n90,n7832,3,6.000000,12.000000,6.000000,6,1.00,AND2_X1,0.793103,6.000000,90,7832
7834,NODE,n7834,2,n951,n1333,2,3.000000,18.000000,15.000000,3,1.00,AND2_X1,0.482759,15.000000,951,1333
7835,NODE,n7835,2,n7833,n7834,2,7.000000,19.000000,12.000000,7,1.00,NAND2_X1,0.586207,12.000000,7833,7834
7836,NODE,n7836,2,n7831,n7835,1,18.000000,21.000000,3.000000,18,1.00,NAND2_X1,0.896552,3.000000,7831,7835
7837,NODE,n7837,2,pi14,n7836,1,19.000000,22.000000,3.000000,19,1.00,NAND2_X1,0.896552,3.000000,15,7836
7838,NODE,n7838,2,n7786,n7837,1,23.000000,23.000000,0.000000,23,1.00,AND2_X1,1.000000,0.000000,7786,7837
7839,NODE,n7839,2,n265,n788,2,4.000000,8.000000,4.000000,4,1.00,NAND2_X1,0.862069,4.000000,265,788
7840,NODE,n7840,2,n534,n792,1,4.000000,8.000000,4.000000,4,1.00,NAND2_X1,0.862069,4.000000,534,792
7841,NODE,n7841,2,n7839,n7840,1,5.000000,9.000000,4.000000,5,1.00,NAND2_X1,0.862069,4.000000,7839,7840
7842,NODE,n7842,2,pi04,n7841,1,6.000000,10.000000,4.000000,6,1.00,NAND2_X1,0.862069,4.000000,5,7841
7843,NODE,n7843,2,n116,n5054,1,4.000000,10.000000,6.000000,4,1.00,NAND2_X1,0.793103,6.000000,116,5054
7844,NODE,n7844,2,n7842,n7843,1,7.000000,11.000000,4.000000,7,1.00,NAND2_X1,0.862069,4.000000,7842,7843
7845,NODE,n7845,2,n35,n7844,1,8.000000,12.000000,4.000000,8,1.00,NAND2_X1,0.862069,4.000000,35,7844
7846,NODE,n7846,2,n2504,n3936,1,6.000000,12.000000,6.000000,6,1.00,NAND2_X1,0.793103,6.000000,2504,3936
7847,NODE,n7847,2,n7845,n7846,1,9.000000,13.000000,4.000000,9,1.00,AND2_X1,0.862069,4.000000,7845,7846
7848,NODE,n7848,1,n7672,,1,5.000000,12.000000,7.000000,5,1.00,INV_X1,0.758621,7.000000,7672,-1
7849,NODE,n7849,2,n689,n788,1,4.000000,12.000000,8.000000,4,1.00,AND2_X1,0.724138,8.000000,689,788
7850,NODE,n7850,2,n7848,n7849,1,6.000000,13.000000,7.000000,6,1.00,NAND2_X1,0.758621,7.000000,7848,7849
7851,NODE,n7851,2,n7847,n7850,1,10.000000,14.000000,4.000000,10,1.00,AND2_X1,0.862069,4.000000,7847,7850
7852,NODE,n7852,2,n545,n2890,1,4.000000,9.000000,5.000000,4,1.00,NAND2_X1,0.827586,5.000000,545,2890
7853,NODE,n7853,2,n312,n3735,1,4.000000,9.000000,5.000000,4,1.00,NAND2_X1,0.827586,5.000000,312,3735
7854,NODE,n7854,2,n7852,n7853,1,5.000000,10.000000,5.000000,5,1.00,NAND2_X1,0.827586,5.000000,7852,7853
7855,NODE,n7855,2,pi15,n7854,1,6.000000,11.000000,5.000000,6,1.00,AND2_X1,0.827586,5.000000,16,7854
7856,NODE,n7856,2,n35,n7855,1,7.000000,12.000000,5.000000,7,1.00,AND2_X1,0.827586,5.000000,35,7855
7857,NODE,n7857,2,n34,n7856,1,8.000000,13.000000,5.000000,8,1.00,AND2_X1,0.827586,5.000000,34,7856
7858,NODE,n7858,2,n78,n7857,1,9.000000,14.000000,5.000000,9,1.00,NAND2_X1,0.827586,5.000000,78,7857
7859,NODE,n7859,2,n7851,n7858,1,11.000000,15.000000,4.000000,11,1.00,AND2_X1,0.862069,4.000000,7851,7858
7860,NODE,n7860,2,n1555,n1535,1,4.000000,8.000000,4.000000,4,1.00,NAND2_X1,0.862069,4.000000,1555,1535
7861,NODE,n7861,2,n284,n1557,1,4.000000,8.000000,4.000000,4,1.00,NAND2_X1,0.862069,4.000000,284,1557
7862,NODE,n7862,2,n7860,n7861,1,5.000000,9.000000,4.000000,5,1.00,NAND2_X1,0.862069,4.000000,7860,7861
7863,NODE,n7863,2,n618,n7862,1,6.000000,10.000000,4.000000,6,1.00,NAND2_X1,0.862069,4.000000,618,7862
7864,NODE,n7864,2,n2019,n5521,2,6.000000,8.000000,2.000000,6,1.00,NAND2_X1,0.931035,2.000000,2019,5521
7865,NODE,n7865,2,n7863,n7864,1,7.000000,11.000000,4.000000,7,1.00,NAND2_X1,0.862069,4.000000,7863,7864
7866,NODE,n7866,2,pi09,n7865,1,8.000000,12.000000,4.000000,8,1.00,AND2_X1,0.862069,4.000000,10,7865
7867,NODE,n7867,2,n61,n7866,1,9.000000,13.000000,4.000000,9,1.00,NAND2_X1,0.862069,4.000000,61,7866
7868,NODE,n7868,1,n7839,,1,5.000000,12.000000,7.000000,5,1.00,INV_X1,0.758621,7.000000,7839,-1
7869,NODE,n7869,2,n4155,n7868,1,6.000000,13.000000,7.000000,6,1.00,NAND2_X1,0.758621,7.000000,4155,7868
7870,NODE,n7870,2,n7867,n7869,1,10.000000,14.000000,4.000000,10,1.00,NAND2_X1,0.862069,4.000000,7867,7869
7871,NODE,n7871,2,n35,n7870,1,11.000000,15.000000,4.000000,11,1.00,NAND2_X1,0.862069,4.000000,35,7870
7872,NODE,n7872,2,n7859,n7871,1,12.000000,16.000000,4.000000,12,1.00,AND2_X1,0.862069,4.000000,7859,7871
7873,NODE,n7873,2,n138,n258,1,4.000000,7.000000,3.000000,4,1.00,AND2_X1,0.896552,3.000000,138,258
7874,NODE,n7874,2,n34,n545,1,4.000000,7.000000,3.000000,4,1.00,AND2_X1,0.896552,3.000000,34,545
7875,NODE,n7875,2,n7873,n7874,1,5.000000,8.000000,3.000000,5,1.00,NAND2_X1,0.896552,3.000000,7873,7874
7876,NODE,n7876,2,pi05,n312,1,4.000000,7.000000,3.000000,4,1.00,AND2_X1,0.896552,3.000000,6,312
7877,NODE,n7877,2,n2908,n7876,1,5.000000,8.000000,3.000000,5,1.00,NAND2_X1,0.896552,3.000000,2908,7876
7878,NODE,n7878,2,n7875,n7877,1,6.000000,9.000000,3.000000,6,1.00,NAND2_X1,0.896552,3.000000,7875,7877
7879,NODE,n7879,2,n78,n7878,1,7.000000,10.000000,3.000000,7,1.00,NAND2_X1,0.896552,3.000000,78,7878
7880,NODE,n7880,2,pi01,n2701,1,4.000000,5.000000,1.000000,4,1.00,NAND2_X1,0.965517,1.000000,2,2701
7881,NODE,n7881,2,n3769,n7880,1,5.000000,6.000000,1.000000,5,1.00,NAND2_X1,0.965517,1.000000,3769,7880
7882,NODE,n7882,2,pi09,n7881,1,6.000000,7.000000,1.000000,6,1.00,AND2_X1,0.965517,1.000000,10,7881
7883,NODE,n7883,2,pi04,n7882,1,7.000000,8.000000,1.000000,7,1.00,AND2_X1,0.965517,1.000000,5,7882
7884,NODE,n7884,2,pi02,n7883,1,8.000000,9.000000,1.000000,8,1.00,AND2_X1,0.965517,1.000000,3,7883
7885,NODE,n7885,2,pi00,n7884,1,9.000000,10.000000,1.000000,9,1.00,NAND2_X1,0.965517,1.000000,1,7884
7886,NODE,n7886,2,n7879,n7885,1,10.000000,11.000000,1.000000,10,1.00,NAND2_X1,0.965517,1.000000,7879,7885
7887,NODE,n7887,2,pi15,n7886,1,11.000000,12.000000,1.000000,11,1.00,NAND2_X1,0.965517,1.000000,16,7886
7888,NODE,n7888,2,pi05,n3595,1,5.000000,10.000000,5.000000,5,1.00,AND2_X1,0.827586,5.000000,6,3595
7889,NODE,n7889,2,n54,n7888,1,6.000000,11.000000,5.000000,6,1.00,AND2_X1,0.827586,5.000000,54,7888
7890,NODE,n7890,2,n154,n7889,1,7.000000,12.000000,5.000000,7,1.00,NAND2_X1,0.827586,5.000000,154,7889
7891,NODE,n7891,2,n7887,n7890,1,12.000000,13.000000,1.000000,12,1.00,NAND2_X1,0.965517,1.000000,7887,7890
7892,NODE,n7892,2,pi03,n7891,1,13.000000,14.000000,1.000000,13,1.00,NAND2_X1,0.965517,1.000000,4,7891
7893,NODE,n7893,2,n618,n4896,1,6.000000,9.000000,3.000000,6,1.00,NAND2_X1,0.896552,3.000000,618,4896
7894,NODE,n7894,1,n4895,,1,5.000000,5.000000,0.000000,5,1.00,INV_X1,1.000000,0.000000,4895,-1
7895,NODE,n7895,2,n619,n7894,2,6.000000,6.000000,0.000000,6,1.00,NAND2_X1,1.000000,0.000000,619,7894
7896,NODE,n7896,2,n7893,n7895,1,7.000000,10.000000,3.000000,7,1.00,NAND2_X1,0.896552,3.000000,7893,7895
7897,NODE,n7897,2,pi09,n7896,1,8.000000,11.000000,3.000000,8,1.00,AND2_X1,0.896552,3.000000,10,7896
7898,NODE,n7898,2,n61,n7897,1,9.000000,12.000000,3.000000,9,1.00,AND2_X1,0.896552,3.000000,61,7897
7899,NODE,n7899,2,n34,n7898,1,10.000000,13.000000,3.000000,10,1.00,AND2_X1,0.896552,3.000000,34,7898
7900,NODE,n7900,2,n90,n7899,1,11.000000,14.000000,3.000000,11,1.00,NAND2_X1,0.896552,3.000000,90,7899
7901,NODE,n7901,2,n7892,n7900,1,14.000000,15.000000,1.000000,14,1.00,NAND2_X1,0.965517,1.000000,7892,7900
7902,NODE,n7902,2,n35,n7901,1,15.000000,16.000000,1.000000,15,1.00,NAND2_X1,0.965517,1.000000,35,7901
7903,NODE,n7903,2,n7872,n7902,1,16.000000,17.000000,1.000000,16,1.00,NAND2_X1,0.965517,1.000000,7872,7902
7904,NODE,n7904,2,n40,n7903,1,17.000000,18.000000,1.000000,17,1.00,AND2_X1,0.965517,1.000000,40,7903
7905,NODE,n7905,2,n39,n7904,1,18.000000,19.000000,1.000000,18,1.00,AND2_X1,0.965517,1.000000,39,7904
7906,NODE,n7906,2,n36,n7905,1,19.000000,20.000000,1.000000,19,1.00,AND2_X1,0.965517,1.000000,36,7905
7907,NODE,n7907,2,n33,n7906,1,20.000000,21.000000,1.000000,20,1.00,NAND2_X1,0.965517,1.000000,33,7906
7908,NODE,n7908,1,n3957,,1,5.000000,10.000000,5.000000,5,1.00,INV_X1,0.827586,5.000000,3957,-1
7909,NODE,n7909,2,n1926,n7908,2,6.000000,11.000000,5.000000,6,1.00,AND2_X1,0.827586,5.000000,1926,7908
7910,NODE,n7910,2,n7834,n7909,3,7.000000,19.000000,12.000000,7,1.00,NAND2_X1,0.586207,12.000000,7834,7909
7911,NODE,n7911,2,n7907,n7910,1,21.000000,22.000000,1.000000,21,1.00,NAND2_X1,0.965517,1.000000,7907,7910
7912,NODE,n7912,2,pi14,n7911,1,22.000000,23.000000,1.000000,22,1.00,NAND2_X1,0.965517,1.000000,15,7911
7913,NODE,n7913,2,n7838,n7912,1,24.000000,24.000000,0.000000,24,1.00,AND2_X1,1.000000,0.000000,7838,7912
7914,NODE,n7914,2,pi00,n463,1,4.000000,6.000000,2.000000,4,1.00,NAND2_X1,0.931035,2.000000,1,463
7915,NODE,n7915,2,n78,n500,1,4.000000,6.000000,2.000000,4,1.00,NAND2_X1,0.931035,2.000000,78,500
7916,NODE,n7916,2,n7914,n7915,1,5.000000,7.000000,2.000000,5,1.00,AND2_X1,0.931035,2.000000,7914,7915
7917,NODE,n7917,2,n78,n738,1,4.000000,5.000000,1.000000,4,1.00,NAND2_X1,0.965517,1.000000,78,738
7918,NODE,n7918,2,pi00,n2799,1,4.000000,5.000000,1.000000,4,1.00,NAND2_X1,0.965517,1.000000,1,2799
7919,NODE,n7919,2,n7917,n7918,1,5.000000,6.000000,1.000000,5,1.00,NAND2_X1,0.965517,1.000000,7917,7918
7920,NODE,n7920,2,pi05,n7919,1,6.000000,7.000000,1.000000,6,1.00,NAND2_X1,0.965517,1.000000,6,7919
7921,NODE,n7921,2,n7916,n7920,1,7.000000,8.000000,1.000000,7,1.00,AND2_X1,0.965517,1.000000,7916,7920
7922,NODE,n7922,2,pi03,n441,1,4.000000,4.000000,0.000000,4,1.00,NAND2_X1,1.000000,0.000000,4,441
7923,NODE,n7923,2,n90,n4715,1,3.000000,4.000000,1.000000,3,1.00,NAND2_X1,0.965517,1.000000,90,4715
7924,NODE,n7924,2,n7922,n7923,1,5.000000,5.000000,0.000000,5,1.00,NAND2_X1,1.000000,0.000000,7922,7923
7925,NODE,n7925,2,n78,n7924,1,6.000000,6.000000,0.000000,6,1.00,NAND2_X1,1.000000,0.000000,78,7924
7926,NODE,n7926,2,n101,n441,1,4.000000,6.000000,2.000000,4,1.00,NAND2_X1,0.931035,2.000000,101,441
7927,NODE,n7927,2,n7925,n7926,1,7.000000,7.000000,0.000000,7,1.00,NAND2_X1,1.000000,0.000000,7925,7926
7928,NODE,n7928,2,pi05,n7927,1,8.000000,8.000000,0.000000,8,1.00,NAND2_X1,1.000000,0.000000,6,7927
7929,NODE,n7929,2,n7921,n7928,1,9.000000,9.000000,0.000000,9,1.00,NAND2_X1,1.000000,0.000000,7921,7928
7930,NODE,n7930,2,n368,n7929,1,10.000000,10.000000,0.000000,10,1.00,NAND2_X1,1.000000,0.000000,368,7929
7931,NODE,n7931,2,n1221,n4924,1,5.000000,10.000000,5.000000,5,1.00,NAND2_X1,0.827586,5.000000,1221,4924
7932,NODE,n7932,2,n7930,n7931,1,11.000000,11.000000,0.000000,11,1.00,AND2_X1,1.000000,0.000000,7930,7931
7933,NODE,n7933,2,n231,n406,1,4.000000,6.000000,2.000000,4,1.00,NAND2_X1,0.931035,2.000000,231,406
7934,NODE,n7934,2,n125,n1221,1,3.000000,6.000000,3.000000,3,1.00,NAND2_X1,0.896552,3.000000,125,1221
7935,NODE,n7935,2,n7933,n7934,2,5.000000,7.000000,2.000000,5,1.00,NAND2_X1,0.931035,2.000000,7933,7934
7936,NODE,n7936,2,pi05,n7935,1,6.000000,9.000000,3.000000,6,1.00,AND2_X1,0.896552,3.000000,6,7935
7937,NODE,n7937,2,pi01,n7936,1,7.000000,10.000000,3.000000,7,1.00,AND2_X1,0.896552,3.000000,2,7936
7938,NODE,n7938,2,n78,n7937,1,8.000000,11.000000,3.000000,8,1.00,NAND2_X1,0.896552,3.000000,78,7937
7939,NODE,n7939,2,n7932,n7938,1,12.000000,12.000000,0.000000,12,1.00,AND2_X1,1.000000,0.000000,7932,7938
7940,NODE,n7940,2,pi02,n7935,1,6.000000,8.000000,2.000000,6,1.00,NAND2_X1,0.931035,2.000000,3,7935
7941,NODE,n7941,1,n5843,,1,4.000000,7.000000,3.000000,4,1.00,INV_X1,0.896552,3.000000,5843,-1
7942,NODE,n7942,2,n321,n7941,1,5.000000,8.000000,3.000000,5,1.00,NAND2_X1,0.896552,3.000000,321,7941
7943,NODE,n7943,2,n7940,n7942,1,7.000000,9.000000,2.000000,7,1.00,NAND2_X1,0.931035,2.000000,7940,7942
7944,NODE,n7944,2,pi05,n7943,1,8.000000,10.000000,2.000000,8,1.00,AND2_X1,0.931035,2.000000,6,7943
7945,NODE,n7945,2,n138,n7944,1,9.000000,11.000000,2.000000,9,1.00,AND2_X1,0.931035,2.000000,138,7944
7946,NODE,n7946,2,n78,n7945,1,10.000000,12.000000,2.000000,10,1.00,NAND2_X1,0.931035,2.000000,78,7945
7947,NODE,n7947,2,n7939,n7946,1,13.000000,13.000000,0.000000,13,1.00,NAND2_X1,1.000000,0.000000,7939,7946
7948,NODE,n7948,2,n40,n7947,1,14.000000,14.000000,0.000000,14,1.00,AND2_X1,1.000000,0.000000,40,7947
7949,NODE,n7949,2,n39,n7948,1,15.000000,15.000000,0.000000,15,1.00,AND2_X1,1.000000,0.000000,39,7948
7950,NODE,n7950,2,n36,n7949,1,16.000000,16.000000,0.000000,16,1.00,AND2_X1,1.000000,0.000000,36,7949
7951,NODE,n7951,2,n33,n7950,1,17.000000,17.000000,0.000000,17,1.00,AND2_X1,1.000000,0.000000,33,7950
7952,NODE,n7952,2,n62,n7951,1,18.000000,18.000000,0.000000,18,1.00,NAND2_X1,1.000000,0.000000,62,7951
7953,NODE,n7953,2,n7662,n7952,1,19.000000,19.000000,0.000000,19,1.00,NAND2_X1,1.000000,0.000000,7662,7952
7954,NODE,n7954,2,pi15,n7953,1,20.000000,20.000000,0.000000,20,1.00,NAND2_X1,1.000000,0.000000,16,7953
7955,NODE,n7955,2,pi06,n615,1,5.000000,12.000000,7.000000,5,1.00,NAND2_X1,0.758621,7.000000,7,615
7956,NODE,n7956,2,n5046,n7955,1,6.000000,13.000000,7.000000,6,1.00,NAND2_X1,0.758621,7.000000,5046,7955
7957,NODE,n7957,2,n790,n7956,1,7.000000,14.000000,7.000000,7,1.00,AND2_X1,0.758621,7.000000,790,7956
7958,NODE,n7958,2,n40,n7957,1,8.000000,15.000000,7.000000,8,1.00,AND2_X1,0.758621,7.000000,40,7957
7959,NODE,n7959,2,n39,n7958,1,9.000000,16.000000,7.000000,9,1.00,AND2_X1,0.758621,7.000000,39,7958
7960,NODE,n7960,2,n36,n7959,1,10.000000,17.000000,7.000000,10,1.00,AND2_X1,0.758621,7.000000,36,7959
7961,NODE,n7961,2,n33,n7960,1,11.000000,18.000000,7.000000,11,1.00,AND2_X1,0.758621,7.000000,33,7960
7962,NODE,n7962,2,n62,n7961,1,12.000000,19.000000,7.000000,12,1.00,AND2_X1,0.758621,7.000000,62,7961
7963,NODE,n7963,2,pi08,n7962,1,13.000000,20.000000,7.000000,13,1.00,NAND2_X1,0.758621,7.000000,9,7962
7964,NODE,n7964,2,n7954,n7963,1,21.000000,21.000000,0.000000,21,1.00,NAND2_X1,1.000000,0.000000,7954,7963
7965,NODE,n7965,2,pi07,n7964,1,22.000000,22.000000,0.000000,22,1.00,NAND2_X1,1.000000,0.000000,8,7964
7966,NODE,n7966,2,n4887,n5686,1,5.000000,12.000000,7.000000,5,1.00,NAND2_X1,0.758621,7.000000,4887,5686
7967,NODE,n7967,2,n1926,n6643,1,5.000000,12.000000,7.000000,5,1.00,NAND2_X1,0.758621,7.000000,1926,6643
7968,NODE,n7968,2,n7966,n7967,1,6.000000,13.000000,7.000000,6,1.00,NAND2_X1,0.758621,7.000000,7966,7967
7969,NODE,n7969,2,n790,n7482,1,7.000000,13.000000,6.000000,7,1.00,NAND2_X1,0.793103,6.000000,790,7482
7970,NODE,n7970,2,n7968,n7969,1,8.000000,14.000000,6.000000,8,1.00,NAND2_X1,0.793103,6.000000,7968,7969
7971,NODE,n7971,2,n40,n7970,1,9.000000,15.000000,6.000000,9,1.00,AND2_X1,0.793103,6.000000,40,7970
7972,NODE,n7972,2,n39,n7971,1,10.000000,16.000000,6.000000,10,1.00,AND2_X1,0.793103,6.000000,39,7971
7973,NODE,n7973,2,n36,n7972,1,11.000000,17.000000,6.000000,11,1.00,AND2_X1,0.793103,6.000000,36,7972
7974,NODE,n7974,2,n33,n7973,1,12.000000,18.000000,6.000000,12,1.00,AND2_X1,0.793103,6.000000,33,7973
7975,NODE,n7975,2,n62,n7974,1,13.000000,19.000000,6.000000,13,1.00,AND2_X1,0.793103,6.000000,62,7974
7976,NODE,n7976,2,pi08,n7975,1,14.000000,20.000000,6.000000,14,1.00,AND2_X1,0.793103,6.000000,9,7975
7977,NODE,n7977,2,n61,n7976,1,15.000000,21.000000,6.000000,15,1.00,AND2_X1,0.793103,6.000000,61,7976
7978,NODE,n7978,2,pi06,n7977,1,16.000000,22.000000,6.000000,16,1.00,NAND2_X1,0.793103,6.000000,7,7977
7979,NODE,n7979,2,n7965,n7978,1,23.000000,23.000000,0.000000,23,1.00,NAND2_X1,1.000000,0.000000,7965,7978
7980,NODE,n7980,2,pi14,n7979,1,24.000000,24.000000,0.000000,24,1.00,NAND2_X1,1.000000,0.000000,15,7979
7981,NODE,n7981,2,n7913,n7980,1,25.000000,25.000000,0.000000,25,1.00,NAND2_X1,1.000000,0.000000,7913,7980
7982,NODE,n7982,2,pi00,n7521,1,5.000000,8.000000,3.000000,5,1.00,NAND2_X1,0.896552,3.000000,1,7521
7983,NODE,n7983,2,n664,n923,1,4.000000,8.000000,4.000000,4,1.00,NAND2_X1,0.862069,4.000000,664,923
7984,NODE,n7984,2,n7982,n7983,1,6.000000,9.000000,3.000000,6,1.00,NAND2_X1,0.896552,3.000000,7982,7983
7985,NODE,n7985,2,pi13,n7984,1,7.000000,10.000000,3.000000,7,1.00,AND2_X1,0.896552,3.000000,14,7984
7986,NODE,n7986,2,pi12,n7985,1,8.000000,11.000000,3.000000,8,1.00,AND2_X1,0.896552,3.000000,13,7985
7987,NODE,n7987,2,pi11,n7986,1,9.000000,12.000000,3.000000,9,1.00,AND2_X1,0.896552,3.000000,12,7986
7988,NODE,n7988,2,pi10,n7987,1,10.000000,13.000000,3.000000,10,1.00,AND2_X1,0.896552,3.000000,11,7987
7989,NODE,n7989,2,pi09,n7988,1,11.000000,14.000000,3.000000,11,1.00,AND2_X1,0.896552,3.000000,10,7988
7990,NODE,n7990,2,pi08,n7989,1,12.000000,15.000000,3.000000,12,1.00,NAND2_X1,0.896552,3.000000,9,7989
7991,NODE,n7991,2,n67,n7725,1,4.000000,10.000000,6.000000,4,1.00,NAND2_X1,0.793103,6.000000,67,7725
7992,NODE,n7992,2,n44,n7991,1,5.000000,11.000000,6.000000,5,1.00,NAND2_X1,0.793103,6.000000,44,7991
7993,NODE,n7993,2,n254,n7992,1,6.000000,12.000000,6.000000,6,1.00,NAND2_X1,0.793103,6.000000,254,7992
7994,NODE,n7994,2,n794,n7993,1,7.000000,13.000000,6.000000,7,1.00,NAND2_X1,0.793103,6.000000,794,7993
7995,NODE,n7995,2,n52,n960,1,4.000000,10.000000,6.000000,4,1.00,AND2_X1,0.793103,6.000000,52,960
7996,NODE,n7996,2,n33,n7995,1,5.000000,11.000000,6.000000,5,1.00,NAND2_X1,0.793103,6.000000,33,7995
7997,NODE,n7997,1,n6991,,1,5.000000,10.000000,5.000000,5,1.00,INV_X1,0.827586,5.000000,6991,-1
7998,NODE,n7998,2,n112,n370,1,4.000000,10.000000,6.000000,4,1.00,AND2_X1,0.793103,6.000000,112,370
7999,NODE,n7999,2,n7997,n7998,1,6.000000,11.000000,5.000000,6,1.00,NAND2_X1,0.827586,5.000000,7997,7998
8000,NODE,n8000,2,n7996,n7999,1,7.000000,12.000000,5.000000,7,1.00,NAND2_X1,0.827586,5.000000,7996,7999
8001,NODE,n8001,2,pi13,n8000,1,8.000000,13.000000,5.000000,8,1.00,NAND2_X1,0.827586,5.000000,14,8000
8002,NODE,n8002,2,n7994,n8001,1,9.000000,14.000000,5.000000,9,1.00,AND2_X1,0.827586,5.000000,7994,8001
8003,NODE,n8003,2,n2503,n7788,1,5.000000,12.000000,7.000000,5,1.00,AND2_X1,0.758621,7.000000,2503,7788
8004,NODE,n8004,2,n1738,n8003,1,6.000000,13.000000,7.000000,6,1.00,NAND2_X1,0.758621,7.000000,1738,8003
8005,NODE,n8005,2,n44,n8004,1,7.000000,14.000000,7.000000,7,1.00,NAND2_X1,0.758621,7.000000,44,8004
8006,NODE,n8006,2,n8002,n8005,1,10.000000,15.000000,5.000000,10,1.00,AND2_X1,0.827586,5.000000,8002,8005
8007,NODE,n8007,2,n7990,n8006,1,13.000000,16.000000,3.000000,13,1.00,AND2_X1,0.896552,3.000000,7990,8006
8008,NODE,n8008,2,n7293,n8007,1,14.000000,17.000000,3.000000,14,1.00,AND2_X1,0.896552,3.000000,7293,8007
8009,NODE,n8009,2,n653,n7547,1,4.000000,7.000000,3.000000,4,1.00,AND2_X1,0.896552,3.000000,653,7547
8010,NODE,n8010,2,n7711,n8009,3,5.000000,8.000000,3.000000,5,1.00,NAND2_X1,0.896552,3.000000,7711,8009
8011,NODE,n8011,2,n8008,n8010,1,15.000000,18.000000,3.000000,15,1.00,AND2_X1,0.896552,3.000000,8008,8010
8012,NODE,n8012,2,n2019,n7547,1,6.000000,8.000000,2.000000,6,1.00,AND2_X1,0.931035,2.000000,2019,7547
8013,NODE,n8013,2,n7711,n8012,2,7.000000,9.000000,2.000000,7,1.00,NAND2_X1,0.931035,2.000000,7711,8012
8014,NODE,n8014,2,n8011,n8013,1,16.000000,19.000000,3.000000,16,1.00,AND2_X1,0.896552,3.000000,8011,8013
8015,NODE,n8015,2,n90,n6465,1,5.000000,12.000000,7.000000,5,1.00,AND2_X1,0.758621,7.000000,90,6465
8016,NODE,n8016,2,n340,n8015,1,6.000000,13.000000,7.000000,6,1.00,AND2_X1,0.758621,7.000000,340,8015
8017,NODE,n8017,2,n7635,n8016,1,7.000000,14.000000,7.000000,7,1.00,NAND2_X1,0.758621,7.000000,7635,8016
8018,NODE,n8018,2,n111,n340,1,4.000000,12.000000,8.000000,4,1.00,AND2_X1,0.724138,8.000000,111,340
8019,NODE,n8019,2,n951,n8018,1,5.000000,13.000000,8.000000,5,1.00,AND2_X1,0.724138,8.000000,951,8018
8020,NODE,n8020,2,n1518,n8019,1,6.000000,14.000000,8.000000,6,1.00,NAND2_X1,0.724138,8.000000,1518,8019
8021,NODE,n8021,2,n8017,n8020,1,8.000000,15.000000,7.000000,8,1.00,NAND2_X1,0.758621,7.000000,8017,8020
8022,NODE,n8022,2,n78,n8021,1,9.000000,16.000000,7.000000,9,1.00,NAND2_X1,0.758621,7.000000,78,8021
8023,NODE,n8023,2,n1518,n7538,1,4.000000,15.000000,11.000000,4,1.00,AND2_X1,0.620690,11.000000,1518,7538
8024,NODE,n8024,2,n207,n8023,1,5.000000,16.000000,11.000000,5,1.00,NAND2_X1,0.620690,11.000000,207,8023
8025,NODE,n8025,2,n8022,n8024,1,10.000000,17.000000,7.000000,10,1.00,NAND2_X1,0.758621,7.000000,8022,8024
8026,NODE,n8026,2,pi14,n8025,1,11.000000,18.000000,7.000000,11,1.00,AND2_X1,0.758621,7.000000,15,8025
8027,NODE,n8027,2,pi08,n8026,1,12.000000,19.000000,7.000000,12,1.00,NAND2_X1,0.758621,7.000000,9,8026
8028,NODE,n8028,2,n8014,n8027,1,17.000000,20.000000,3.000000,17,1.00,AND2_X1,0.896552,3.000000,8014,8027
8029,NODE,n8029,2,n159,n978,2,4.000000,5.000000,1.000000,4,1.00,NAND2_X1,0.965517,1.000000,159,978
8030,NODE,n8030,2,n156,n981,1,4.000000,8.000000,4.000000,4,1.00,NAND2_X1,0.862069,4.000000,156,981
8031,NODE,n8031,2,n8029,n8030,1,5.000000,9.000000,4.000000,5,1.00,AND2_X1,0.862069,4.000000,8029,8030
8032,NODE,n8032,1,n2281,,3,5.000000,5.000000,0.000000,5,1.00,INV_X1,1.000000,0.000000,2281,-1
8033,NODE,n8033,2,n854,n8032,1,6.000000,9.000000,3.000000,6,1.00,NAND2_X1,0.896552,3.000000,854,8032
8034,NODE,n8034,2,n8031,n8033,1,7.000000,10.000000,3.000000,7,1.00,AND2_X1,0.896552,3.000000,8031,8033
8035,NODE,n8035,2,n8032,n3891,1,6.000000,10.000000,4.000000,6,1.00,NAND2_X1,0.862069,4.000000,8032,3891
8036,NODE,n8036,2,n8034,n8035,1,8.000000,11.000000,3.000000,8,1.00,AND2_X1,0.896552,3.000000,8034,8035
8037,NODE,n8037,2,n231,n978,1,4.000000,10.000000,6.000000,4,1.00,AND2_X1,0.793103,6.000000,231,978
8038,NODE,n8038,2,n2019,n8037,1,6.000000,11.000000,5.000000,6,1.00,NAND2_X1,0.827586,5.000000,2019,8037
8039,NODE,n8039,2,n8036,n8038,1,9.000000,12.000000,3.000000,9,1.00,NAND2_X1,0.896552,3.000000,8036,8038
8040,NODE,n8040,2,n40,n8039,1,10.000000,13.000000,3.000000,10,1.00,AND2_X1,0.896552,3.000000,40,8039
8041,NODE,n8041,2,n39,n8040,1,11.000000,14.000000,3.000000,11,1.00,AND2_X1,0.896552,3.000000,39,8040
8042,NODE,n8042,2,n36,n8041,1,12.000000,15.000000,3.000000,12,1.00,AND2_X1,0.896552,3.000000,36,8041
8043,NODE,n8043,2,n33,n8042,1,13.000000,16.000000,3.000000,13,1.00,AND2_X1,0.896552,3.000000,33,8042
8044,NODE,n8044,2,n62,n8043,1,14.000000,17.000000,3.000000,14,1.00,NAND2_X1,0.896552,3.000000,62,8043
8045,NODE,n8045,2,pi09,n7115,2,5.000000,16.000000,11.000000,5,1.00,AND2_X1,0.620690,11.000000,10,7115
8046,NODE,n8046,2,n7833,n8045,1,7.000000,17.000000,10.000000,7,1.00,NAND2_X1,0.655172,10.000000,7833,8045
8047,NODE,n8047,2,n8044,n8046,1,15.000000,18.000000,3.000000,15,1.00,NAND2_X1,0.896552,3.000000,8044,8046
8048,NODE,n8048,2,pi14,n8047,1,16.000000,19.000000,3.000000,16,1.00,AND2_X1,0.896552,3.000000,15,8047
8049,NODE,n8049,2,pi08,n8048,1,17.000000,20.000000,3.000000,17,1.00,NAND2_X1,0.896552,3.000000,9,8048
8050,NODE,n8050,2,n8028,n8049,1,18.000000,21.000000,3.000000,18,1.00,AND2_X1,0.896552,3.000000,8028,8049
8051,NODE,n8051,1,n1559,,1,6.000000,7.000000,1.000000,6,1.00,INV_X1,0.965517,1.000000,1559,-1
8052,NODE,n8052,2,n80,n1555,1,4.000000,7.000000,3.000000,4,1.00,NAND2_X1,0.896552,3.000000,80,1555
8053,NODE,n8053,2,n8051,n8052,1,7.000000,8.000000,1.000000,7,1.00,NAND2_X1,0.965517,1.000000,8051,8052
8054,NODE,n8054,2,pi09,n8053,1,8.000000,9.000000,1.000000,8,1.00,AND2_X1,0.965517,1.000000,10,8053
8055,NODE,n8055,2,n35,n8054,1,9.000000,10.000000,1.000000,9,1.00,AND2_X1,0.965517,1.000000,35,8054
8056,NODE,n8056,2,pi07,n8055,1,10.000000,11.000000,1.000000,10,1.00,NAND2_X1,0.965517,1.000000,8,8055
8057,NODE,n8057,1,n4519,,1,5.000000,10.000000,5.000000,5,1.00,INV_X1,0.827586,5.000000,4519,-1
8058,NODE,n8058,2,n82,n788,2,4.000000,10.000000,6.000000,4,1.00,AND2_X1,0.793103,6.000000,82,788
8059,NODE,n8059,2,n8057,n8058,1,6.000000,11.000000,5.000000,6,1.00,NAND2_X1,0.827586,5.000000,8057,8058
8060,NODE,n8060,2,n8056,n8059,1,11.000000,12.000000,1.000000,11,1.00,AND2_X1,0.965517,1.000000,8056,8059
8061,NODE,n8061,2,n1555,n3735,1,4.000000,5.000000,1.000000,4,1.00,NAND2_X1,0.965517,1.000000,1555,3735
8062,NODE,n8062,2,n1557,n2890,1,4.000000,5.000000,1.000000,4,1.00,NAND2_X1,0.965517,1.000000,1557,2890
8063,NODE,n8063,2,n8061,n8062,1,5.000000,6.000000,1.000000,5,1.00,NAND2_X1,0.965517,1.000000,8061,8062
8064,NODE,n8064,2,pi00,n8063,1,6.000000,7.000000,1.000000,6,1.00,NAND2_X1,0.965517,1.000000,1,8063
8065,NODE,n8065,2,n653,n5521,1,5.000000,7.000000,2.000000,5,1.00,NAND2_X1,0.931035,2.000000,653,5521
8066,NODE,n8066,2,n8064,n8065,1,7.000000,8.000000,1.000000,7,1.00,NAND2_X1,0.965517,1.000000,8064,8065
8067,NODE,n8067,2,pi09,n8066,1,8.000000,9.000000,1.000000,8,1.00,AND2_X1,0.965517,1.000000,10,8066
8068,NODE,n8068,2,n35,n8067,1,9.000000,10.000000,1.000000,9,1.00,AND2_X1,0.965517,1.000000,35,8067
8069,NODE,n8069,2,pi07,n8068,1,10.000000,11.000000,1.000000,10,1.00,NAND2_X1,0.965517,1.000000,8,8068
8070,NODE,n8070,2,n594,n653,1,4.000000,10.000000,6.000000,4,1.00,AND2_X1,0.793103,6.000000,594,653
8071,NODE,n8071,2,n8058,n8070,1,5.000000,11.000000,6.000000,5,1.00,NAND2_X1,0.793103,6.000000,8058,8070
8072,NODE,n8072,2,n8069,n8071,1,11.000000,12.000000,1.000000,11,1.00,AND2_X1,0.965517,1.000000,8069,8071
8073,NODE,n8073,2,n8060,n8072,1,12.000000,13.000000,1.000000,12,1.00,AND2_X1,0.965517,1.000000,8060,8072
8074,NODE,n8074,2,pi04,n1555,1,4.000000,5.000000,1.000000,4,1.00,AND2_X1,0.965517,1.000000,5,1555
8075,NODE,n8075,2,n1701,n8074,1,5.000000,6.000000,1.000000,5,1.00,NAND2_X1,0.965517,1.000000,1701,8074
8076,NODE,n8076,2,n5735,n8075,1,6.000000,7.000000,1.000000,6,1.00,NAND2_X1,0.965517,1.000000,5735,8075
8077,NODE,n8077,2,pi00,n8076,1,7.000000,8.000000,1.000000,7,1.00,NAND2_X1,0.965517,1.000000,1,8076
8078,NODE,n8078,2,n7864,n8077,1,8.000000,9.000000,1.000000,8,1.00,NAND2_X1,0.965517,1.000000,7864,8077
8079,NODE,n8079,2,pi09,n8078,1,9.000000,10.000000,1.000000,9,1.00,AND2_X1,0.965517,1.000000,10,8078
8080,NODE,n8080,2,n35,n8079,1,10.000000,11.000000,1.000000,10,1.00,AND2_X1,0.965517,1.000000,35,8079
8081,NODE,n8081,2,pi07,n8080,1,11.000000,12.000000,1.000000,11,1.00,NAND2_X1,0.965517,1.000000,8,8080
8082,NODE,n8082,2,n619,n1192,1,4.000000,11.000000,7.000000,4,1.00,AND2_X1,0.758621,7.000000,619,1192
8083,NODE,n8083,2,n527,n5219,1,5.000000,11.000000,6.000000,5,1.00,AND2_X1,0.793103,6.000000,527,5219
8084,NODE,n8084,2,n8082,n8083,1,6.000000,12.000000,6.000000,6,1.00,NAND2_X1,0.793103,6.000000,8082,8083
8085,NODE,n8085,2,n8081,n8084,1,12.000000,13.000000,1.000000,12,1.00,AND2_X1,0.965517,1.000000,8081,8084
8086,NODE,n8086,2,n8073,n8085,1,13.000000,14.000000,1.000000,13,1.00,AND2_X1,0.965517,1.000000,8073,8085
8087,NODE,n8087,2,pi00,n4493,1,6.000000,6.000000,0.000000,6,1.00,NAND2_X1,1.000000,0.000000,1,4493
8088,NODE,n8088,2,n7895,n8087,1,7.000000,7.000000,0.000000,7,1.00,NAND2_X1,1.000000,0.000000,7895,8087
8089,NODE,n8089,2,pi09,n8088,1,8.000000,8.000000,0.000000,8,1.00,AND2_X1,1.000000,0.000000,10,8088
8090,NODE,n8090,2,n35,n8089,1,9.000000,9.000000,0.000000,9,1.00,AND2_X1,1.000000,0.000000,35,8089
8091,NODE,n8091,2,pi07,n8090,1,10.000000,10.000000,0.000000,10,1.00,AND2_X1,1.000000,0.000000,8,8090
8092,NODE,n8092,2,n90,n8091,1,11.000000,11.000000,0.000000,11,1.00,NAND2_X1,1.000000,0.000000,90,8091
8093,NODE,n8093,2,n2155,n5219,1,5.000000,10.000000,5.000000,5,1.00,AND2_X1,0.827586,5.000000,2155,5219
8094,NODE,n8094,2,n6644,n8093,1,6.000000,11.000000,5.000000,6,1.00,NAND2_X1,0.827586,5.000000,6644,8093
8095,NODE,n8095,2,n8092,n8094,1,12.000000,12.000000,0.000000,12,1.00,NAND2_X1,1.000000,0.000000,8092,8094
8096,NODE,n8096,2,n34,n8095,1,13.000000,13.000000,0.000000,13,1.00,NAND2_X1,1.000000,0.000000,34,8095
8097,NODE,n8097,2,n90,n64,1,4.000000,8.000000,4.000000,4,1.00,NAND2_X1,0.862069,4.000000,90,64
8098,NODE,n8098,2,n920,n2291,1,6.000000,8.000000,2.000000,6,1.00,NAND2_X1,0.931035,2.000000,920,2291
8099,NODE,n8099,2,n8097,n8098,1,7.000000,9.000000,2.000000,7,1.00,NAND2_X1,0.931035,2.000000,8097,8098
8100,NODE,n8100,2,n790,n8099,1,8.000000,10.000000,2.000000,8,1.00,AND2_X1,0.931035,2.000000,790,8099
8101,NODE,n8101,2,pi07,n8100,1,9.000000,11.000000,2.000000,9,1.00,AND2_X1,0.931035,2.000000,8,8100
8102,NODE,n8102,2,pi05,n8101,1,10.000000,12.000000,2.000000,10,1.00,AND2_X1,0.931035,2.000000,6,8101
8103,NODE,n8103,2,n54,n8102,1,11.000000,13.000000,2.000000,11,1.00,NAND2_X1,0.931035,2.000000,54,8102
8104,NODE,n8104,2,n8096,n8103,1,14.000000,14.000000,0.000000,14,1.00,AND2_X1,1.000000,0.000000,8096,8103
8105,NODE,n8105,2,n8086,n8104,1,15.000000,15.000000,0.000000,15,1.00,NAND2_X1,1.000000,0.000000,8086,8104
8106,NODE,n8106,2,n40,n8105,1,16.000000,16.000000,0.000000,16,1.00,AND2_X1,1.000000,0.000000,40,8105
8107,NODE,n8107,2,n39,n8106,1,17.000000,17.000000,0.000000,17,1.00,AND2_X1,1.000000,0.000000,39,8106
8108,NODE,n8108,2,n36,n8107,1,18.000000,18.000000,0.000000,18,1.00,AND2_X1,1.000000,0.000000,36,8107
8109,NODE,n8109,2,n33,n8108,1,19.000000,19.000000,0.000000,19,1.00,NAND2_X1,1.000000,0.000000,33,8108
8110,NODE,n8110,2,n7910,n8109,1,20.000000,20.000000,0.000000,20,1.00,NAND2_X1,1.000000,0.000000,7910,8109
8111,NODE,n8111,2,pi14,n8110,1,21.000000,21.000000,0.000000,21,1.00,NAND2_X1,1.000000,0.000000,15,8110
8112,NODE,n8112,2,n8050,n8111,1,22.000000,22.000000,0.000000,22,1.00,AND2_X1,1.000000,0.000000,8050,8111
8113,NODE,n8113,2,pi07,n7661,1,10.000000,16.000000,6.000000,10,1.00,NAND2_X1,0.793103,6.000000,8,7661
8114,NODE,n8114,2,n594,n1052,3,4.000000,5.000000,1.000000,4,1.00,NAND2_X1,0.965517,1.000000,594,1052
8115,NODE,n8115,2,n2286,n8114,1,5.000000,7.000000,2.000000,5,1.00,NAND2_X1,0.931035,2.000000,2286,8114
8116,NODE,n8116,2,n368,n8115,1,6.000000,8.000000,2.000000,6,1.00,NAND2_X1,0.931035,2.000000,368,8115
8117,NODE,n8117,2,n3225,n1053,1,5.000000,8.000000,3.000000,5,1.00,NAND2_X1,0.896552,3.000000,3225,1053
8118,NODE,n8118,2,n8116,n8117,1,7.000000,9.000000,2.000000,7,1.00,AND2_X1,0.931035,2.000000,8116,8117
8119,NODE,n8119,2,pi05,n3985,1,4.000000,5.000000,1.000000,4,1.00,AND2_X1,0.965517,1.000000,6,3985
8120,NODE,n8120,2,pi04,n8119,1,5.000000,6.000000,1.000000,5,1.00,AND2_X1,0.965517,1.000000,5,8119
8121,NODE,n8121,2,pi03,n8120,1,6.000000,7.000000,1.000000,6,1.00,AND2_X1,0.965517,1.000000,4,8120
8122,NODE,n8122,2,pi02,n8121,1,7.000000,8.000000,1.000000,7,1.00,AND2_X1,0.965517,1.000000,3,8121
8123,NODE,n8123,2,n78,n8122,1,8.000000,9.000000,1.000000,8,1.00,NAND2_X1,0.965517,1.000000,78,8122
8124,NODE,n8124,2,n8118,n8123,1,9.000000,10.000000,1.000000,9,1.00,NAND2_X1,0.965517,1.000000,8118,8123
8125,NODE,n8125,2,n40,n8124,1,10.000000,11.000000,1.000000,10,1.00,AND2_X1,0.965517,1.000000,40,8124
8126,NODE,n8126,2,n39,n8125,1,11.000000,12.000000,1.000000,11,1.00,AND2_X1,0.965517,1.000000,39,8125
8127,NODE,n8127,2,n36,n8126,1,12.000000,13.000000,1.000000,12,1.00,AND2_X1,0.965517,1.000000,36,8126
8128,NODE,n8128,2,n33,n8127,1,13.000000,14.000000,1.000000,13,1.00,AND2_X1,0.965517,1.000000,33,8127
8129,NODE,n8129,2,n35,n8128,1,14.000000,15.000000,1.000000,14,1.00,AND2_X1,0.965517,1.000000,35,8128
8130,NODE,n8130,2,n61,n8129,1,15.000000,16.000000,1.000000,15,1.00,NAND2_X1,0.965517,1.000000,61,8129
8131,NODE,n8131,2,n8113,n8130,1,16.000000,17.000000,1.000000,16,1.00,NAND2_X1,0.965517,1.000000,8113,8130
8132,NODE,n8132,2,pi15,n8131,1,17.000000,18.000000,1.000000,17,1.00,NAND2_X1,0.965517,1.000000,16,8131
8133,NODE,n8133,2,n1590,n3394,1,6.000000,9.000000,3.000000,6,1.00,NAND2_X1,0.896552,3.000000,1590,3394
8134,NODE,n8134,2,pi06,n8133,1,7.000000,10.000000,3.000000,7,1.00,NAND2_X1,0.896552,3.000000,7,8133
8135,NODE,n8135,2,n2023,n755,1,6.000000,10.000000,4.000000,6,1.00,NAND2_X1,0.862069,4.000000,2023,755
8136,NODE,n8136,2,n8134,n8135,1,8.000000,11.000000,3.000000,8,1.00,NAND2_X1,0.896552,3.000000,8134,8135
8137,NODE,n8137,2,n790,n8136,1,9.000000,12.000000,3.000000,9,1.00,AND2_X1,0.896552,3.000000,790,8136
8138,NODE,n8138,2,n40,n8137,1,10.000000,13.000000,3.000000,10,1.00,AND2_X1,0.896552,3.000000,40,8137
8139,NODE,n8139,2,n39,n8138,1,11.000000,14.000000,3.000000,11,1.00,AND2_X1,0.896552,3.000000,39,8138
8140,NODE,n8140,2,n36,n8139,1,12.000000,15.000000,3.000000,12,1.00,AND2_X1,0.896552,3.000000,36,8139
8141,NODE,n8141,2,n33,n8140,1,13.000000,16.000000,3.000000,13,1.00,AND2_X1,0.896552,3.000000,33,8140
8142,NODE,n8142,2,n35,n8141,1,14.000000,17.000000,3.000000,14,1.00,AND2_X1,0.896552,3.000000,35,8141
8143,NODE,n8143,2,n61,n8142,1,15.000000,18.000000,3.000000,15,1.00,NAND2_X1,0.896552,3.000000,61,8142
8144,NODE,n8144,2,n8132,n8143,1,18.000000,19.000000,1.000000,18,1.00,NAND2_X1,0.965517,1.000000,8132,8143
8145,NODE,n8145,2,pi09,n8144,1,19.000000,20.000000,1.000000,19,1.00,NAND2_X1,0.965517,1.000000,10,8144
8146,NODE,n8146,2,n616,n5826,1,6.000000,10.000000,4.000000,6,1.00,NAND2_X1,0.862069,4.000000,616,5826
8147,NODE,n8147,1,n1151,,1,5.000000,9.000000,4.000000,5,1.00,INV_X1,0.862069,4.000000,1151,-1
8148,NODE,n8148,2,n978,n8147,1,6.000000,10.000000,4.000000,6,1.00,NAND2_X1,0.862069,4.000000,978,8147
8149,NODE,n8149,2,n8146,n8148,1,7.000000,11.000000,4.000000,7,1.00,AND2_X1,0.862069,4.000000,8146,8148
8150,NODE,n8150,2,n90,n1068,1,4.000000,6.000000,2.000000,4,1.00,NAND2_X1,0.931035,2.000000,90,1068
8151,NODE,n8151,2,n4398,n8150,1,5.000000,7.000000,2.000000,5,1.00,NAND2_X1,0.931035,2.000000,4398,8150
8152,NODE,n8152,2,pi15,n8151,1,6.000000,8.000000,2.000000,6,1.00,AND2_X1,0.931035,2.000000,16,8151
8153,NODE,n8153,2,pi05,n8152,1,7.000000,9.000000,2.000000,7,1.00,AND2_X1,0.931035,2.000000,6,8152
8154,NODE,n8154,2,pi04,n8153,3,8.000000,10.000000,2.000000,8,1.00,AND2_X1,0.931035,2.000000,5,8153
8155,NODE,n8155,2,pi00,n8154,1,9.000000,11.000000,2.000000,9,1.00,NAND2_X1,0.931035,2.000000,1,8154
8156,NODE,n8156,2,n8149,n8155,1,10.000000,12.000000,2.000000,10,1.00,AND2_X1,0.931035,2.000000,8149,8155
8157,NODE,n8157,2,pi01,n8154,1,9.000000,11.000000,2.000000,9,1.00,AND2_X1,0.931035,2.000000,2,8154
8158,NODE,n8158,2,n78,n8157,1,10.000000,12.000000,2.000000,10,1.00,NAND2_X1,0.931035,2.000000,78,8157
8159,NODE,n8159,2,n8156,n8158,1,11.000000,13.000000,2.000000,11,1.00,AND2_X1,0.931035,2.000000,8156,8158
8160,NODE,n8160,2,pi02,n8154,1,9.000000,11.000000,2.000000,9,1.00,AND2_X1,0.931035,2.000000,3,8154
8161,NODE,n8161,2,n138,n8160,1,10.000000,12.000000,2.000000,10,1.00,AND2_X1,0.931035,2.000000,138,8160
8162,NODE,n8162,2,n78,n8161,1,11.000000,13.000000,2.000000,11,1.00,NAND2_X1,0.931035,2.000000,78,8161
8163,NODE,n8163,2,n8159,n8162,1,12.000000,14.000000,2.000000,12,1.00,NAND2_X1,0.931035,2.000000,8159,8162
8164,NODE,n8164,2,n40,n8163,1,13.000000,15.000000,2.000000,13,1.00,AND2_X1,0.931035,2.000000,40,8163
8165,NODE,n8165,2,n39,n8164,1,14.000000,16.000000,2.000000,14,1.00,AND2_X1,0.931035,2.000000,39,8164
8166,NODE,n8166,2,n36,n8165,1,15.000000,17.000000,2.000000,15,1.00,AND2_X1,0.931035,2.000000,36,8165
8167,NODE,n8167,2,n33,n8166,1,16.000000,18.000000,2.000000,16,1.00,AND2_X1,0.931035,2.000000,33,8166
8168,NODE,n8168,2,n62,n8167,1,17.000000,19.000000,2.000000,17,1.00,AND2_X1,0.931035,2.000000,62,8167
8169,NODE,n8169,2,pi08,n8168,1,18.000000,20.000000,2.000000,18,1.00,NAND2_X1,0.931035,2.000000,9,8168
8170,NODE,n8170,2,n8145,n8169,1,20.000000,21.000000,1.000000,20,1.00,NAND2_X1,0.965517,1.000000,8145,8169
8171,NODE,n8171,2,pi14,n8170,1,21.000000,22.000000,1.000000,21,1.00,NAND2_X1,0.965517,1.000000,15,8170
8172,NODE,n8172,2,n8112,n8171,1,23.000000,23.000000,0.000000,23,1.00,NAND2_X1,1.000000,0.000000,8112,8171
8173,NODE,n8173,2,n61,n925,1,5.000000,15.000000,10.000000,5,1.00,NAND2_X1,0.655172,10.000000,61,925
8174,NODE,n8174,2,n7513,n8173,1,10.000000,16.000000,6.000000,10,1.00,AND2_X1,0.793103,6.000000,7513,8173
8175,NODE,n8175,2,n62,n1475,1,7.000000,16.000000,9.000000,7,1.00,NAND2_X1,0.689655,9.000000,62,1475
8176,NODE,n8176,2,n8174,n8175,1,11.000000,17.000000,6.000000,11,1.00,AND2_X1,0.793103,6.000000,8174,8175
8177,NODE,n8177,2,pi07,n876,1,7.000000,8.000000,1.000000,7,1.00,NAND2_X1,0.965517,1.000000,8,876
8178,NODE,n8178,2,n275,n6237,1,5.000000,8.000000,3.000000,5,1.00,NAND2_X1,0.896552,3.000000,275,6237
8179,NODE,n8179,2,n8177,n8178,1,8.000000,9.000000,1.000000,8,1.00,NAND2_X1,0.965517,1.000000,8177,8178
8180,NODE,n8180,2,n790,n8179,2,9.000000,10.000000,1.000000,9,1.00,NAND2_X1,0.965517,1.000000,790,8179
8181,NODE,n8181,1,n8180,,1,10.000000,14.000000,4.000000,10,1.00,INV_X1,0.862069,4.000000,8180,-1
8182,NODE,n8182,2,pi09,n8181,1,11.000000,15.000000,4.000000,11,1.00,NAND2_X1,0.862069,4.000000,10,8181
8183,NODE,n8183,2,n2206,n3483,1,6.000000,15.000000,9.000000,6,1.00,NAND2_X1,0.689655,9.000000,2206,3483
8184,NODE,n8184,2,n8182,n8183,1,12.000000,16.000000,4.000000,12,1.00,AND2_X1,0.862069,4.000000,8182,8183
8185,NODE,n8185,2,n7545,n7547,2,5.000000,5.000000,0.000000,5,1.00,NAND2_X1,1.000000,0.000000,7545,7547
8186,NODE,n8186,1,n8185,,1,6.000000,6.000000,0.000000,6,1.00,INV_X1,1.000000,0.000000,8185,-1
8187,NODE,n8187,2,pi09,n8186,2,7.000000,7.000000,0.000000,7,1.00,NAND2_X1,1.000000,0.000000,10,8186
8188,NODE,n8188,2,n8184,n8187,1,13.000000,17.000000,4.000000,13,1.00,AND2_X1,0.862069,4.000000,8184,8187
8189,NODE,n8189,2,n8176,n8188,1,14.000000,18.000000,4.000000,14,1.00,AND2_X1,0.862069,4.000000,8176,8188
8190,NODE,n8190,2,n8010,n8189,1,15.000000,19.000000,4.000000,15,1.00,AND2_X1,0.862069,4.000000,8010,8189
8191,NODE,n8191,1,n7752,,1,5.000000,13.000000,8.000000,5,1.00,INV_X1,0.724138,8.000000,7752,-1
8192,NODE,n8192,2,n61,n8191,1,6.000000,14.000000,8.000000,6,1.00,NAND2_X1,0.724138,8.000000,61,8191
8193,NODE,n8193,2,n127,n619,1,4.000000,13.000000,9.000000,4,1.00,AND2_X1,0.689655,9.000000,127,619
8194,NODE,n8194,2,n7115,n8193,1,5.000000,14.000000,9.000000,5,1.00,NAND2_X1,0.689655,9.000000,7115,8193
8195,NODE,n8195,2,n8192,n8194,1,7.000000,15.000000,8.000000,7,1.00,NAND2_X1,0.724138,8.000000,8192,8194
8196,NODE,n8196,2,pi09,n8195,1,8.000000,16.000000,8.000000,8,1.00,AND2_X1,0.724138,8.000000,10,8195
8197,NODE,n8197,2,pi02,n8196,1,9.000000,17.000000,8.000000,9,1.00,NAND2_X1,0.724138,8.000000,3,8196
8198,NODE,n8198,2,n619,n7112,1,4.000000,16.000000,12.000000,4,1.00,AND2_X1,0.586207,12.000000,619,7112
8199,NODE,n8199,2,n207,n7635,1,4.000000,16.000000,12.000000,4,1.00,AND2_X1,0.586207,12.000000,207,7635
8200,NODE,n8200,2,n8198,n8199,1,5.000000,17.000000,12.000000,5,1.00,NAND2_X1,0.586207,12.000000,8198,8199
8201,NODE,n8201,2,n8197,n8200,1,10.000000,18.000000,8.000000,10,1.00,NAND2_X1,0.724138,8.000000,8197,8200
8202,NODE,n8202,2,pi14,n8201,1,11.000000,19.000000,8.000000,11,1.00,NAND2_X1,0.724138,8.000000,15,8201
8203,NODE,n8203,2,n8190,n8202,1,16.000000,20.000000,4.000000,16,1.00,AND2_X1,0.862069,4.000000,8190,8202
8204,NODE,n8204,1,n6173,,1,5.000000,10.000000,5.000000,5,1.00,INV_X1,0.827586,5.000000,6173,-1
8205,NODE,n8205,2,n5219,n8204,1,6.000000,11.000000,5.000000,6,1.00,NAND2_X1,0.827586,5.000000,5219,8204
8206,NODE,n8206,1,n6175,,1,5.000000,10.000000,5.000000,5,1.00,INV_X1,0.827586,5.000000,6175,-1
8207,NODE,n8207,2,n5022,n8206,1,6.000000,11.000000,5.000000,6,1.00,NAND2_X1,0.827586,5.000000,5022,8206
8208,NODE,n8208,2,n8205,n8207,1,7.000000,12.000000,5.000000,7,1.00,AND2_X1,0.827586,5.000000,8205,8207
8209,NODE,n8209,2,n127,n788,5,4.000000,11.000000,7.000000,4,1.00,AND2_X1,0.758621,7.000000,127,788
8210,NODE,n8210,2,n1058,n8209,1,6.000000,12.000000,6.000000,6,1.00,NAND2_X1,0.793103,6.000000,1058,8209
8211,NODE,n8211,2,n8208,n8210,1,8.000000,13.000000,5.000000,8,1.00,AND2_X1,0.827586,5.000000,8208,8210
8212,NODE,n8212,2,n653,n755,1,4.000000,12.000000,8.000000,4,1.00,AND2_X1,0.724138,8.000000,653,755
8213,NODE,n8213,2,n8209,n8212,1,5.000000,13.000000,8.000000,5,1.00,NAND2_X1,0.724138,8.000000,8209,8212
8214,NODE,n8214,2,n8211,n8213,1,9.000000,14.000000,5.000000,9,1.00,NAND2_X1,0.827586,5.000000,8211,8213
8215,NODE,n8215,2,n40,n8214,1,10.000000,15.000000,5.000000,10,1.00,AND2_X1,0.827586,5.000000,40,8214
8216,NODE,n8216,2,n39,n8215,1,11.000000,16.000000,5.000000,11,1.00,AND2_X1,0.827586,5.000000,39,8215
8217,NODE,n8217,2,n36,n8216,1,12.000000,17.000000,5.000000,12,1.00,AND2_X1,0.827586,5.000000,36,8216
8218,NODE,n8218,2,n33,n8217,1,13.000000,18.000000,5.000000,13,1.00,NAND2_X1,0.827586,5.000000,33,8217
8219,NODE,n8219,2,n6644,n8045,1,6.000000,17.000000,11.000000,6,1.00,AND2_X1,0.620690,11.000000,6644,8045
8220,NODE,n8220,2,n127,n8219,1,7.000000,18.000000,11.000000,7,1.00,NAND2_X1,0.620690,11.000000,127,8219
8221,NODE,n8221,2,n8218,n8220,1,14.000000,19.000000,5.000000,14,1.00,NAND2_X1,0.827586,5.000000,8218,8220
8222,NODE,n8222,2,pi14,n8221,1,15.000000,20.000000,5.000000,15,1.00,NAND2_X1,0.827586,5.000000,15,8221
8223,NODE,n8223,2,n8203,n8222,1,17.000000,21.000000,4.000000,17,1.00,AND2_X1,0.862069,4.000000,8203,8222
8224,NODE,n8224,2,n5003,n8209,1,6.000000,12.000000,6.000000,6,1.00,NAND2_X1,0.793103,6.000000,5003,8209
8225,NODE,n8225,2,n715,n792,2,4.000000,11.000000,7.000000,4,1.00,AND2_X1,0.758621,7.000000,715,792
8226,NODE,n8226,2,n1163,n8225,1,6.000000,12.000000,6.000000,6,1.00,NAND2_X1,0.793103,6.000000,1163,8225
8227,NODE,n8227,2,n8224,n8226,1,7.000000,13.000000,6.000000,7,1.00,AND2_X1,0.793103,6.000000,8224,8226
8228,NODE,n8228,1,n4814,,1,5.000000,12.000000,7.000000,5,1.00,INV_X1,0.758621,7.000000,4814,-1
8229,NODE,n8229,2,n8228,n8209,1,6.000000,13.000000,7.000000,6,1.00,NAND2_X1,0.758621,7.000000,8228,8209
8230,NODE,n8230,2,n8227,n8229,1,8.000000,14.000000,6.000000,8,1.00,AND2_X1,0.793103,6.000000,8227,8229
8231,NODE,n8231,2,n321,n653,1,4.000000,12.000000,8.000000,4,1.00,AND2_X1,0.724138,8.000000,321,653
8232,NODE,n8232,2,n5219,n8231,1,5.000000,13.000000,8.000000,5,1.00,AND2_X1,0.724138,8.000000,5219,8231
8233,NODE,n8233,2,n570,n8232,1,6.000000,14.000000,8.000000,6,1.00,NAND2_X1,0.724138,8.000000,570,8232
8234,NODE,n8234,2,n8230,n8233,1,9.000000,15.000000,6.000000,9,1.00,NAND2_X1,0.793103,6.000000,8230,8233
8235,NODE,n8235,2,n40,n8234,1,10.000000,16.000000,6.000000,10,1.00,AND2_X1,0.793103,6.000000,40,8234
8236,NODE,n8236,2,n39,n8235,1,11.000000,17.000000,6.000000,11,1.00,AND2_X1,0.793103,6.000000,39,8235
8237,NODE,n8237,2,n36,n8236,1,12.000000,18.000000,6.000000,12,1.00,AND2_X1,0.793103,6.000000,36,8236
8238,NODE,n8238,2,n33,n8237,1,13.000000,19.000000,6.000000,13,1.00,NAND2_X1,0.793103,6.000000,33,8237
8239,NODE,n8239,2,n7835,n8238,1,14.000000,20.000000,6.000000,14,1.00,NAND2_X1,0.793103,6.000000,7835,8238
8240,NODE,n8240,2,pi14,n8239,1,15.000000,21.000000,6.000000,15,1.00,NAND2_X1,0.793103,6.000000,15,8239
8241,NODE,n8241,2,n8223,n8240,1,18.000000,22.000000,4.000000,18,1.00,AND2_X1,0.862069,4.000000,8223,8240
8242,NODE,n8242,1,n8114,,1,5.000000,13.000000,8.000000,5,1.00,INV_X1,0.724138,8.000000,8114,-1
8243,NODE,n8243,2,n8242,n8209,1,6.000000,14.000000,8.000000,6,1.00,NAND2_X1,0.724138,8.000000,8242,8209
8244,NODE,n8244,1,n3394,,1,5.000000,13.000000,8.000000,5,1.00,INV_X1,0.724138,8.000000,3394,-1
8245,NODE,n8245,2,n8244,n8225,1,6.000000,14.000000,8.000000,6,1.00,NAND2_X1,0.724138,8.000000,8244,8225
8246,NODE,n8246,2,n8243,n8245,1,7.000000,15.000000,8.000000,7,1.00,AND2_X1,0.724138,8.000000,8243,8245
8247,NODE,n8247,1,n7363,,1,4.000000,14.000000,10.000000,4,1.00,INV_X1,0.655172,10.000000,7363,-1
8248,NODE,n8248,1,n532,,1,5.000000,13.000000,8.000000,5,1.00,INV_X1,0.724138,8.000000,532,-1
8249,NODE,n8249,2,n8248,n5219,1,6.000000,14.000000,8.000000,6,1.00,AND2_X1,0.724138,8.000000,8248,5219
8250,NODE,n8250,2,n8247,n8249,1,7.000000,15.000000,8.000000,7,1.00,NAND2_X1,0.724138,8.000000,8247,8249
8251,NODE,n8251,2,n8246,n8250,1,8.000000,16.000000,8.000000,8,1.00,NAND2_X1,0.724138,8.000000,8246,8250
8252,NODE,n8252,2,n40,n8251,1,9.000000,17.000000,8.000000,9,1.00,AND2_X1,0.724138,8.000000,40,8251
8253,NODE,n8253,2,n39,n8252,1,10.000000,18.000000,8.000000,10,1.00,AND2_X1,0.724138,8.000000,39,8252
8254,NODE,n8254,2,n36,n8253,1,11.000000,19.000000,8.000000,11,1.00,AND2_X1,0.724138,8.000000,36,8253
8255,NODE,n8255,2,n33,n8254,1,12.000000,20.000000,8.000000,12,1.00,NAND2_X1,0.724138,8.000000,33,8254
8256,NODE,n8256,2,n7910,n8255,1,13.000000,21.000000,8.000000,13,1.00,NAND2_X1,0.724138,8.000000,7910,8255
8257,NODE,n8257,2,pi14,n8256,1,14.000000,22.000000,8.000000,14,1.00,NAND2_X1,0.724138,8.000000,15,8256
8258,NODE,n8258,2,n8241,n8257,1,19.000000,23.000000,4.000000,19,1.00,AND2_X1,0.862069,4.000000,8241,8257
8259,NODE,n8259,2,n755,n4888,1,6.000000,11.000000,5.000000,6,1.00,NAND2_X1,0.827586,5.000000,755,4888
8260,NODE,n8260,2,n5688,n8259,1,7.000000,12.000000,5.000000,7,1.00,NAND2_X1,0.827586,5.000000,5688,8259
8261,NODE,n8261,2,n138,n1037,1,4.000000,10.000000,6.000000,4,1.00,NAND2_X1,0.793103,6.000000,138,1037
8262,NODE,n8262,2,pi01,n1040,1,4.000000,10.000000,6.000000,4,1.00,NAND2_X1,0.793103,6.000000,2,1040
8263,NODE,n8263,2,n8261,n8262,1,5.000000,11.000000,6.000000,5,1.00,AND2_X1,0.793103,6.000000,8261,8262
8264,NODE,n8264,2,n1040,n1833,1,4.000000,11.000000,7.000000,4,1.00,NAND2_X1,0.758621,7.000000,1040,1833
8265,NODE,n8265,2,n8263,n8264,1,6.000000,12.000000,6.000000,6,1.00,NAND2_X1,0.793103,6.000000,8263,8264
8266,NODE,n8266,2,n8260,n8265,1,8.000000,13.000000,5.000000,8,1.00,NAND2_X1,0.827586,5.000000,8260,8265
8267,NODE,n8267,2,n78,n4768,1,4.000000,4.000000,0.000000,4,1.00,NAND2_X1,1.000000,0.000000,78,4768
8268,NODE,n8268,2,n1057,n8267,1,5.000000,5.000000,0.000000,5,1.00,NAND2_X1,1.000000,0.000000,1057,8267
8269,NODE,n8269,2,pi01,n8268,1,6.000000,6.000000,0.000000,6,1.00,NAND2_X1,1.000000,0.000000,2,8268
8270,NODE,n8270,2,n4768,n8269,1,7.000000,7.000000,0.000000,7,1.00,AND2_X1,1.000000,0.000000,4768,8269
8271,NODE,n8271,2,n138,n161,1,6.000000,6.000000,0.000000,6,1.00,NAND2_X1,1.000000,0.000000,138,161
8272,NODE,n8272,2,n7355,n8271,1,7.000000,7.000000,0.000000,7,1.00,AND2_X1,1.000000,0.000000,7355,8271
8273,NODE,n8273,2,n8270,n8272,1,8.000000,8.000000,0.000000,8,1.00,AND2_X1,1.000000,0.000000,8270,8272
8274,NODE,n8274,2,n3394,n8114,1,5.000000,6.000000,1.000000,5,1.00,NAND2_X1,0.965517,1.000000,3394,8114
8275,NODE,n8275,2,n138,n8274,1,6.000000,7.000000,1.000000,6,1.00,NAND2_X1,0.965517,1.000000,138,8274
8276,NODE,n8276,1,n625,,1,5.000000,6.000000,1.000000,5,1.00,INV_X1,0.965517,1.000000,625,-1
8277,NODE,n8277,2,n561,n8276,1,6.000000,7.000000,1.000000,6,1.00,NAND2_X1,0.965517,1.000000,561,8276
8278,NODE,n8278,2,n8275,n8277,1,7.000000,8.000000,1.000000,7,1.00,AND2_X1,0.965517,1.000000,8275,8277
8279,NODE,n8279,2,n8273,n8278,1,9.000000,9.000000,0.000000,9,1.00,NAND2_X1,1.000000,0.000000,8273,8278
8280,NODE,n8280,2,n4019,n8279,1,10.000000,10.000000,0.000000,10,1.00,NAND2_X1,1.000000,0.000000,4019,8279
8281,NODE,n8281,2,n1590,n5972,1,6.000000,7.000000,1.000000,6,1.00,NAND2_X1,0.965517,1.000000,1590,5972
8282,NODE,n8282,2,n1992,n2286,1,5.000000,7.000000,2.000000,5,1.00,NAND2_X1,0.931035,2.000000,1992,2286
8283,NODE,n8283,2,n8281,n8282,1,7.000000,8.000000,1.000000,7,1.00,NAND2_X1,0.965517,1.000000,8281,8282
8284,NODE,n8284,2,n138,n8283,1,8.000000,9.000000,1.000000,8,1.00,NAND2_X1,0.965517,1.000000,138,8283
8285,NODE,n8285,2,pi00,n1998,1,5.000000,8.000000,3.000000,5,1.00,AND2_X1,0.896552,3.000000,1,1998
8286,NODE,n8286,2,n7460,n8285,1,6.000000,9.000000,3.000000,6,1.00,NAND2_X1,0.896552,3.000000,7460,8285
8287,NODE,n8287,2,n8284,n8286,1,9.000000,10.000000,1.000000,9,1.00,AND2_X1,0.965517,1.000000,8284,8286
8288,NODE,n8288,2,n8280,n8287,1,11.000000,11.000000,0.000000,11,1.00,NAND2_X1,1.000000,0.000000,8280,8287
8289,NODE,n8289,2,pi07,n8288,1,12.000000,12.000000,0.000000,12,1.00,NAND2_X1,1.000000,0.000000,8,8288
8290,NODE,n8290,2,n116,n6324,1,5.000000,11.000000,6.000000,5,1.00,AND2_X1,0.793103,6.000000,116,6324
8291,NODE,n8291,2,n4419,n8290,1,6.000000,12.000000,6.000000,6,1.00,NAND2_X1,0.793103,6.000000,4419,8290
8292,NODE,n8292,2,n8289,n8291,1,13.000000,13.000000,0.000000,13,1.00,AND2_X1,1.000000,0.000000,8289,8291
8293,NODE,n8293,2,n8266,n8292,1,14.000000,14.000000,0.000000,14,1.00,NAND2_X1,1.000000,0.000000,8266,8292
8294,NODE,n8294,2,pi09,n8293,1,15.000000,15.000000,0.000000,15,1.00,AND2_X1,1.000000,0.000000,10,8293
8295,NODE,n8295,2,n35,n8294,1,16.000000,16.000000,0.000000,16,1.00,NAND2_X1,1.000000,0.000000,35,8294
8296,NODE,n8296,2,pi15,n7397,1,6.000000,9.000000,3.000000,6,1.00,AND2_X1,0.896552,3.000000,16,7397
8297,NODE,n8297,2,n62,n8296,1,7.000000,10.000000,3.000000,7,1.00,AND2_X1,0.896552,3.000000,62,8296
8298,NODE,n8298,2,pi08,n8297,1,8.000000,11.000000,3.000000,8,1.00,AND2_X1,0.896552,3.000000,9,8297
8299,NODE,n8299,2,pi07,n8298,1,9.000000,12.000000,3.000000,9,1.00,AND2_X1,0.896552,3.000000,8,8298
8300,NODE,n8300,2,n368,n8299,1,10.000000,13.000000,3.000000,10,1.00,AND2_X1,0.896552,3.000000,368,8299
8301,NODE,n8301,2,pi05,n8300,1,11.000000,14.000000,3.000000,11,1.00,AND2_X1,0.896552,3.000000,6,8300
8302,NODE,n8302,2,pi04,n8301,1,12.000000,15.000000,3.000000,12,1.00,AND2_X1,0.896552,3.000000,5,8301
8303,NODE,n8303,2,pi03,n8302,1,13.000000,16.000000,3.000000,13,1.00,NAND2_X1,0.896552,3.000000,4,8302
8304,NODE,n8304,2,n8295,n8303,1,17.000000,17.000000,0.000000,17,1.00,NAND2_X1,1.000000,0.000000,8295,8303
8305,NODE,n8305,2,n40,n8304,1,18.000000,18.000000,0.000000,18,1.00,AND2_X1,1.000000,0.000000,40,8304
8306,NODE,n8306,2,n39,n8305,1,19.000000,19.000000,0.000000,19,1.00,AND2_X1,1.000000,0.000000,39,8305
8307,NODE,n8307,2,n36,n8306,1,20.000000,20.000000,0.000000,20,1.00,AND2_X1,1.000000,0.000000,36,8306
8308,NODE,n8308,2,n33,n8307,1,21.000000,21.000000,0.000000,21,1.00,NAND2_X1,1.000000,0.000000,33,8307
8309,NODE,n8309,1,n1144,,2,5.000000,7.000000,2.000000,5,1.00,INV_X1,0.931035,2.000000,1144,-1
8310,NODE,n8310,2,n951,n8309,1,6.000000,14.000000,8.000000,6,1.00,AND2_X1,0.724138,8.000000,951,8309
8311,NODE,n8311,2,n1467,n1926,1,5.000000,14.000000,9.000000,5,1.00,AND2_X1,0.689655,9.000000,1467,1926
8312,NODE,n8312,2,n8310,n8311,2,7.000000,15.000000,8.000000,7,1.00,NAND2_X1,0.724138,8.000000,8310,8311
8313,NODE,n8313,1,n8312,,1,8.000000,20.000000,12.000000,8,1.00,INV_X1,0.586207,12.000000,8312,-1
8314,NODE,n8314,2,pi09,n8313,1,9.000000,21.000000,12.000000,9,1.00,NAND2_X1,0.586207,12.000000,10,8313
8315,NODE,n8315,2,n8308,n8314,1,22.000000,22.000000,0.000000,22,1.00,NAND2_X1,1.000000,0.000000,8308,8314
8316,NODE,n8316,2,pi14,n8315,1,23.000000,23.000000,0.000000,23,1.00,NAND2_X1,1.000000,0.000000,15,8315
8317,NODE,n8317,2,n8258,n8316,1,24.000000,24.000000,0.000000,24,1.00,NAND2_X1,1.000000,0.000000,8258,8316
8318,NODE,n8318,2,pi12,n923,1,3.000000,7.000000,4.000000,3,1.00,AND2_X1,0.862069,4.000000,13,923
8319,NODE,n8319,2,n62,n8318,1,4.000000,8.000000,4.000000,4,1.00,AND2_X1,0.862069,4.000000,62,8318
8320,NODE,n8320,2,n66,n8319,1,5.000000,9.000000,4.000000,5,1.00,NAND2_X1,0.862069,4.000000,66,8319
8321,NODE,n8321,2,n7507,n8320,1,9.000000,10.000000,1.000000,9,1.00,AND2_X1,0.965517,1.000000,7507,8320
8322,NODE,n8322,2,pi09,n7511,1,5.000000,7.000000,2.000000,5,1.00,NAND2_X1,0.931035,2.000000,10,7511
8323,NODE,n8323,2,n207,n7509,1,4.000000,7.000000,3.000000,4,1.00,NAND2_X1,0.896552,3.000000,207,7509
8324,NODE,n8324,2,n8322,n8323,1,6.000000,8.000000,2.000000,6,1.00,NAND2_X1,0.931035,2.000000,8322,8323
8325,NODE,n8325,2,n790,n8324,1,7.000000,9.000000,2.000000,7,1.00,NAND2_X1,0.931035,2.000000,790,8324
8326,NODE,n8326,2,n1284,n8325,1,8.000000,10.000000,2.000000,8,1.00,AND2_X1,0.931035,2.000000,1284,8325
8327,NODE,n8327,2,n8321,n8326,1,10.000000,11.000000,1.000000,10,1.00,AND2_X1,0.965517,1.000000,8321,8326
8328,NODE,n8328,2,n61,n2090,1,6.000000,11.000000,5.000000,6,1.00,NAND2_X1,0.827586,5.000000,61,2090
8329,NODE,n8329,2,n8327,n8328,1,11.000000,12.000000,1.000000,11,1.00,AND2_X1,0.965517,1.000000,8327,8328
8330,NODE,n8330,2,n8180,n8185,1,10.000000,11.000000,1.000000,10,1.00,NAND2_X1,0.965517,1.000000,8180,8185
8331,NODE,n8331,2,pi09,n8330,1,11.000000,12.000000,1.000000,11,1.00,NAND2_X1,0.965517,1.000000,10,8330
8332,NODE,n8332,2,n8329,n8331,1,12.000000,13.000000,1.000000,12,1.00,AND2_X1,0.965517,1.000000,8329,8331
8333,NODE,n8333,2,n7346,n7752,1,6.000000,6.000000,0.000000,6,1.00,NAND2_X1,1.000000,0.000000,7346,7752
8334,NODE,n8334,2,pi07,n8333,1,7.000000,7.000000,0.000000,7,1.00,AND2_X1,1.000000,0.000000,8,8333
8335,NODE,n8335,2,pi01,n8334,1,8.000000,8.000000,0.000000,8,1.00,NAND2_X1,1.000000,0.000000,2,8334
8336,NODE,n8336,2,n878,n4059,1,4.000000,7.000000,3.000000,4,1.00,AND2_X1,0.896552,3.000000,878,4059
8337,NODE,n8337,2,n7636,n8336,1,5.000000,8.000000,3.000000,5,1.00,NAND2_X1,0.896552,3.000000,7636,8336
8338,NODE,n8338,2,n8335,n8337,1,9.000000,9.000000,0.000000,9,1.00,NAND2_X1,1.000000,0.000000,8335,8337
8339,NODE,n8339,2,n78,n8338,1,10.000000,10.000000,0.000000,10,1.00,NAND2_X1,1.000000,0.000000,78,8338
8340,NODE,n8340,1,n7754,,1,5.000000,9.000000,4.000000,5,1.00,INV_X1,0.862069,4.000000,7754,-1
8341,NODE,n8341,2,n614,n689,1,4.000000,9.000000,5.000000,4,1.00,AND2_X1,0.827586,5.000000,614,689
8342,NODE,n8342,2,n8340,n8341,1,6.000000,10.000000,4.000000,6,1.00,NAND2_X1,0.862069,4.000000,8340,8341
8343,NODE,n8343,2,n8339,n8342,1,11.000000,11.000000,0.000000,11,1.00,NAND2_X1,1.000000,0.000000,8339,8342
8344,NODE,n8344,2,pi14,n8343,1,12.000000,12.000000,0.000000,12,1.00,AND2_X1,1.000000,0.000000,15,8343
8345,NODE,n8345,2,pi09,n8344,1,13.000000,13.000000,0.000000,13,1.00,NAND2_X1,1.000000,0.000000,10,8344
8346,NODE,n8346,2,n8332,n8345,1,14.000000,14.000000,0.000000,14,1.00,AND2_X1,1.000000,0.000000,8332,8345
8347,NODE,n8347,2,n978,n1701,1,4.000000,4.000000,0.000000,4,1.00,NAND2_X1,1.000000,0.000000,978,1701
8348,NODE,n8348,2,n177,n981,1,4.000000,4.000000,0.000000,4,1.00,NAND2_X1,1.000000,0.000000,177,981
8349,NODE,n8349,2,n8347,n8348,1,5.000000,5.000000,0.000000,5,1.00,AND2_X1,1.000000,0.000000,8347,8348
8350,NODE,n8350,2,n154,n978,1,4.000000,4.000000,0.000000,4,1.00,AND2_X1,1.000000,0.000000,154,978
8351,NODE,n8351,2,n1833,n8350,1,5.000000,5.000000,0.000000,5,1.00,NAND2_X1,1.000000,0.000000,1833,8350
8352,NODE,n8352,2,n8349,n8351,1,6.000000,6.000000,0.000000,6,1.00,NAND2_X1,1.000000,0.000000,8349,8351
8353,NODE,n8353,2,n40,n8352,1,7.000000,7.000000,0.000000,7,1.00,AND2_X1,1.000000,0.000000,40,8352
8354,NODE,n8354,2,n39,n8353,1,8.000000,8.000000,0.000000,8,1.00,AND2_X1,1.000000,0.000000,39,8353
8355,NODE,n8355,2,n36,n8354,1,9.000000,9.000000,0.000000,9,1.00,AND2_X1,1.000000,0.000000,36,8354
8356,NODE,n8356,2,n33,n8355,1,10.000000,10.000000,0.000000,10,1.00,AND2_X1,1.000000,0.000000,33,8355
8357,NODE,n8357,2,n35,n8356,1,11.000000,11.000000,0.000000,11,1.00,NAND2_X1,1.000000,0.000000,35,8356
8358,NODE,n8358,2,pi02,n127,1,3.000000,9.000000,6.000000,3,1.00,AND2_X1,0.793103,6.000000,3,127
8359,NODE,n8359,2,n619,n8358,1,4.000000,10.000000,6.000000,4,1.00,AND2_X1,0.793103,6.000000,619,8358
8360,NODE,n8360,2,n7115,n8359,1,5.000000,11.000000,6.000000,5,1.00,NAND2_X1,0.793103,6.000000,7115,8359
8361,NODE,n8361,2,n8357,n8360,1,12.000000,12.000000,0.000000,12,1.00,NAND2_X1,1.000000,0.000000,8357,8360
8362,NODE,n8362,2,pi14,n8361,1,13.000000,13.000000,0.000000,13,1.00,AND2_X1,1.000000,0.000000,15,8361
8363,NODE,n8363,2,pi09,n8362,1,14.000000,14.000000,0.000000,14,1.00,NAND2_X1,1.000000,0.000000,10,8362
8364,NODE,n8364,2,n8346,n8363,1,15.000000,15.000000,0.000000,15,1.00,AND2_X1,1.000000,0.000000,8346,8363
8365,NODE,n8365,2,n335,n2660,1,5.000000,6.000000,1.000000,5,1.00,NAND2_X1,0.965517,1.000000,335,2660
8366,NODE,n8366,2,n2660,n4863,1,5.000000,5.000000,0.000000,5,1.00,NAND2_X1,1.000000,0.000000,2660,4863
8367,NODE,n8367,2,n340,n981,2,4.000000,4.000000,0.000000,4,1.00,AND2_X1,1.000000,0.000000,340,981
8368,NODE,n8368,2,pi03,n8367,1,5.000000,5.000000,0.000000,5,1.00,NAND2_X1,1.000000,0.000000,4,8367
8369,NODE,n8369,2,n8366,n8368,1,6.000000,6.000000,0.000000,6,1.00,AND2_X1,1.000000,0.000000,8366,8368
8370,NODE,n8370,2,n8365,n8369,1,7.000000,7.000000,0.000000,7,1.00,NAND2_X1,1.000000,0.000000,8365,8369
8371,NODE,n8371,2,n40,n8370,1,8.000000,8.000000,0.000000,8,1.00,AND2_X1,1.000000,0.000000,40,8370
8372,NODE,n8372,2,n39,n8371,1,9.000000,9.000000,0.000000,9,1.00,AND2_X1,1.000000,0.000000,39,8371
8373,NODE,n8373,2,n36,n8372,1,10.000000,10.000000,0.000000,10,1.00,AND2_X1,1.000000,0.000000,36,8372
8374,NODE,n8374,2,n33,n8373,1,11.000000,11.000000,0.000000,11,1.00,AND2_X1,1.000000,0.000000,33,8373
8375,NODE,n8375,2,n35,n8374,1,12.000000,12.000000,0.000000,12,1.00,NAND2_X1,1.000000,0.000000,35,8374
8376,NODE,n8376,2,n154,n1518,1,3.000000,10.000000,7.000000,3,1.00,AND2_X1,0.758621,7.000000,154,1518
8377,NODE,n8377,2,n619,n8376,1,4.000000,11.000000,7.000000,4,1.00,AND2_X1,0.758621,7.000000,619,8376
8378,NODE,n8378,2,n7347,n8377,1,7.000000,12.000000,5.000000,7,1.00,NAND2_X1,0.827586,5.000000,7347,8377
8379,NODE,n8379,2,n8375,n8378,1,13.000000,13.000000,0.000000,13,1.00,NAND2_X1,1.000000,0.000000,8375,8378
8380,NODE,n8380,2,pi14,n8379,1,14.000000,14.000000,0.000000,14,1.00,AND2_X1,1.000000,0.000000,15,8379
8381,NODE,n8381,2,pi09,n8380,1,15.000000,15.000000,0.000000,15,1.00,NAND2_X1,1.000000,0.000000,10,8380
8382,NODE,n8382,2,n8364,n8381,1,16.000000,16.000000,0.000000,16,1.00,AND2_X1,1.000000,0.000000,8364,8381
8383,NODE,n8383,2,n8032,n7460,1,6.000000,6.000000,0.000000,6,1.00,NAND2_X1,1.000000,0.000000,8032,7460
8384,NODE,n8384,1,n2282,,1,5.000000,5.000000,0.000000,5,1.00,INV_X1,1.000000,0.000000,2282,-1
8385,NODE,n8385,2,n8384,n4251,1,6.000000,6.000000,0.000000,6,1.00,NAND2_X1,1.000000,0.000000,8384,4251
8386,NODE,n8386,2,n8383,n8385,1,7.000000,7.000000,0.000000,7,1.00,AND2_X1,1.000000,0.000000,8383,8385
8387,NODE,n8387,1,n8029,,1,5.000000,6.000000,1.000000,5,1.00,INV_X1,0.965517,1.000000,8029,-1
8388,NODE,n8388,2,n4863,n8387,1,6.000000,7.000000,1.000000,6,1.00,NAND2_X1,0.965517,1.000000,4863,8387
8389,NODE,n8389,2,n8386,n8388,1,8.000000,8.000000,0.000000,8,1.00,NAND2_X1,1.000000,0.000000,8386,8388
8390,NODE,n8390,2,n40,n8389,1,9.000000,9.000000,0.000000,9,1.00,AND2_X1,1.000000,0.000000,40,8389
8391,NODE,n8391,2,n39,n8390,1,10.000000,10.000000,0.000000,10,1.00,AND2_X1,1.000000,0.000000,39,8390
8392,NODE,n8392,2,n36,n8391,1,11.000000,11.000000,0.000000,11,1.00,AND2_X1,1.000000,0.000000,36,8391
8393,NODE,n8393,2,n33,n8392,1,12.000000,12.000000,0.000000,12,1.00,AND2_X1,1.000000,0.000000,33,8392
8394,NODE,n8394,2,n35,n8393,1,13.000000,13.000000,0.000000,13,1.00,NAND2_X1,1.000000,0.000000,35,8393
8395,NODE,n8395,2,n7347,n7833,1,7.000000,13.000000,6.000000,7,1.00,NAND2_X1,0.793103,6.000000,7347,7833
8396,NODE,n8396,2,n8394,n8395,1,14.000000,14.000000,0.000000,14,1.00,NAND2_X1,1.000000,0.000000,8394,8395
8397,NODE,n8397,2,pi14,n8396,1,15.000000,15.000000,0.000000,15,1.00,AND2_X1,1.000000,0.000000,15,8396
8398,NODE,n8398,2,pi09,n8397,1,16.000000,16.000000,0.000000,16,1.00,NAND2_X1,1.000000,0.000000,10,8397
8399,NODE,n8399,2,n8382,n8398,1,17.000000,17.000000,0.000000,17,1.00,AND2_X1,1.000000,0.000000,8382,8398
8400,NODE,n8400,2,n594,n978,2,4.000000,6.000000,2.000000,4,1.00,AND2_X1,0.931035,2.000000,594,978
8401,NODE,n8401,2,n7460,n8400,1,5.000000,7.000000,2.000000,5,1.00,NAND2_X1,0.931035,2.000000,7460,8400
8402,NODE,n8402,2,n4251,n4983,1,5.000000,7.000000,2.000000,5,1.00,NAND2_X1,0.931035,2.000000,4251,4983
8403,NODE,n8403,2,n8401,n8402,1,6.000000,8.000000,2.000000,6,1.00,AND2_X1,0.931035,2.000000,8401,8402
8404,NODE,n8404,2,n1052,n1833,2,4.000000,7.000000,3.000000,4,1.00,AND2_X1,0.896552,3.000000,1052,1833
8405,NODE,n8405,2,n8400,n8404,1,5.000000,8.000000,3.000000,5,1.00,NAND2_X1,0.896552,3.000000,8400,8404
8406,NODE,n8406,2,n8403,n8405,1,7.000000,9.000000,2.000000,7,1.00,NAND2_X1,0.931035,2.000000,8403,8405
8407,NODE,n8407,2,n40,n8406,1,8.000000,10.000000,2.000000,8,1.00,AND2_X1,0.931035,2.000000,40,8406
8408,NODE,n8408,2,n39,n8407,1,9.000000,11.000000,2.000000,9,1.00,AND2_X1,0.931035,2.000000,39,8407
8409,NODE,n8409,2,n36,n8408,1,10.000000,12.000000,2.000000,10,1.00,AND2_X1,0.931035,2.000000,36,8408
8410,NODE,n8410,2,n33,n8409,1,11.000000,13.000000,2.000000,11,1.00,AND2_X1,0.931035,2.000000,33,8409
8411,NODE,n8411,2,n35,n8410,1,12.000000,14.000000,2.000000,12,1.00,NAND2_X1,0.931035,2.000000,35,8410
8412,NODE,n8412,2,n951,n7169,1,7.000000,13.000000,6.000000,7,1.00,AND2_X1,0.793103,6.000000,951,7169
8413,NODE,n8413,2,n1467,n8412,1,8.000000,14.000000,6.000000,8,1.00,NAND2_X1,0.793103,6.000000,1467,8412
8414,NODE,n8414,2,n8411,n8413,1,13.000000,15.000000,2.000000,13,1.00,NAND2_X1,0.931035,2.000000,8411,8413
8415,NODE,n8415,2,pi14,n8414,1,14.000000,16.000000,2.000000,14,1.00,AND2_X1,0.931035,2.000000,15,8414
8416,NODE,n8416,2,pi09,n8415,1,15.000000,17.000000,2.000000,15,1.00,NAND2_X1,0.931035,2.000000,10,8415
8417,NODE,n8417,2,n8399,n8416,1,18.000000,18.000000,0.000000,18,1.00,AND2_X1,1.000000,0.000000,8399,8416
8418,NODE,n8418,2,n8309,n8367,1,6.000000,8.000000,2.000000,6,1.00,NAND2_X1,0.931035,2.000000,8309,8367
8419,NODE,n8419,1,n2871,,1,5.000000,7.000000,2.000000,5,1.00,INV_X1,0.931035,2.000000,2871,-1
8420,NODE,n8420,2,n978,n2286,1,4.000000,7.000000,3.000000,4,1.00,AND2_X1,0.896552,3.000000,978,2286
8421,NODE,n8421,2,n8419,n8420,1,6.000000,8.000000,2.000000,6,1.00,NAND2_X1,0.931035,2.000000,8419,8420
8422,NODE,n8422,2,n8418,n8421,1,7.000000,9.000000,2.000000,7,1.00,AND2_X1,0.931035,2.000000,8418,8421
8423,NODE,n8423,1,n5825,,1,6.000000,8.000000,2.000000,6,1.00,INV_X1,0.931035,2.000000,5825,-1
8424,NODE,n8424,2,n8423,n8404,1,7.000000,9.000000,2.000000,7,1.00,NAND2_X1,0.931035,2.000000,8423,8404
8425,NODE,n8425,2,n8422,n8424,1,8.000000,10.000000,2.000000,8,1.00,NAND2_X1,0.931035,2.000000,8422,8424
8426,NODE,n8426,2,n40,n8425,1,9.000000,11.000000,2.000000,9,1.00,AND2_X1,0.931035,2.000000,40,8425
8427,NODE,n8427,2,n39,n8426,1,10.000000,12.000000,2.000000,10,1.00,AND2_X1,0.931035,2.000000,39,8426
8428,NODE,n8428,2,n36,n8427,1,11.000000,13.000000,2.000000,11,1.00,AND2_X1,0.931035,2.000000,36,8427
8429,NODE,n8429,2,n33,n8428,1,12.000000,14.000000,2.000000,12,1.00,AND2_X1,0.931035,2.000000,33,8428
8430,NODE,n8430,2,n35,n8429,1,13.000000,15.000000,2.000000,13,1.00,NAND2_X1,0.931035,2.000000,35,8429
8431,NODE,n8431,2,n8312,n8430,1,14.000000,16.000000,2.000000,14,1.00,NAND2_X1,0.931035,2.000000,8312,8430
8432,NODE,n8432,2,pi14,n8431,1,15.000000,17.000000,2.000000,15,1.00,AND2_X1,0.931035,2.000000,15,8431
8433,NODE,n8433,2,pi09,n8432,1,16.000000,18.000000,2.000000,16,1.00,NAND2_X1,0.931035,2.000000,10,8432
8434,NODE,n8434,2,n8417,n8433,1,19.000000,19.000000,0.000000,19,1.00,NAND2_X1,1.000000,0.000000,8417,8433
8435,NODE,n8435,2,n44,n5525,1,6.000000,6.000000,0.000000,6,1.00,NAND2_X1,1.000000,0.000000,44,5525
8436,NODE,n8436,2,n790,n8435,1,7.000000,7.000000,0.000000,7,1.00,NAND2_X1,1.000000,0.000000,790,8435
8437,NODE,n8437,2,n8187,n8436,1,8.000000,8.000000,0.000000,8,1.00,AND2_X1,1.000000,0.000000,8187,8436
8438,NODE,n8438,2,n8010,n8437,1,9.000000,9.000000,0.000000,9,1.00,AND2_X1,1.000000,0.000000,8010,8437
8439,NODE,n8439,2,n8013,n8438,1,10.000000,10.000000,0.000000,10,1.00,AND2_X1,1.000000,0.000000,8013,8438
8440,NODE,n8440,2,n45,n1282,2,3.000000,6.000000,3.000000,3,1.00,AND2_X1,0.896552,3.000000,45,1282
8441,NODE,n8441,2,pi10,n8440,1,4.000000,7.000000,3.000000,4,1.00,AND2_X1,0.896552,3.000000,11,8440
8442,NODE,n8442,2,n178,n8441,1,5.000000,8.000000,3.000000,5,1.00,AND2_X1,0.896552,3.000000,178,8441
8443,NODE,n8443,2,n127,n8442,2,6.000000,9.000000,3.000000,6,1.00,AND2_X1,0.896552,3.000000,127,8442
8444,NODE,n8444,2,n6644,n8443,1,7.000000,10.000000,3.000000,7,1.00,NAND2_X1,0.896552,3.000000,6644,8443
8445,NODE,n8445,2,n8439,n8444,1,11.000000,11.000000,0.000000,11,1.00,AND2_X1,1.000000,0.000000,8439,8444
8446,NODE,n8446,1,n641,,1,5.000000,10.000000,5.000000,5,1.00,INV_X1,0.827586,5.000000,641,-1
8447,NODE,n8447,2,n340,n8443,1,7.000000,10.000000,3.000000,7,1.00,AND2_X1,0.896552,3.000000,340,8443
8448,NODE,n8448,2,n8446,n8447,1,8.000000,11.000000,3.000000,8,1.00,NAND2_X1,0.896552,3.000000,8446,8447
8449,NODE,n8449,2,n8445,n8448,1,12.000000,12.000000,0.000000,12,1.00,AND2_X1,1.000000,0.000000,8445,8448
8450,NODE,n8450,2,n4699,n8440,2,4.000000,11.000000,7.000000,4,1.00,AND2_X1,0.758621,7.000000,4699,8440
8451,NODE,n8451,2,n7909,n8450,1,7.000000,12.000000,5.000000,7,1.00,NAND2_X1,0.827586,5.000000,7909,8450
8452,NODE,n8452,2,n8449,n8451,1,13.000000,13.000000,0.000000,13,1.00,AND2_X1,1.000000,0.000000,8449,8451
8453,NODE,n8453,2,n116,n771,1,4.000000,11.000000,7.000000,4,1.00,AND2_X1,0.758621,7.000000,116,771
8454,NODE,n8454,2,n4419,n8453,1,5.000000,12.000000,7.000000,5,1.00,AND2_X1,0.758621,7.000000,4419,8453
8455,NODE,n8455,2,n8450,n8454,1,6.000000,13.000000,7.000000,6,1.00,NAND2_X1,0.758621,7.000000,8450,8454
8456,NODE,n8456,2,n8452,n8455,1,14.000000,14.000000,0.000000,14,1.00,NAND2_X1,1.000000,0.000000,8452,8455
8457,NODE,n8457,0,,,1,0.000000,0.000000,0.000000,0,1.00,_const0_,1.000000,0.000000,-1,-1
